94.0	980.099
94.000040816	983.736
94.000122449	991.663
94.000251701	1006.47
94.000292517	1022.12
94.000333333	1033.54
94.00037415	1045.74
94.000414966	1077.86
94.000462585	1102.76
94.000503401	1123.38
94.00052381	1149.33
94.000544218	1332.89
94.000585034	1368.75
94.00062585	1460.42
94.000639456	1575.64
94.000646259	1720.0
94.000659864	1757.57
94.000680272	1854.56
94.00070068	1949.66
94.000734694	2203.16
94.000755102	2304.73
94.00077551	2431.9
94.000789116	2658.01
94.000809524	2785.69
94.000829932	2843.03
94.000843537	3266.7
94.000863946	3972.87
94.000870748	4220.66
94.000891156	5032.63
94.000911565	5832.79
94.000931973	6924.92
94.000952381	8298.02
94.000972789	9906.62
94.0010068	11112.1
94.0010136	11368.9
94.00104082	11638.7
94.00105442	11827.1
94.00107483	11907.7
94.00111565	11988.8
94.00122449	11907.7
94.0012585	11560.0
94.00129252	11411.1
94.00133333	11153.3
94.00136735	10236.1
94.00140136	9279.07
94.00144218	8380.39
94.00147619	7743.63
94.0015102	6835.71
94.00155102	6277.45
94.00158503	5725.75
94.00161905	5466.68
94.00165986	4970.87
94.00169388	4459.06
94.00172789	4148.32
94.00176871	3885.54
94.00180272	3614.77
94.00183673	3419.4
94.00187075	3088.23
94.00191157	2910.52
94.00194558	2778.82
94.00197959	2646.54
94.00202041	2501.96
94.00205442	2357.98
94.00208843	2252.68
94.00212925	2123.05
94.00216327	1975.1
94.00219728	1819.4
94.00223809	1748.92
94.00227211	1638.13
94.00230612	1543.86
94.00238095	1427.44
94.0024898	1316.53
94.00256463	1249.23
94.00263265	1200.83
94.0027415	1143.67
94.00285034	1102.76
94.00295918	1070.56
94.00306803	1039.3
94.00321088	1015.83
94.00331973	999.037
94.00342857	986.168
94.00353742	973.465
94.00361224	966.877
94.00372109	957.373
94.00386395	951.48
94.00404762	942.128
94.00419048	932.867
94.00437415	926.554
94.00455102	923.698
94.00484354	920.283
94.005	920.283
218.0	980.099
218.000040816	983.736
218.000122449	991.663
218.000251701	1006.47
218.000292517	1022.12
218.000333333	1033.54
218.00037415	1045.74
218.000414966	1077.86
218.000462585	1102.76
218.000503401	1123.38
218.00052381	1149.33
218.000544218	1332.89
218.000585034	1368.75
218.00062585	1460.42
218.000639456	1575.64
218.000646259	1720.0
218.000659864	1757.57
218.000680272	1854.56
218.00070068	1949.66
218.000734694	2203.16
218.000755102	2304.73
218.00077551	2431.9
218.000789116	2658.01
218.000809524	2785.69
218.000829932	2843.03
218.000843537	3266.7
218.000863946	3972.87
218.000870748	4220.66
218.000891156	5032.63
218.000911565	5832.79
218.000931973	6924.92
218.000952381	8298.02
218.000972789	9906.62
218.0010068	11112.1
218.0010136	11368.9
218.00104082	11638.7
218.00105442	11827.1
218.00107483	11907.7
218.00111565	11988.8
218.00122449	11907.7
218.0012585	11560.0
218.00129252	11411.1
218.00133333	11153.3
218.00136735	10236.1
218.00140136	9279.07
218.00144218	8380.39
218.00147619	7743.63
218.0015102	6835.71
218.00155102	6277.45
218.00158503	5725.75
218.00161905	5466.68
218.00165986	4970.87
218.00169388	4459.06
218.00172789	4148.32
218.00176871	3885.54
218.00180272	3614.77
218.00183673	3419.4
218.00187075	3088.23
218.00191157	2910.52
218.00194558	2778.82
218.00197959	2646.54
218.00202041	2501.96
218.00205442	2357.98
218.00208843	2252.68
218.00212925	2123.05
218.00216327	1975.1
218.00219728	1819.4
218.00223809	1748.92
218.00227211	1638.13
218.00230612	1543.86
218.00238095	1427.44
218.0024898	1316.53
218.00256463	1249.23
218.00263265	1200.83
218.0027415	1143.67
218.00285034	1102.76
218.00295918	1070.56
218.00306803	1039.3
218.00321088	1015.83
218.00331973	999.037
218.00342857	986.168
218.00353742	973.465
218.00361224	966.877
218.00372109	957.373
218.00386395	951.48
218.00404762	942.128
218.00419048	932.867
218.00437415	926.554
218.00455102	923.698
218.00484354	920.283
218.005	920.283
298.0	980.099
298.000040816	983.736
298.000122449	991.663
298.000251701	1006.47
298.000292517	1022.12
298.000333333	1033.54
298.00037415	1045.74
298.000414966	1077.86
298.000462585	1102.76
298.000503401	1123.38
298.00052381	1149.33
298.000544218	1332.89
298.000585034	1368.75
298.00062585	1460.42
298.000639456	1575.64
298.000646259	1720.0
298.000659864	1757.57
298.000680272	1854.56
298.00070068	1949.66
298.000734694	2203.16
298.000755102	2304.73
298.00077551	2431.9
298.000789116	2658.01
298.000809524	2785.69
298.000829932	2843.03
298.000843537	3266.7
298.000863946	3972.87
298.000870748	4220.66
298.000891156	5032.63
298.000911565	5832.79
298.000931973	6924.92
298.000952381	8298.02
298.000972789	9906.62
298.0010068	11112.1
298.0010136	11368.9
298.00104082	11638.7
298.00105442	11827.1
298.00107483	11907.7
298.00111565	11988.8
298.00122449	11907.7
298.0012585	11560.0
298.00129252	11411.1
298.00133333	11153.3
298.00136735	10236.1
298.00140136	9279.07
298.00144218	8380.39
298.00147619	7743.63
298.0015102	6835.71
298.00155102	6277.45
298.00158503	5725.75
298.00161905	5466.68
298.00165986	4970.87
298.00169388	4459.06
298.00172789	4148.32
298.00176871	3885.54
298.00180272	3614.77
298.00183673	3419.4
298.00187075	3088.23
298.00191157	2910.52
298.00194558	2778.82
298.00197959	2646.54
298.00202041	2501.96
298.00205442	2357.98
298.00208843	2252.68
298.00212925	2123.05
298.00216327	1975.1
298.00219728	1819.4
298.00223809	1748.92
298.00227211	1638.13
298.00230612	1543.86
298.00238095	1427.44
298.0024898	1316.53
298.00256463	1249.23
298.00263265	1200.83
298.0027415	1143.67
298.00285034	1102.76
298.00295918	1070.56
298.00306803	1039.3
298.00321088	1015.83
298.00331973	999.037
298.00342857	986.168
298.00353742	973.465
298.00361224	966.877
298.00372109	957.373
298.00386395	951.48
298.00404762	942.128
298.00419048	932.867
298.00437415	926.554
298.00455102	923.698
298.00484354	920.283
298.005	920.283
407.0	980.099
407.000040816	983.736
407.000122449	991.663
407.000251701	1006.47
407.000292517	1022.12
407.000333333	1033.54
407.00037415	1045.74
407.000414966	1077.86
407.000462585	1102.76
407.000503401	1123.38
407.00052381	1149.33
407.000544218	1332.89
407.000585034	1368.75
407.00062585	1460.42
407.000639456	1575.64
407.000646259	1720.0
407.000659864	1757.57
407.000680272	1854.56
407.00070068	1949.66
407.000734694	2203.16
407.000755102	2304.73
407.00077551	2431.9
407.000789116	2658.01
407.000809524	2785.69
407.000829932	2843.03
407.000843537	3266.7
407.000863946	3972.87
407.000870748	4220.66
407.000891156	5032.63
407.000911565	5832.79
407.000931973	6924.92
407.000952381	8298.02
407.000972789	9906.62
407.0010068	11112.1
407.0010136	11368.9
407.00104082	11638.7
407.00105442	11827.1
407.00107483	11907.7
407.00111565	11988.8
407.00122449	11907.7
407.0012585	11560.0
407.00129252	11411.1
407.00133333	11153.3
407.00136735	10236.1
407.00140136	9279.07
407.00144218	8380.39
407.00147619	7743.63
407.0015102	6835.71
407.00155102	6277.45
407.00158503	5725.75
407.00161905	5466.68
407.00165986	4970.87
407.00169388	4459.06
407.00172789	4148.32
407.00176871	3885.54
407.00180272	3614.77
407.00183673	3419.4
407.00187075	3088.23
407.00191157	2910.52
407.00194558	2778.82
407.00197959	2646.54
407.00202041	2501.96
407.00205442	2357.98
407.00208843	2252.68
407.00212925	2123.05
407.00216327	1975.1
407.00219728	1819.4
407.00223809	1748.92
407.00227211	1638.13
407.00230612	1543.86
407.00238095	1427.44
407.0024898	1316.53
407.00256463	1249.23
407.00263265	1200.83
407.0027415	1143.67
407.00285034	1102.76
407.00295918	1070.56
407.00306803	1039.3
407.00321088	1015.83
407.00331973	999.037
407.00342857	986.168
407.00353742	973.465
407.00361224	966.877
407.00372109	957.373
407.00386395	951.48
407.00404762	942.128
407.00419048	932.867
407.00437415	926.554
407.00455102	923.698
407.00484354	920.283
407.005	920.283
496.0	980.099
496.000040816	983.736
496.000122449	991.663
496.000251701	1006.47
496.000292517	1022.12
496.000333333	1033.54
496.00037415	1045.74
496.000414966	1077.86
496.000462585	1102.76
496.000503401	1123.38
496.00052381	1149.33
496.000544218	1332.89
496.000585034	1368.75
496.00062585	1460.42
496.000639456	1575.64
496.000646259	1720.0
496.000659864	1757.57
496.000680272	1854.56
496.00070068	1949.66
496.000734694	2203.16
496.000755102	2304.73
496.00077551	2431.9
496.000789116	2658.01
496.000809524	2785.69
496.000829932	2843.03
496.000843537	3266.7
496.000863946	3972.87
496.000870748	4220.66
496.000891156	5032.63
496.000911565	5832.79
496.000931973	6924.92
496.000952381	8298.02
496.000972789	9906.62
496.0010068	11112.1
496.0010136	11368.9
496.00104082	11638.7
496.00105442	11827.1
496.00107483	11907.7
496.00111565	11988.8
496.00122449	11907.7
496.0012585	11560.0
496.00129252	11411.1
496.00133333	11153.3
496.00136735	10236.1
496.00140136	9279.07
496.00144218	8380.39
496.00147619	7743.63
496.0015102	6835.71
496.00155102	6277.45
496.00158503	5725.75
496.00161905	5466.68
496.00165986	4970.87
496.00169388	4459.06
496.00172789	4148.32
496.00176871	3885.54
496.00180272	3614.77
496.00183673	3419.4
496.00187075	3088.23
496.00191157	2910.52
496.00194558	2778.82
496.00197959	2646.54
496.00202041	2501.96
496.00205442	2357.98
496.00208843	2252.68
496.00212925	2123.05
496.00216327	1975.1
496.00219728	1819.4
496.00223809	1748.92
496.00227211	1638.13
496.00230612	1543.86
496.00238095	1427.44
496.0024898	1316.53
496.00256463	1249.23
496.00263265	1200.83
496.0027415	1143.67
496.00285034	1102.76
496.00295918	1070.56
496.00306803	1039.3
496.00321088	1015.83
496.00331973	999.037
496.00342857	986.168
496.00353742	973.465
496.00361224	966.877
496.00372109	957.373
496.00386395	951.48
496.00404762	942.128
496.00419048	932.867
496.00437415	926.554
496.00455102	923.698
496.00484354	920.283
496.005	920.283
597.0	980.099
597.000040816	983.736
597.000122449	991.663
597.000251701	1006.47
597.000292517	1022.12
597.000333333	1033.54
597.00037415	1045.74
597.000414966	1077.86
597.000462585	1102.76
597.000503401	1123.38
597.00052381	1149.33
597.000544218	1332.89
597.000585034	1368.75
597.00062585	1460.42
597.000639456	1575.64
597.000646259	1720.0
597.000659864	1757.57
597.000680272	1854.56
597.00070068	1949.66
597.000734694	2203.16
597.000755102	2304.73
597.00077551	2431.9
597.000789116	2658.01
597.000809524	2785.69
597.000829932	2843.03
597.000843537	3266.7
597.000863946	3972.87
597.000870748	4220.66
597.000891156	5032.63
597.000911565	5832.79
597.000931973	6924.92
597.000952381	8298.02
597.000972789	9906.62
597.0010068	11112.1
597.0010136	11368.9
597.00104082	11638.7
597.00105442	11827.1
597.00107483	11907.7
597.00111565	11988.8
597.00122449	11907.7
597.0012585	11560.0
597.00129252	11411.1
597.00133333	11153.3
597.00136735	10236.1
597.00140136	9279.07
597.00144218	8380.39
597.00147619	7743.63
597.0015102	6835.71
597.00155102	6277.45
597.00158503	5725.75
597.00161905	5466.68
597.00165986	4970.87
597.00169388	4459.06
597.00172789	4148.32
597.00176871	3885.54
597.00180272	3614.77
597.00183673	3419.4
597.00187075	3088.23
597.00191157	2910.52
597.00194558	2778.82
597.00197959	2646.54
597.00202041	2501.96
597.00205442	2357.98
597.00208843	2252.68
597.00212925	2123.05
597.00216327	1975.1
597.00219728	1819.4
597.00223809	1748.92
597.00227211	1638.13
597.00230612	1543.86
597.00238095	1427.44
597.0024898	1316.53
597.00256463	1249.23
597.00263265	1200.83
597.0027415	1143.67
597.00285034	1102.76
597.00295918	1070.56
597.00306803	1039.3
597.00321088	1015.83
597.00331973	999.037
597.00342857	986.168
597.00353742	973.465
597.00361224	966.877
597.00372109	957.373
597.00386395	951.48
597.00404762	942.128
597.00419048	932.867
597.00437415	926.554
597.00455102	923.698
597.00484354	920.283
597.005	920.283
673.0	980.099
673.000040816	983.736
673.000122449	991.663
673.000251701	1006.47
673.000292517	1022.12
673.000333333	1033.54
673.00037415	1045.74
673.000414966	1077.86
673.000462585	1102.76
673.000503401	1123.38
673.00052381	1149.33
673.000544218	1332.89
673.000585034	1368.75
673.00062585	1460.42
673.000639456	1575.64
673.000646259	1720.0
673.000659864	1757.57
673.000680272	1854.56
673.00070068	1949.66
673.000734694	2203.16
673.000755102	2304.73
673.00077551	2431.9
673.000789116	2658.01
673.000809524	2785.69
673.000829932	2843.03
673.000843537	3266.7
673.000863946	3972.87
673.000870748	4220.66
673.000891156	5032.63
673.000911565	5832.79
673.000931973	6924.92
673.000952381	8298.02
673.000972789	9906.62
673.0010068	11112.1
673.0010136	11368.9
673.00104082	11638.7
673.00105442	11827.1
673.00107483	11907.7
673.00111565	11988.8
673.00122449	11907.7
673.0012585	11560.0
673.00129252	11411.1
673.00133333	11153.3
673.00136735	10236.1
673.00140136	9279.07
673.00144218	8380.39
673.00147619	7743.63
673.0015102	6835.71
673.00155102	6277.45
673.00158503	5725.75
673.00161905	5466.68
673.00165986	4970.87
673.00169388	4459.06
673.00172789	4148.32
673.00176871	3885.54
673.00180272	3614.77
673.00183673	3419.4
673.00187075	3088.23
673.00191157	2910.52
673.00194558	2778.82
673.00197959	2646.54
673.00202041	2501.96
673.00205442	2357.98
673.00208843	2252.68
673.00212925	2123.05
673.00216327	1975.1
673.00219728	1819.4
673.00223809	1748.92
673.00227211	1638.13
673.00230612	1543.86
673.00238095	1427.44
673.0024898	1316.53
673.00256463	1249.23
673.00263265	1200.83
673.0027415	1143.67
673.00285034	1102.76
673.00295918	1070.56
673.00306803	1039.3
673.00321088	1015.83
673.00331973	999.037
673.00342857	986.168
673.00353742	973.465
673.00361224	966.877
673.00372109	957.373
673.00386395	951.48
673.00404762	942.128
673.00419048	932.867
673.00437415	926.554
673.00455102	923.698
673.00484354	920.283
673.005	920.283
777.0	980.099
777.000040816	983.736
777.000122449	991.663
777.000251701	1006.47
777.000292517	1022.12
777.000333333	1033.54
777.00037415	1045.74
777.000414966	1077.86
777.000462585	1102.76
777.000503401	1123.38
777.00052381	1149.33
777.000544218	1332.89
777.000585034	1368.75
777.00062585	1460.42
777.000639456	1575.64
777.000646259	1720.0
777.000659864	1757.57
777.000680272	1854.56
777.00070068	1949.66
777.000734694	2203.16
777.000755102	2304.73
777.00077551	2431.9
777.000789116	2658.01
777.000809524	2785.69
777.000829932	2843.03
777.000843537	3266.7
777.000863946	3972.87
777.000870748	4220.66
777.000891156	5032.63
777.000911565	5832.79
777.000931973	6924.92
777.000952381	8298.02
777.000972789	9906.62
777.0010068	11112.1
777.0010136	11368.9
777.00104082	11638.7
777.00105442	11827.1
777.00107483	11907.7
777.00111565	11988.8
777.00122449	11907.7
777.0012585	11560.0
777.00129252	11411.1
777.00133333	11153.3
777.00136735	10236.1
777.00140136	9279.07
777.00144218	8380.39
777.00147619	7743.63
777.0015102	6835.71
777.00155102	6277.45
777.00158503	5725.75
777.00161905	5466.68
777.00165986	4970.87
777.00169388	4459.06
777.00172789	4148.32
777.00176871	3885.54
777.00180272	3614.77
777.00183673	3419.4
777.00187075	3088.23
777.00191157	2910.52
777.00194558	2778.82
777.00197959	2646.54
777.00202041	2501.96
777.00205442	2357.98
777.00208843	2252.68
777.00212925	2123.05
777.00216327	1975.1
777.00219728	1819.4
777.00223809	1748.92
777.00227211	1638.13
777.00230612	1543.86
777.00238095	1427.44
777.0024898	1316.53
777.00256463	1249.23
777.00263265	1200.83
777.0027415	1143.67
777.00285034	1102.76
777.00295918	1070.56
777.00306803	1039.3
777.00321088	1015.83
777.00331973	999.037
777.00342857	986.168
777.00353742	973.465
777.00361224	966.877
777.00372109	957.373
777.00386395	951.48
777.00404762	942.128
777.00419048	932.867
777.00437415	926.554
777.00455102	923.698
777.00484354	920.283
777.005	920.283
878.0	980.099
878.000040816	983.736
878.000122449	991.663
878.000251701	1006.47
878.000292517	1022.12
878.000333333	1033.54
878.00037415	1045.74
878.000414966	1077.86
878.000462585	1102.76
878.000503401	1123.38
878.00052381	1149.33
878.000544218	1332.89
878.000585034	1368.75
878.00062585	1460.42
878.000639456	1575.64
878.000646259	1720.0
878.000659864	1757.57
878.000680272	1854.56
878.00070068	1949.66
878.000734694	2203.16
878.000755102	2304.73
878.00077551	2431.9
878.000789116	2658.01
878.000809524	2785.69
878.000829932	2843.03
878.000843537	3266.7
878.000863946	3972.87
878.000870748	4220.66
878.000891156	5032.63
878.000911565	5832.79
878.000931973	6924.92
878.000952381	8298.02
878.000972789	9906.62
878.0010068	11112.1
878.0010136	11368.9
878.00104082	11638.7
878.00105442	11827.1
878.00107483	11907.7
878.00111565	11988.8
878.00122449	11907.7
878.0012585	11560.0
878.00129252	11411.1
878.00133333	11153.3
878.00136735	10236.1
878.00140136	9279.07
878.00144218	8380.39
878.00147619	7743.63
878.0015102	6835.71
878.00155102	6277.45
878.00158503	5725.75
878.00161905	5466.68
878.00165986	4970.87
878.00169388	4459.06
878.00172789	4148.32
878.00176871	3885.54
878.00180272	3614.77
878.00183673	3419.4
878.00187075	3088.23
878.00191157	2910.52
878.00194558	2778.82
878.00197959	2646.54
878.00202041	2501.96
878.00205442	2357.98
878.00208843	2252.68
878.00212925	2123.05
878.00216327	1975.1
878.00219728	1819.4
878.00223809	1748.92
878.00227211	1638.13
878.00230612	1543.86
878.00238095	1427.44
878.0024898	1316.53
878.00256463	1249.23
878.00263265	1200.83
878.0027415	1143.67
878.00285034	1102.76
878.00295918	1070.56
878.00306803	1039.3
878.00321088	1015.83
878.00331973	999.037
878.00342857	986.168
878.00353742	973.465
878.00361224	966.877
878.00372109	957.373
878.00386395	951.48
878.00404762	942.128
878.00419048	932.867
878.00437415	926.554
878.00455102	923.698
878.00484354	920.283
878.005	920.283
981.0	980.099
981.000040816	983.736
981.000122449	991.663
981.000251701	1006.47
981.000292517	1022.12
981.000333333	1033.54
981.00037415	1045.74
981.000414966	1077.86
981.000462585	1102.76
981.000503401	1123.38
981.00052381	1149.33
981.000544218	1332.89
981.000585034	1368.75
981.00062585	1460.42
981.000639456	1575.64
981.000646259	1720.0
981.000659864	1757.57
981.000680272	1854.56
981.00070068	1949.66
981.000734694	2203.16
981.000755102	2304.73
981.00077551	2431.9
981.000789116	2658.01
981.000809524	2785.69
981.000829932	2843.03
981.000843537	3266.7
981.000863946	3972.87
981.000870748	4220.66
981.000891156	5032.63
981.000911565	5832.79
981.000931973	6924.92
981.000952381	8298.02
981.000972789	9906.62
981.0010068	11112.1
981.0010136	11368.9
981.00104082	11638.7
981.00105442	11827.1
981.00107483	11907.7
981.00111565	11988.8
981.00122449	11907.7
981.0012585	11560.0
981.00129252	11411.1
981.00133333	11153.3
981.00136735	10236.1
981.00140136	9279.07
981.00144218	8380.39
981.00147619	7743.63
981.0015102	6835.71
981.00155102	6277.45
981.00158503	5725.75
981.00161905	5466.68
981.00165986	4970.87
981.00169388	4459.06
981.00172789	4148.32
981.00176871	3885.54
981.00180272	3614.77
981.00183673	3419.4
981.00187075	3088.23
981.00191157	2910.52
981.00194558	2778.82
981.00197959	2646.54
981.00202041	2501.96
981.00205442	2357.98
981.00208843	2252.68
981.00212925	2123.05
981.00216327	1975.1
981.00219728	1819.4
981.00223809	1748.92
981.00227211	1638.13
981.00230612	1543.86
981.00238095	1427.44
981.0024898	1316.53
981.00256463	1249.23
981.00263265	1200.83
981.0027415	1143.67
981.00285034	1102.76
981.00295918	1070.56
981.00306803	1039.3
981.00321088	1015.83
981.00331973	999.037
981.00342857	986.168
981.00353742	973.465
981.00361224	966.877
981.00372109	957.373
981.00386395	951.48
981.00404762	942.128
981.00419048	932.867
981.00437415	926.554
981.00455102	923.698
981.00484354	920.283
981.005	920.283
1070.0	980.099
1070.00004082	983.736
1070.00012245	991.663
1070.0002517	1006.47
1070.00029252	1022.12
1070.00033333	1033.54
1070.00037415	1045.74
1070.00041497	1077.86
1070.00046258	1102.76
1070.0005034	1123.38
1070.00052381	1149.33
1070.00054422	1332.89
1070.00058503	1368.75
1070.00062585	1460.42
1070.00063946	1575.64
1070.00064626	1720.0
1070.00065986	1757.57
1070.00068027	1854.56
1070.00070068	1949.66
1070.00073469	2203.16
1070.0007551	2304.73
1070.00077551	2431.9
1070.00078912	2658.01
1070.00080952	2785.69
1070.00082993	2843.03
1070.00084354	3266.7
1070.00086395	3972.87
1070.00087075	4220.66
1070.00089116	5032.63
1070.00091157	5832.79
1070.00093197	6924.92
1070.00095238	8298.02
1070.00097279	9906.62
1070.0010068	11112.1
1070.0010136	11368.9
1070.00104082	11638.7
1070.00105442	11827.1
1070.00107483	11907.7
1070.00111565	11988.8
1070.00122449	11907.7
1070.0012585	11560.0
1070.00129252	11411.1
1070.00133333	11153.3
1070.00136735	10236.1
1070.00140136	9279.07
1070.00144218	8380.39
1070.00147619	7743.63
1070.0015102	6835.71
1070.00155102	6277.45
1070.00158503	5725.75
1070.00161905	5466.68
1070.00165986	4970.87
1070.00169388	4459.06
1070.00172789	4148.32
1070.00176871	3885.54
1070.00180272	3614.77
1070.00183673	3419.4
1070.00187075	3088.23
1070.00191157	2910.52
1070.00194558	2778.82
1070.00197959	2646.54
1070.00202041	2501.96
1070.00205442	2357.98
1070.00208843	2252.68
1070.00212925	2123.05
1070.00216327	1975.1
1070.00219728	1819.4
1070.00223809	1748.92
1070.00227211	1638.13
1070.00230612	1543.86
1070.00238095	1427.44
1070.0024898	1316.53
1070.00256463	1249.23
1070.00263265	1200.83
1070.0027415	1143.67
1070.00285034	1102.76
1070.00295918	1070.56
1070.00306803	1039.3
1070.00321088	1015.83
1070.00331973	999.037
1070.00342857	986.168
1070.00353742	973.465
1070.00361224	966.877
1070.00372109	957.373
1070.00386395	951.48
1070.00404762	942.128
1070.00419048	932.867
1070.00437415	926.554
1070.00455102	923.698
1070.00484354	920.283
1070.005	920.283
1153.0	980.099
1153.00004082	983.736
1153.00012245	991.663
1153.0002517	1006.47
1153.00029252	1022.12
1153.00033333	1033.54
1153.00037415	1045.74
1153.00041497	1077.86
1153.00046258	1102.76
1153.0005034	1123.38
1153.00052381	1149.33
1153.00054422	1332.89
1153.00058503	1368.75
1153.00062585	1460.42
1153.00063946	1575.64
1153.00064626	1720.0
1153.00065986	1757.57
1153.00068027	1854.56
1153.00070068	1949.66
1153.00073469	2203.16
1153.0007551	2304.73
1153.00077551	2431.9
1153.00078912	2658.01
1153.00080952	2785.69
1153.00082993	2843.03
1153.00084354	3266.7
1153.00086395	3972.87
1153.00087075	4220.66
1153.00089116	5032.63
1153.00091157	5832.79
1153.00093197	6924.92
1153.00095238	8298.02
1153.00097279	9906.62
1153.0010068	11112.1
1153.0010136	11368.9
1153.00104082	11638.7
1153.00105442	11827.1
1153.00107483	11907.7
1153.00111565	11988.8
1153.00122449	11907.7
1153.0012585	11560.0
1153.00129252	11411.1
1153.00133333	11153.3
1153.00136735	10236.1
1153.00140136	9279.07
1153.00144218	8380.39
1153.00147619	7743.63
1153.0015102	6835.71
1153.00155102	6277.45
1153.00158503	5725.75
1153.00161905	5466.68
1153.00165986	4970.87
1153.00169388	4459.06
1153.00172789	4148.32
1153.00176871	3885.54
1153.00180272	3614.77
1153.00183673	3419.4
1153.00187075	3088.23
1153.00191157	2910.52
1153.00194558	2778.82
1153.00197959	2646.54
1153.00202041	2501.96
1153.00205442	2357.98
1153.00208843	2252.68
1153.00212925	2123.05
1153.00216327	1975.1
1153.00219728	1819.4
1153.00223809	1748.92
1153.00227211	1638.13
1153.00230612	1543.86
1153.00238095	1427.44
1153.0024898	1316.53
1153.00256463	1249.23
1153.00263265	1200.83
1153.0027415	1143.67
1153.00285034	1102.76
1153.00295918	1070.56
1153.00306803	1039.3
1153.00321088	1015.83
1153.00331973	999.037
1153.00342857	986.168
1153.00353742	973.465
1153.00361224	966.877
1153.00372109	957.373
1153.00386395	951.48
1153.00404762	942.128
1153.00419048	932.867
1153.00437415	926.554
1153.00455102	923.698
1153.00484354	920.283
1153.005	920.283
1265.0	980.099
1265.00004082	983.736
1265.00012245	991.663
1265.0002517	1006.47
1265.00029252	1022.12
1265.00033333	1033.54
1265.00037415	1045.74
1265.00041497	1077.86
1265.00046258	1102.76
1265.0005034	1123.38
1265.00052381	1149.33
1265.00054422	1332.89
1265.00058503	1368.75
1265.00062585	1460.42
1265.00063946	1575.64
1265.00064626	1720.0
1265.00065986	1757.57
1265.00068027	1854.56
1265.00070068	1949.66
1265.00073469	2203.16
1265.0007551	2304.73
1265.00077551	2431.9
1265.00078912	2658.01
1265.00080952	2785.69
1265.00082993	2843.03
1265.00084354	3266.7
1265.00086395	3972.87
1265.00087075	4220.66
1265.00089116	5032.63
1265.00091157	5832.79
1265.00093197	6924.92
1265.00095238	8298.02
1265.00097279	9906.62
1265.0010068	11112.1
1265.0010136	11368.9
1265.00104082	11638.7
1265.00105442	11827.1
1265.00107483	11907.7
1265.00111565	11988.8
1265.00122449	11907.7
1265.0012585	11560.0
1265.00129252	11411.1
1265.00133333	11153.3
1265.00136735	10236.1
1265.00140136	9279.07
1265.00144218	8380.39
1265.00147619	7743.63
1265.0015102	6835.71
1265.00155102	6277.45
1265.00158503	5725.75
1265.00161905	5466.68
1265.00165986	4970.87
1265.00169388	4459.06
1265.00172789	4148.32
1265.00176871	3885.54
1265.00180272	3614.77
1265.00183673	3419.4
1265.00187075	3088.23
1265.00191157	2910.52
1265.00194558	2778.82
1265.00197959	2646.54
1265.00202041	2501.96
1265.00205442	2357.98
1265.00208843	2252.68
1265.00212925	2123.05
1265.00216327	1975.1
1265.00219728	1819.4
1265.00223809	1748.92
1265.00227211	1638.13
1265.00230612	1543.86
1265.00238095	1427.44
1265.0024898	1316.53
1265.00256463	1249.23
1265.00263265	1200.83
1265.0027415	1143.67
1265.00285034	1102.76
1265.00295918	1070.56
1265.00306803	1039.3
1265.00321088	1015.83
1265.00331973	999.037
1265.00342857	986.168
1265.00353742	973.465
1265.00361224	966.877
1265.00372109	957.373
1265.00386395	951.48
1265.00404762	942.128
1265.00419048	932.867
1265.00437415	926.554
1265.00455102	923.698
1265.00484354	920.283
1265.005	920.283
1367.0	980.099
1367.00004082	983.736
1367.00012245	991.663
1367.0002517	1006.47
1367.00029252	1022.12
1367.00033333	1033.54
1367.00037415	1045.74
1367.00041497	1077.86
1367.00046258	1102.76
1367.0005034	1123.38
1367.00052381	1149.33
1367.00054422	1332.89
1367.00058503	1368.75
1367.00062585	1460.42
1367.00063946	1575.64
1367.00064626	1720.0
1367.00065986	1757.57
1367.00068027	1854.56
1367.00070068	1949.66
1367.00073469	2203.16
1367.0007551	2304.73
1367.00077551	2431.9
1367.00078912	2658.01
1367.00080952	2785.69
1367.00082993	2843.03
1367.00084354	3266.7
1367.00086395	3972.87
1367.00087075	4220.66
1367.00089116	5032.63
1367.00091157	5832.79
1367.00093197	6924.92
1367.00095238	8298.02
1367.00097279	9906.62
1367.0010068	11112.1
1367.0010136	11368.9
1367.00104082	11638.7
1367.00105442	11827.1
1367.00107483	11907.7
1367.00111565	11988.8
1367.00122449	11907.7
1367.0012585	11560.0
1367.00129252	11411.1
1367.00133333	11153.3
1367.00136735	10236.1
1367.00140136	9279.07
1367.00144218	8380.39
1367.00147619	7743.63
1367.0015102	6835.71
1367.00155102	6277.45
1367.00158503	5725.75
1367.00161905	5466.68
1367.00165986	4970.87
1367.00169388	4459.06
1367.00172789	4148.32
1367.00176871	3885.54
1367.00180272	3614.77
1367.00183673	3419.4
1367.00187075	3088.23
1367.00191157	2910.52
1367.00194558	2778.82
1367.00197959	2646.54
1367.00202041	2501.96
1367.00205442	2357.98
1367.00208843	2252.68
1367.00212925	2123.05
1367.00216327	1975.1
1367.00219728	1819.4
1367.00223809	1748.92
1367.00227211	1638.13
1367.00230612	1543.86
1367.00238095	1427.44
1367.0024898	1316.53
1367.00256463	1249.23
1367.00263265	1200.83
1367.0027415	1143.67
1367.00285034	1102.76
1367.00295918	1070.56
1367.00306803	1039.3
1367.00321088	1015.83
1367.00331973	999.037
1367.00342857	986.168
1367.00353742	973.465
1367.00361224	966.877
1367.00372109	957.373
1367.00386395	951.48
1367.00404762	942.128
1367.00419048	932.867
1367.00437415	926.554
1367.00455102	923.698
1367.00484354	920.283
1367.005	920.283
1468.0	980.099
1468.00004082	983.736
1468.00012245	991.663
1468.0002517	1006.47
1468.00029252	1022.12
1468.00033333	1033.54
1468.00037415	1045.74
1468.00041497	1077.86
1468.00046258	1102.76
1468.0005034	1123.38
1468.00052381	1149.33
1468.00054422	1332.89
1468.00058503	1368.75
1468.00062585	1460.42
1468.00063946	1575.64
1468.00064626	1720.0
1468.00065986	1757.57
1468.00068027	1854.56
1468.00070068	1949.66
1468.00073469	2203.16
1468.0007551	2304.73
1468.00077551	2431.9
1468.00078912	2658.01
1468.00080952	2785.69
1468.00082993	2843.03
1468.00084354	3266.7
1468.00086395	3972.87
1468.00087075	4220.66
1468.00089116	5032.63
1468.00091157	5832.79
1468.00093197	6924.92
1468.00095238	8298.02
1468.00097279	9906.62
1468.0010068	11112.1
1468.0010136	11368.9
1468.00104082	11638.7
1468.00105442	11827.1
1468.00107483	11907.7
1468.00111565	11988.8
1468.00122449	11907.7
1468.0012585	11560.0
1468.00129252	11411.1
1468.00133333	11153.3
1468.00136735	10236.1
1468.00140136	9279.07
1468.00144218	8380.39
1468.00147619	7743.63
1468.0015102	6835.71
1468.00155102	6277.45
1468.00158503	5725.75
1468.00161905	5466.68
1468.00165986	4970.87
1468.00169388	4459.06
1468.00172789	4148.32
1468.00176871	3885.54
1468.00180272	3614.77
1468.00183673	3419.4
1468.00187075	3088.23
1468.00191157	2910.52
1468.00194558	2778.82
1468.00197959	2646.54
1468.00202041	2501.96
1468.00205442	2357.98
1468.00208843	2252.68
1468.00212925	2123.05
1468.00216327	1975.1
1468.00219728	1819.4
1468.00223809	1748.92
1468.00227211	1638.13
1468.00230612	1543.86
1468.00238095	1427.44
1468.0024898	1316.53
1468.00256463	1249.23
1468.00263265	1200.83
1468.0027415	1143.67
1468.00285034	1102.76
1468.00295918	1070.56
1468.00306803	1039.3
1468.00321088	1015.83
1468.00331973	999.037
1468.00342857	986.168
1468.00353742	973.465
1468.00361224	966.877
1468.00372109	957.373
1468.00386395	951.48
1468.00404762	942.128
1468.00419048	932.867
1468.00437415	926.554
1468.00455102	923.698
1468.00484354	920.283
1468.005	920.283
1568.0	980.099
1568.00004082	983.736
1568.00012245	991.663
1568.0002517	1006.47
1568.00029252	1022.12
1568.00033333	1033.54
1568.00037415	1045.74
1568.00041497	1077.86
1568.00046258	1102.76
1568.0005034	1123.38
1568.00052381	1149.33
1568.00054422	1332.89
1568.00058503	1368.75
1568.00062585	1460.42
1568.00063946	1575.64
1568.00064626	1720.0
1568.00065986	1757.57
1568.00068027	1854.56
1568.00070068	1949.66
1568.00073469	2203.16
1568.0007551	2304.73
1568.00077551	2431.9
1568.00078912	2658.01
1568.00080952	2785.69
1568.00082993	2843.03
1568.00084354	3266.7
1568.00086395	3972.87
1568.00087075	4220.66
1568.00089116	5032.63
1568.00091157	5832.79
1568.00093197	6924.92
1568.00095238	8298.02
1568.00097279	9906.62
1568.0010068	11112.1
1568.0010136	11368.9
1568.00104082	11638.7
1568.00105442	11827.1
1568.00107483	11907.7
1568.00111565	11988.8
1568.00122449	11907.7
1568.0012585	11560.0
1568.00129252	11411.1
1568.00133333	11153.3
1568.00136735	10236.1
1568.00140136	9279.07
1568.00144218	8380.39
1568.00147619	7743.63
1568.0015102	6835.71
1568.00155102	6277.45
1568.00158503	5725.75
1568.00161905	5466.68
1568.00165986	4970.87
1568.00169388	4459.06
1568.00172789	4148.32
1568.00176871	3885.54
1568.00180272	3614.77
1568.00183673	3419.4
1568.00187075	3088.23
1568.00191157	2910.52
1568.00194558	2778.82
1568.00197959	2646.54
1568.00202041	2501.96
1568.00205442	2357.98
1568.00208843	2252.68
1568.00212925	2123.05
1568.00216327	1975.1
1568.00219728	1819.4
1568.00223809	1748.92
1568.00227211	1638.13
1568.00230612	1543.86
1568.00238095	1427.44
1568.0024898	1316.53
1568.00256463	1249.23
1568.00263265	1200.83
1568.0027415	1143.67
1568.00285034	1102.76
1568.00295918	1070.56
1568.00306803	1039.3
1568.00321088	1015.83
1568.00331973	999.037
1568.00342857	986.168
1568.00353742	973.465
1568.00361224	966.877
1568.00372109	957.373
1568.00386395	951.48
1568.00404762	942.128
1568.00419048	932.867
1568.00437415	926.554
1568.00455102	923.698
1568.00484354	920.283
1568.005	920.283
1648.0	980.099
1648.00004082	983.736
1648.00012245	991.663
1648.0002517	1006.47
1648.00029252	1022.12
1648.00033333	1033.54
1648.00037415	1045.74
1648.00041497	1077.86
1648.00046258	1102.76
1648.0005034	1123.38
1648.00052381	1149.33
1648.00054422	1332.89
1648.00058503	1368.75
1648.00062585	1460.42
1648.00063946	1575.64
1648.00064626	1720.0
1648.00065986	1757.57
1648.00068027	1854.56
1648.00070068	1949.66
1648.00073469	2203.16
1648.0007551	2304.73
1648.00077551	2431.9
1648.00078912	2658.01
1648.00080952	2785.69
1648.00082993	2843.03
1648.00084354	3266.7
1648.00086395	3972.87
1648.00087075	4220.66
1648.00089116	5032.63
1648.00091157	5832.79
1648.00093197	6924.92
1648.00095238	8298.02
1648.00097279	9906.62
1648.0010068	11112.1
1648.0010136	11368.9
1648.00104082	11638.7
1648.00105442	11827.1
1648.00107483	11907.7
1648.00111565	11988.8
1648.00122449	11907.7
1648.0012585	11560.0
1648.00129252	11411.1
1648.00133333	11153.3
1648.00136735	10236.1
1648.00140136	9279.07
1648.00144218	8380.39
1648.00147619	7743.63
1648.0015102	6835.71
1648.00155102	6277.45
1648.00158503	5725.75
1648.00161905	5466.68
1648.00165986	4970.87
1648.00169388	4459.06
1648.00172789	4148.32
1648.00176871	3885.54
1648.00180272	3614.77
1648.00183673	3419.4
1648.00187075	3088.23
1648.00191157	2910.52
1648.00194558	2778.82
1648.00197959	2646.54
1648.00202041	2501.96
1648.00205442	2357.98
1648.00208843	2252.68
1648.00212925	2123.05
1648.00216327	1975.1
1648.00219728	1819.4
1648.00223809	1748.92
1648.00227211	1638.13
1648.00230612	1543.86
1648.00238095	1427.44
1648.0024898	1316.53
1648.00256463	1249.23
1648.00263265	1200.83
1648.0027415	1143.67
1648.00285034	1102.76
1648.00295918	1070.56
1648.00306803	1039.3
1648.00321088	1015.83
1648.00331973	999.037
1648.00342857	986.168
1648.00353742	973.465
1648.00361224	966.877
1648.00372109	957.373
1648.00386395	951.48
1648.00404762	942.128
1648.00419048	932.867
1648.00437415	926.554
1648.00455102	923.698
1648.00484354	920.283
1648.005	920.283
1737.0	980.099
1737.00004082	983.736
1737.00012245	991.663
1737.0002517	1006.47
1737.00029252	1022.12
1737.00033333	1033.54
1737.00037415	1045.74
1737.00041497	1077.86
1737.00046258	1102.76
1737.0005034	1123.38
1737.00052381	1149.33
1737.00054422	1332.89
1737.00058503	1368.75
1737.00062585	1460.42
1737.00063946	1575.64
1737.00064626	1720.0
1737.00065986	1757.57
1737.00068027	1854.56
1737.00070068	1949.66
1737.00073469	2203.16
1737.0007551	2304.73
1737.00077551	2431.9
1737.00078912	2658.01
1737.00080952	2785.69
1737.00082993	2843.03
1737.00084354	3266.7
1737.00086395	3972.87
1737.00087075	4220.66
1737.00089116	5032.63
1737.00091157	5832.79
1737.00093197	6924.92
1737.00095238	8298.02
1737.00097279	9906.62
1737.0010068	11112.1
1737.0010136	11368.9
1737.00104082	11638.7
1737.00105442	11827.1
1737.00107483	11907.7
1737.00111565	11988.8
1737.00122449	11907.7
1737.0012585	11560.0
1737.00129252	11411.1
1737.00133333	11153.3
1737.00136735	10236.1
1737.00140136	9279.07
1737.00144218	8380.39
1737.00147619	7743.63
1737.0015102	6835.71
1737.00155102	6277.45
1737.00158503	5725.75
1737.00161905	5466.68
1737.00165986	4970.87
1737.00169388	4459.06
1737.00172789	4148.32
1737.00176871	3885.54
1737.00180272	3614.77
1737.00183673	3419.4
1737.00187075	3088.23
1737.00191157	2910.52
1737.00194558	2778.82
1737.00197959	2646.54
1737.00202041	2501.96
1737.00205442	2357.98
1737.00208843	2252.68
1737.00212925	2123.05
1737.00216327	1975.1
1737.00219728	1819.4
1737.00223809	1748.92
1737.00227211	1638.13
1737.00230612	1543.86
1737.00238095	1427.44
1737.0024898	1316.53
1737.00256463	1249.23
1737.00263265	1200.83
1737.0027415	1143.67
1737.00285034	1102.76
1737.00295918	1070.56
1737.00306803	1039.3
1737.00321088	1015.83
1737.00331973	999.037
1737.00342857	986.168
1737.00353742	973.465
1737.00361224	966.877
1737.00372109	957.373
1737.00386395	951.48
1737.00404762	942.128
1737.00419048	932.867
1737.00437415	926.554
1737.00455102	923.698
1737.00484354	920.283
1737.005	920.283
1861.0	980.099
1861.00004082	983.736
1861.00012245	991.663
1861.0002517	1006.47
1861.00029252	1022.12
1861.00033333	1033.54
1861.00037415	1045.74
1861.00041497	1077.86
1861.00046258	1102.76
1861.0005034	1123.38
1861.00052381	1149.33
1861.00054422	1332.89
1861.00058503	1368.75
1861.00062585	1460.42
1861.00063946	1575.64
1861.00064626	1720.0
1861.00065986	1757.57
1861.00068027	1854.56
1861.00070068	1949.66
1861.00073469	2203.16
1861.0007551	2304.73
1861.00077551	2431.9
1861.00078912	2658.01
1861.00080952	2785.69
1861.00082993	2843.03
1861.00084354	3266.7
1861.00086395	3972.87
1861.00087075	4220.66
1861.00089116	5032.63
1861.00091157	5832.79
1861.00093197	6924.92
1861.00095238	8298.02
1861.00097279	9906.62
1861.0010068	11112.1
1861.0010136	11368.9
1861.00104082	11638.7
1861.00105442	11827.1
1861.00107483	11907.7
1861.00111565	11988.8
1861.00122449	11907.7
1861.0012585	11560.0
1861.00129252	11411.1
1861.00133333	11153.3
1861.00136735	10236.1
1861.00140136	9279.07
1861.00144218	8380.39
1861.00147619	7743.63
1861.0015102	6835.71
1861.00155102	6277.45
1861.00158503	5725.75
1861.00161905	5466.68
1861.00165986	4970.87
1861.00169388	4459.06
1861.00172789	4148.32
1861.00176871	3885.54
1861.00180272	3614.77
1861.00183673	3419.4
1861.00187075	3088.23
1861.00191157	2910.52
1861.00194558	2778.82
1861.00197959	2646.54
1861.00202041	2501.96
1861.00205442	2357.98
1861.00208843	2252.68
1861.00212925	2123.05
1861.00216327	1975.1
1861.00219728	1819.4
1861.00223809	1748.92
1861.00227211	1638.13
1861.00230612	1543.86
1861.00238095	1427.44
1861.0024898	1316.53
1861.00256463	1249.23
1861.00263265	1200.83
1861.0027415	1143.67
1861.00285034	1102.76
1861.00295918	1070.56
1861.00306803	1039.3
1861.00321088	1015.83
1861.00331973	999.037
1861.00342857	986.168
1861.00353742	973.465
1861.00361224	966.877
1861.00372109	957.373
1861.00386395	951.48
1861.00404762	942.128
1861.00419048	932.867
1861.00437415	926.554
1861.00455102	923.698
1861.00484354	920.283
1861.005	920.283
1956.0	980.099
1956.00004082	983.736
1956.00012245	991.663
1956.0002517	1006.47
1956.00029252	1022.12
1956.00033333	1033.54
1956.00037415	1045.74
1956.00041497	1077.86
1956.00046258	1102.76
1956.0005034	1123.38
1956.00052381	1149.33
1956.00054422	1332.89
1956.00058503	1368.75
1956.00062585	1460.42
1956.00063946	1575.64
1956.00064626	1720.0
1956.00065986	1757.57
1956.00068027	1854.56
1956.00070068	1949.66
1956.00073469	2203.16
1956.0007551	2304.73
1956.00077551	2431.9
1956.00078912	2658.01
1956.00080952	2785.69
1956.00082993	2843.03
1956.00084354	3266.7
1956.00086395	3972.87
1956.00087075	4220.66
1956.00089116	5032.63
1956.00091157	5832.79
1956.00093197	6924.92
1956.00095238	8298.02
1956.00097279	9906.62
1956.0010068	11112.1
1956.0010136	11368.9
1956.00104082	11638.7
1956.00105442	11827.1
1956.00107483	11907.7
1956.00111565	11988.8
1956.00122449	11907.7
1956.0012585	11560.0
1956.00129252	11411.1
1956.00133333	11153.3
1956.00136735	10236.1
1956.00140136	9279.07
1956.00144218	8380.39
1956.00147619	7743.63
1956.0015102	6835.71
1956.00155102	6277.45
1956.00158503	5725.75
1956.00161905	5466.68
1956.00165986	4970.87
1956.00169388	4459.06
1956.00172789	4148.32
1956.00176871	3885.54
1956.00180272	3614.77
1956.00183673	3419.4
1956.00187075	3088.23
1956.00191157	2910.52
1956.00194558	2778.82
1956.00197959	2646.54
1956.00202041	2501.96
1956.00205442	2357.98
1956.00208843	2252.68
1956.00212925	2123.05
1956.00216327	1975.1
1956.00219728	1819.4
1956.00223809	1748.92
1956.00227211	1638.13
1956.00230612	1543.86
1956.00238095	1427.44
1956.0024898	1316.53
1956.00256463	1249.23
1956.00263265	1200.83
1956.0027415	1143.67
1956.00285034	1102.76
1956.00295918	1070.56
1956.00306803	1039.3
1956.00321088	1015.83
1956.00331973	999.037
1956.00342857	986.168
1956.00353742	973.465
1956.00361224	966.877
1956.00372109	957.373
1956.00386395	951.48
1956.00404762	942.128
1956.00419048	932.867
1956.00437415	926.554
1956.00455102	923.698
1956.00484354	920.283
1956.005	920.283
2046.0	980.099
2046.00004082	983.736
2046.00012245	991.663
2046.0002517	1006.47
2046.00029252	1022.12
2046.00033333	1033.54
2046.00037415	1045.74
2046.00041497	1077.86
2046.00046258	1102.76
2046.0005034	1123.38
2046.00052381	1149.33
2046.00054422	1332.89
2046.00058503	1368.75
2046.00062585	1460.42
2046.00063946	1575.64
2046.00064626	1720.0
2046.00065986	1757.57
2046.00068027	1854.56
2046.00070068	1949.66
2046.00073469	2203.16
2046.0007551	2304.73
2046.00077551	2431.9
2046.00078912	2658.01
2046.00080952	2785.69
2046.00082993	2843.03
2046.00084354	3266.7
2046.00086395	3972.87
2046.00087075	4220.66
2046.00089116	5032.63
2046.00091157	5832.79
2046.00093197	6924.92
2046.00095238	8298.02
2046.00097279	9906.62
2046.0010068	11112.1
2046.0010136	11368.9
2046.00104082	11638.7
2046.00105442	11827.1
2046.00107483	11907.7
2046.00111565	11988.8
2046.00122449	11907.7
2046.0012585	11560.0
2046.00129252	11411.1
2046.00133333	11153.3
2046.00136735	10236.1
2046.00140136	9279.07
2046.00144218	8380.39
2046.00147619	7743.63
2046.0015102	6835.71
2046.00155102	6277.45
2046.00158503	5725.75
2046.00161905	5466.68
2046.00165986	4970.87
2046.00169388	4459.06
2046.00172789	4148.32
2046.00176871	3885.54
2046.00180272	3614.77
2046.00183673	3419.4
2046.00187075	3088.23
2046.00191157	2910.52
2046.00194558	2778.82
2046.00197959	2646.54
2046.00202041	2501.96
2046.00205442	2357.98
2046.00208843	2252.68
2046.00212925	2123.05
2046.00216327	1975.1
2046.00219728	1819.4
2046.00223809	1748.92
2046.00227211	1638.13
2046.00230612	1543.86
2046.00238095	1427.44
2046.0024898	1316.53
2046.00256463	1249.23
2046.00263265	1200.83
2046.0027415	1143.67
2046.00285034	1102.76
2046.00295918	1070.56
2046.00306803	1039.3
2046.00321088	1015.83
2046.00331973	999.037
2046.00342857	986.168
2046.00353742	973.465
2046.00361224	966.877
2046.00372109	957.373
2046.00386395	951.48
2046.00404762	942.128
2046.00419048	932.867
2046.00437415	926.554
2046.00455102	923.698
2046.00484354	920.283
2046.005	920.283
2136.0	980.099
2136.00004082	983.736
2136.00012245	991.663
2136.0002517	1006.47
2136.00029252	1022.12
2136.00033333	1033.54
2136.00037415	1045.74
2136.00041497	1077.86
2136.00046259	1102.76
2136.0005034	1123.38
2136.00052381	1149.33
2136.00054422	1332.89
2136.00058503	1368.75
2136.00062585	1460.42
2136.00063946	1575.64
2136.00064626	1720.0
2136.00065986	1757.57
2136.00068027	1854.56
2136.00070068	1949.66
2136.00073469	2203.16
2136.0007551	2304.73
2136.00077551	2431.9
2136.00078912	2658.01
2136.00080952	2785.69
2136.00082993	2843.03
2136.00084354	3266.7
2136.00086395	3972.87
2136.00087075	4220.66
2136.00089116	5032.63
2136.00091157	5832.79
2136.00093197	6924.92
2136.00095238	8298.02
2136.00097279	9906.62
2136.0010068	11112.1
2136.0010136	11368.9
2136.00104082	11638.7
2136.00105442	11827.1
2136.00107483	11907.7
2136.00111565	11988.8
2136.00122449	11907.7
2136.0012585	11560.0
2136.00129252	11411.1
2136.00133333	11153.3
2136.00136735	10236.1
2136.00140136	9279.07
2136.00144218	8380.39
2136.00147619	7743.63
2136.0015102	6835.71
2136.00155102	6277.45
2136.00158503	5725.75
2136.00161905	5466.68
2136.00165986	4970.87
2136.00169388	4459.06
2136.00172789	4148.32
2136.00176871	3885.54
2136.00180272	3614.77
2136.00183673	3419.4
2136.00187075	3088.23
2136.00191157	2910.52
2136.00194558	2778.82
2136.00197959	2646.54
2136.00202041	2501.96
2136.00205442	2357.98
2136.00208843	2252.68
2136.00212925	2123.05
2136.00216327	1975.1
2136.00219728	1819.4
2136.00223809	1748.92
2136.00227211	1638.13
2136.00230612	1543.86
2136.00238095	1427.44
2136.0024898	1316.53
2136.00256463	1249.23
2136.00263265	1200.83
2136.0027415	1143.67
2136.00285034	1102.76
2136.00295918	1070.56
2136.00306803	1039.3
2136.00321088	1015.83
2136.00331973	999.037
2136.00342857	986.168
2136.00353742	973.465
2136.00361224	966.877
2136.00372109	957.373
2136.00386395	951.48
2136.00404762	942.128
2136.00419048	932.867
2136.00437415	926.554
2136.00455102	923.698
2136.00484354	920.283
2136.005	920.283
2237.0	980.099
2237.00004082	983.736
2237.00012245	991.663
2237.0002517	1006.47
2237.00029252	1022.12
2237.00033333	1033.54
2237.00037415	1045.74
2237.00041497	1077.86
2237.00046259	1102.76
2237.0005034	1123.38
2237.00052381	1149.33
2237.00054422	1332.89
2237.00058503	1368.75
2237.00062585	1460.42
2237.00063946	1575.64
2237.00064626	1720.0
2237.00065986	1757.57
2237.00068027	1854.56
2237.00070068	1949.66
2237.00073469	2203.16
2237.0007551	2304.73
2237.00077551	2431.9
2237.00078912	2658.01
2237.00080952	2785.69
2237.00082993	2843.03
2237.00084354	3266.7
2237.00086395	3972.87
2237.00087075	4220.66
2237.00089116	5032.63
2237.00091157	5832.79
2237.00093197	6924.92
2237.00095238	8298.02
2237.00097279	9906.62
2237.0010068	11112.1
2237.0010136	11368.9
2237.00104082	11638.7
2237.00105442	11827.1
2237.00107483	11907.7
2237.00111565	11988.8
2237.00122449	11907.7
2237.0012585	11560.0
2237.00129252	11411.1
2237.00133333	11153.3
2237.00136735	10236.1
2237.00140136	9279.07
2237.00144218	8380.39
2237.00147619	7743.63
2237.0015102	6835.71
2237.00155102	6277.45
2237.00158503	5725.75
2237.00161905	5466.68
2237.00165986	4970.87
2237.00169388	4459.06
2237.00172789	4148.32
2237.00176871	3885.54
2237.00180272	3614.77
2237.00183673	3419.4
2237.00187075	3088.23
2237.00191157	2910.52
2237.00194558	2778.82
2237.00197959	2646.54
2237.00202041	2501.96
2237.00205442	2357.98
2237.00208843	2252.68
2237.00212925	2123.05
2237.00216327	1975.1
2237.00219728	1819.4
2237.00223809	1748.92
2237.00227211	1638.13
2237.00230612	1543.86
2237.00238095	1427.44
2237.0024898	1316.53
2237.00256463	1249.23
2237.00263265	1200.83
2237.0027415	1143.67
2237.00285034	1102.76
2237.00295918	1070.56
2237.00306803	1039.3
2237.00321088	1015.83
2237.00331973	999.037
2237.00342857	986.168
2237.00353742	973.465
2237.00361224	966.877
2237.00372109	957.373
2237.00386395	951.48
2237.00404762	942.128
2237.00419048	932.867
2237.00437415	926.554
2237.00455102	923.698
2237.00484354	920.283
2237.005	920.283
2335.0	980.099
2335.00004082	983.736
2335.00012245	991.663
2335.0002517	1006.47
2335.00029252	1022.12
2335.00033333	1033.54
2335.00037415	1045.74
2335.00041497	1077.86
2335.00046259	1102.76
2335.0005034	1123.38
2335.00052381	1149.33
2335.00054422	1332.89
2335.00058503	1368.75
2335.00062585	1460.42
2335.00063946	1575.64
2335.00064626	1720.0
2335.00065986	1757.57
2335.00068027	1854.56
2335.00070068	1949.66
2335.00073469	2203.16
2335.0007551	2304.73
2335.00077551	2431.9
2335.00078912	2658.01
2335.00080952	2785.69
2335.00082993	2843.03
2335.00084354	3266.7
2335.00086395	3972.87
2335.00087075	4220.66
2335.00089116	5032.63
2335.00091157	5832.79
2335.00093197	6924.92
2335.00095238	8298.02
2335.00097279	9906.62
2335.0010068	11112.1
2335.0010136	11368.9
2335.00104082	11638.7
2335.00105442	11827.1
2335.00107483	11907.7
2335.00111565	11988.8
2335.00122449	11907.7
2335.0012585	11560.0
2335.00129252	11411.1
2335.00133333	11153.3
2335.00136735	10236.1
2335.00140136	9279.07
2335.00144218	8380.39
2335.00147619	7743.63
2335.0015102	6835.71
2335.00155102	6277.45
2335.00158503	5725.75
2335.00161905	5466.68
2335.00165986	4970.87
2335.00169388	4459.06
2335.00172789	4148.32
2335.00176871	3885.54
2335.00180272	3614.77
2335.00183673	3419.4
2335.00187075	3088.23
2335.00191157	2910.52
2335.00194558	2778.82
2335.00197959	2646.54
2335.00202041	2501.96
2335.00205442	2357.98
2335.00208843	2252.68
2335.00212925	2123.05
2335.00216327	1975.1
2335.00219728	1819.4
2335.00223809	1748.92
2335.00227211	1638.13
2335.00230612	1543.86
2335.00238095	1427.44
2335.0024898	1316.53
2335.00256463	1249.23
2335.00263265	1200.83
2335.0027415	1143.67
2335.00285034	1102.76
2335.00295918	1070.56
2335.00306803	1039.3
2335.00321088	1015.83
2335.00331973	999.037
2335.00342857	986.168
2335.00353742	973.465
2335.00361224	966.877
2335.00372109	957.373
2335.00386395	951.48
2335.00404762	942.128
2335.00419048	932.867
2335.00437415	926.554
2335.00455102	923.698
2335.00484354	920.283
2335.005	920.283
2442.0	980.099
2442.00004082	983.736
2442.00012245	991.663
2442.0002517	1006.47
2442.00029252	1022.12
2442.00033333	1033.54
2442.00037415	1045.74
2442.00041497	1077.86
2442.00046259	1102.76
2442.0005034	1123.38
2442.00052381	1149.33
2442.00054422	1332.89
2442.00058503	1368.75
2442.00062585	1460.42
2442.00063946	1575.64
2442.00064626	1720.0
2442.00065986	1757.57
2442.00068027	1854.56
2442.00070068	1949.66
2442.00073469	2203.16
2442.0007551	2304.73
2442.00077551	2431.9
2442.00078912	2658.01
2442.00080952	2785.69
2442.00082993	2843.03
2442.00084354	3266.7
2442.00086395	3972.87
2442.00087075	4220.66
2442.00089116	5032.63
2442.00091157	5832.79
2442.00093197	6924.92
2442.00095238	8298.02
2442.00097279	9906.62
2442.0010068	11112.1
2442.0010136	11368.9
2442.00104082	11638.7
2442.00105442	11827.1
2442.00107483	11907.7
2442.00111565	11988.8
2442.00122449	11907.7
2442.0012585	11560.0
2442.00129252	11411.1
2442.00133333	11153.3
2442.00136735	10236.1
2442.00140136	9279.07
2442.00144218	8380.39
2442.00147619	7743.63
2442.0015102	6835.71
2442.00155102	6277.45
2442.00158503	5725.75
2442.00161905	5466.68
2442.00165986	4970.87
2442.00169388	4459.06
2442.00172789	4148.32
2442.00176871	3885.54
2442.00180272	3614.77
2442.00183673	3419.4
2442.00187075	3088.23
2442.00191157	2910.52
2442.00194558	2778.82
2442.00197959	2646.54
2442.00202041	2501.96
2442.00205442	2357.98
2442.00208843	2252.68
2442.00212925	2123.05
2442.00216327	1975.1
2442.00219728	1819.4
2442.00223809	1748.92
2442.00227211	1638.13
2442.00230612	1543.86
2442.00238095	1427.44
2442.0024898	1316.53
2442.00256463	1249.23
2442.00263265	1200.83
2442.0027415	1143.67
2442.00285034	1102.76
2442.00295918	1070.56
2442.00306803	1039.3
2442.00321088	1015.83
2442.00331973	999.037
2442.00342857	986.168
2442.00353742	973.465
2442.00361224	966.877
2442.00372109	957.373
2442.00386395	951.48
2442.00404762	942.128
2442.00419048	932.867
2442.00437415	926.554
2442.00455102	923.698
2442.00484354	920.283
2442.005	920.283
2536.0	980.099
2536.00004082	983.736
2536.00012245	991.663
2536.0002517	1006.47
2536.00029252	1022.12
2536.00033333	1033.54
2536.00037415	1045.74
2536.00041497	1077.86
2536.00046259	1102.76
2536.0005034	1123.38
2536.00052381	1149.33
2536.00054422	1332.89
2536.00058503	1368.75
2536.00062585	1460.42
2536.00063946	1575.64
2536.00064626	1720.0
2536.00065986	1757.57
2536.00068027	1854.56
2536.00070068	1949.66
2536.00073469	2203.16
2536.0007551	2304.73
2536.00077551	2431.9
2536.00078912	2658.01
2536.00080952	2785.69
2536.00082993	2843.03
2536.00084354	3266.7
2536.00086395	3972.87
2536.00087075	4220.66
2536.00089116	5032.63
2536.00091157	5832.79
2536.00093197	6924.92
2536.00095238	8298.02
2536.00097279	9906.62
2536.0010068	11112.1
2536.0010136	11368.9
2536.00104082	11638.7
2536.00105442	11827.1
2536.00107483	11907.7
2536.00111565	11988.8
2536.00122449	11907.7
2536.0012585	11560.0
2536.00129252	11411.1
2536.00133333	11153.3
2536.00136735	10236.1
2536.00140136	9279.07
2536.00144218	8380.39
2536.00147619	7743.63
2536.0015102	6835.71
2536.00155102	6277.45
2536.00158503	5725.75
2536.00161905	5466.68
2536.00165986	4970.87
2536.00169388	4459.06
2536.00172789	4148.32
2536.00176871	3885.54
2536.00180272	3614.77
2536.00183673	3419.4
2536.00187075	3088.23
2536.00191157	2910.52
2536.00194558	2778.82
2536.00197959	2646.54
2536.00202041	2501.96
2536.00205442	2357.98
2536.00208843	2252.68
2536.00212925	2123.05
2536.00216327	1975.1
2536.00219728	1819.4
2536.00223809	1748.92
2536.00227211	1638.13
2536.00230612	1543.86
2536.00238095	1427.44
2536.0024898	1316.53
2536.00256463	1249.23
2536.00263265	1200.83
2536.0027415	1143.67
2536.00285034	1102.76
2536.00295918	1070.56
2536.00306803	1039.3
2536.00321088	1015.83
2536.00331973	999.037
2536.00342857	986.168
2536.00353742	973.465
2536.00361224	966.877
2536.00372109	957.373
2536.00386395	951.48
2536.00404762	942.128
2536.00419048	932.867
2536.00437415	926.554
2536.00455102	923.698
2536.00484354	920.283
2536.005	920.283
2653.0	980.099
2653.00004082	983.736
2653.00012245	991.663
2653.0002517	1006.47
2653.00029252	1022.12
2653.00033333	1033.54
2653.00037415	1045.74
2653.00041497	1077.86
2653.00046259	1102.76
2653.0005034	1123.38
2653.00052381	1149.33
2653.00054422	1332.89
2653.00058503	1368.75
2653.00062585	1460.42
2653.00063946	1575.64
2653.00064626	1720.0
2653.00065986	1757.57
2653.00068027	1854.56
2653.00070068	1949.66
2653.00073469	2203.16
2653.0007551	2304.73
2653.00077551	2431.9
2653.00078912	2658.01
2653.00080952	2785.69
2653.00082993	2843.03
2653.00084354	3266.7
2653.00086395	3972.87
2653.00087075	4220.66
2653.00089116	5032.63
2653.00091157	5832.79
2653.00093197	6924.92
2653.00095238	8298.02
2653.00097279	9906.62
2653.0010068	11112.1
2653.0010136	11368.9
2653.00104082	11638.7
2653.00105442	11827.1
2653.00107483	11907.7
2653.00111565	11988.8
2653.00122449	11907.7
2653.0012585	11560.0
2653.00129252	11411.1
2653.00133333	11153.3
2653.00136735	10236.1
2653.00140136	9279.07
2653.00144218	8380.39
2653.00147619	7743.63
2653.0015102	6835.71
2653.00155102	6277.45
2653.00158503	5725.75
2653.00161905	5466.68
2653.00165986	4970.87
2653.00169388	4459.06
2653.00172789	4148.32
2653.00176871	3885.54
2653.00180272	3614.77
2653.00183673	3419.4
2653.00187075	3088.23
2653.00191157	2910.52
2653.00194558	2778.82
2653.00197959	2646.54
2653.00202041	2501.96
2653.00205442	2357.98
2653.00208843	2252.68
2653.00212925	2123.05
2653.00216327	1975.1
2653.00219728	1819.4
2653.00223809	1748.92
2653.00227211	1638.13
2653.00230612	1543.86
2653.00238095	1427.44
2653.0024898	1316.53
2653.00256463	1249.23
2653.00263265	1200.83
2653.0027415	1143.67
2653.00285034	1102.76
2653.00295918	1070.56
2653.00306803	1039.3
2653.00321088	1015.83
2653.00331973	999.037
2653.00342857	986.168
2653.00353742	973.465
2653.00361224	966.877
2653.00372109	957.373
2653.00386395	951.48
2653.00404762	942.128
2653.00419048	932.867
2653.00437415	926.554
2653.00455102	923.698
2653.00484354	920.283
2653.005	920.283
2749.0	980.099
2749.00004082	983.736
2749.00012245	991.663
2749.0002517	1006.47
2749.00029252	1022.12
2749.00033333	1033.54
2749.00037415	1045.74
2749.00041497	1077.86
2749.00046259	1102.76
2749.0005034	1123.38
2749.00052381	1149.33
2749.00054422	1332.89
2749.00058503	1368.75
2749.00062585	1460.42
2749.00063946	1575.64
2749.00064626	1720.0
2749.00065986	1757.57
2749.00068027	1854.56
2749.00070068	1949.66
2749.00073469	2203.16
2749.0007551	2304.73
2749.00077551	2431.9
2749.00078912	2658.01
2749.00080952	2785.69
2749.00082993	2843.03
2749.00084354	3266.7
2749.00086395	3972.87
2749.00087075	4220.66
2749.00089116	5032.63
2749.00091157	5832.79
2749.00093197	6924.92
2749.00095238	8298.02
2749.00097279	9906.62
2749.0010068	11112.1
2749.0010136	11368.9
2749.00104082	11638.7
2749.00105442	11827.1
2749.00107483	11907.7
2749.00111565	11988.8
2749.00122449	11907.7
2749.0012585	11560.0
2749.00129252	11411.1
2749.00133333	11153.3
2749.00136735	10236.1
2749.00140136	9279.07
2749.00144218	8380.39
2749.00147619	7743.63
2749.0015102	6835.71
2749.00155102	6277.45
2749.00158503	5725.75
2749.00161905	5466.68
2749.00165986	4970.87
2749.00169388	4459.06
2749.00172789	4148.32
2749.00176871	3885.54
2749.00180272	3614.77
2749.00183673	3419.4
2749.00187075	3088.23
2749.00191157	2910.52
2749.00194558	2778.82
2749.00197959	2646.54
2749.00202041	2501.96
2749.00205442	2357.98
2749.00208843	2252.68
2749.00212925	2123.05
2749.00216327	1975.1
2749.00219728	1819.4
2749.00223809	1748.92
2749.00227211	1638.13
2749.00230612	1543.86
2749.00238095	1427.44
2749.0024898	1316.53
2749.00256463	1249.23
2749.00263265	1200.83
2749.0027415	1143.67
2749.00285034	1102.76
2749.00295918	1070.56
2749.00306803	1039.3
2749.00321088	1015.83
2749.00331973	999.037
2749.00342857	986.168
2749.00353742	973.465
2749.00361224	966.877
2749.00372109	957.373
2749.00386395	951.48
2749.00404762	942.128
2749.00419048	932.867
2749.00437415	926.554
2749.00455102	923.698
2749.00484354	920.283
2749.005	920.283
2847.0	980.099
2847.00004082	983.736
2847.00012245	991.663
2847.0002517	1006.47
2847.00029252	1022.12
2847.00033333	1033.54
2847.00037415	1045.74
2847.00041497	1077.86
2847.00046259	1102.76
2847.0005034	1123.38
2847.00052381	1149.33
2847.00054422	1332.89
2847.00058503	1368.75
2847.00062585	1460.42
2847.00063946	1575.64
2847.00064626	1720.0
2847.00065986	1757.57
2847.00068027	1854.56
2847.00070068	1949.66
2847.00073469	2203.16
2847.0007551	2304.73
2847.00077551	2431.9
2847.00078912	2658.01
2847.00080952	2785.69
2847.00082993	2843.03
2847.00084354	3266.7
2847.00086395	3972.87
2847.00087075	4220.66
2847.00089116	5032.63
2847.00091157	5832.79
2847.00093197	6924.92
2847.00095238	8298.02
2847.00097279	9906.62
2847.0010068	11112.1
2847.0010136	11368.9
2847.00104082	11638.7
2847.00105442	11827.1
2847.00107483	11907.7
2847.00111565	11988.8
2847.00122449	11907.7
2847.0012585	11560.0
2847.00129252	11411.1
2847.00133333	11153.3
2847.00136735	10236.1
2847.00140136	9279.07
2847.00144218	8380.39
2847.00147619	7743.63
2847.0015102	6835.71
2847.00155102	6277.45
2847.00158503	5725.75
2847.00161905	5466.68
2847.00165986	4970.87
2847.00169388	4459.06
2847.00172789	4148.32
2847.00176871	3885.54
2847.00180272	3614.77
2847.00183673	3419.4
2847.00187075	3088.23
2847.00191157	2910.52
2847.00194558	2778.82
2847.00197959	2646.54
2847.00202041	2501.96
2847.00205442	2357.98
2847.00208843	2252.68
2847.00212925	2123.05
2847.00216327	1975.1
2847.00219728	1819.4
2847.00223809	1748.92
2847.00227211	1638.13
2847.00230612	1543.86
2847.00238095	1427.44
2847.0024898	1316.53
2847.00256463	1249.23
2847.00263265	1200.83
2847.0027415	1143.67
2847.00285034	1102.76
2847.00295918	1070.56
2847.00306803	1039.3
2847.00321088	1015.83
2847.00331973	999.037
2847.00342857	986.168
2847.00353742	973.465
2847.00361224	966.877
2847.00372109	957.373
2847.00386395	951.48
2847.00404762	942.128
2847.00419048	932.867
2847.00437415	926.554
2847.00455102	923.698
2847.00484354	920.283
2847.005	920.283
2940.0	980.099
2940.00004082	983.736
2940.00012245	991.663
2940.0002517	1006.47
2940.00029252	1022.12
2940.00033333	1033.54
2940.00037415	1045.74
2940.00041497	1077.86
2940.00046259	1102.76
2940.0005034	1123.38
2940.00052381	1149.33
2940.00054422	1332.89
2940.00058503	1368.75
2940.00062585	1460.42
2940.00063946	1575.64
2940.00064626	1720.0
2940.00065986	1757.57
2940.00068027	1854.56
2940.00070068	1949.66
2940.00073469	2203.16
2940.0007551	2304.73
2940.00077551	2431.9
2940.00078912	2658.01
2940.00080952	2785.69
2940.00082993	2843.03
2940.00084354	3266.7
2940.00086395	3972.87
2940.00087075	4220.66
2940.00089116	5032.63
2940.00091157	5832.79
2940.00093197	6924.92
2940.00095238	8298.02
2940.00097279	9906.62
2940.0010068	11112.1
2940.0010136	11368.9
2940.00104082	11638.7
2940.00105442	11827.1
2940.00107483	11907.7
2940.00111565	11988.8
2940.00122449	11907.7
2940.0012585	11560.0
2940.00129252	11411.1
2940.00133333	11153.3
2940.00136735	10236.1
2940.00140136	9279.07
2940.00144218	8380.39
2940.00147619	7743.63
2940.0015102	6835.71
2940.00155102	6277.45
2940.00158503	5725.75
2940.00161905	5466.68
2940.00165986	4970.87
2940.00169388	4459.06
2940.00172789	4148.32
2940.00176871	3885.54
2940.00180272	3614.77
2940.00183673	3419.4
2940.00187075	3088.23
2940.00191157	2910.52
2940.00194558	2778.82
2940.00197959	2646.54
2940.00202041	2501.96
2940.00205442	2357.98
2940.00208843	2252.68
2940.00212925	2123.05
2940.00216327	1975.1
2940.00219728	1819.4
2940.00223809	1748.92
2940.00227211	1638.13
2940.00230612	1543.86
2940.00238095	1427.44
2940.0024898	1316.53
2940.00256463	1249.23
2940.00263265	1200.83
2940.0027415	1143.67
2940.00285034	1102.76
2940.00295918	1070.56
2940.00306803	1039.3
2940.00321088	1015.83
2940.00331973	999.037
2940.00342857	986.168
2940.00353742	973.465
2940.00361224	966.877
2940.00372109	957.373
2940.00386395	951.48
2940.00404762	942.128
2940.00419048	932.867
2940.00437415	926.554
2940.00455102	923.698
2940.00484354	920.283
2940.005	920.283
3027.0	980.099
3027.00004082	983.736
3027.00012245	991.663
3027.0002517	1006.47
3027.00029252	1022.12
3027.00033333	1033.54
3027.00037415	1045.74
3027.00041497	1077.86
3027.00046259	1102.76
3027.0005034	1123.38
3027.00052381	1149.33
3027.00054422	1332.89
3027.00058503	1368.75
3027.00062585	1460.42
3027.00063946	1575.64
3027.00064626	1720.0
3027.00065986	1757.57
3027.00068027	1854.56
3027.00070068	1949.66
3027.00073469	2203.16
3027.0007551	2304.73
3027.00077551	2431.9
3027.00078912	2658.01
3027.00080952	2785.69
3027.00082993	2843.03
3027.00084354	3266.7
3027.00086395	3972.87
3027.00087075	4220.66
3027.00089116	5032.63
3027.00091157	5832.79
3027.00093197	6924.92
3027.00095238	8298.02
3027.00097279	9906.62
3027.0010068	11112.1
3027.0010136	11368.9
3027.00104082	11638.7
3027.00105442	11827.1
3027.00107483	11907.7
3027.00111565	11988.8
3027.00122449	11907.7
3027.0012585	11560.0
3027.00129252	11411.1
3027.00133333	11153.3
3027.00136735	10236.1
3027.00140136	9279.07
3027.00144218	8380.39
3027.00147619	7743.63
3027.0015102	6835.71
3027.00155102	6277.45
3027.00158503	5725.75
3027.00161905	5466.68
3027.00165986	4970.87
3027.00169388	4459.06
3027.00172789	4148.32
3027.00176871	3885.54
3027.00180272	3614.77
3027.00183673	3419.4
3027.00187075	3088.23
3027.00191157	2910.52
3027.00194558	2778.82
3027.00197959	2646.54
3027.00202041	2501.96
3027.00205442	2357.98
3027.00208843	2252.68
3027.00212925	2123.05
3027.00216327	1975.1
3027.00219728	1819.4
3027.00223809	1748.92
3027.00227211	1638.13
3027.00230612	1543.86
3027.00238095	1427.44
3027.0024898	1316.53
3027.00256463	1249.23
3027.00263265	1200.83
3027.0027415	1143.67
3027.00285034	1102.76
3027.00295918	1070.56
3027.00306803	1039.3
3027.00321088	1015.83
3027.00331973	999.037
3027.00342857	986.168
3027.00353742	973.465
3027.00361224	966.877
3027.00372109	957.373
3027.00386395	951.48
3027.00404762	942.128
3027.00419048	932.867
3027.00437415	926.554
3027.00455102	923.698
3027.00484354	920.283
3027.005	920.283
3132.0	980.099
3132.00004082	983.736
3132.00012245	991.663
3132.0002517	1006.47
3132.00029252	1022.12
3132.00033333	1033.54
3132.00037415	1045.74
3132.00041497	1077.86
3132.00046259	1102.76
3132.0005034	1123.38
3132.00052381	1149.33
3132.00054422	1332.89
3132.00058503	1368.75
3132.00062585	1460.42
3132.00063946	1575.64
3132.00064626	1720.0
3132.00065986	1757.57
3132.00068027	1854.56
3132.00070068	1949.66
3132.00073469	2203.16
3132.0007551	2304.73
3132.00077551	2431.9
3132.00078912	2658.01
3132.00080952	2785.69
3132.00082993	2843.03
3132.00084354	3266.7
3132.00086395	3972.87
3132.00087075	4220.66
3132.00089116	5032.63
3132.00091157	5832.79
3132.00093197	6924.92
3132.00095238	8298.02
3132.00097279	9906.62
3132.0010068	11112.1
3132.0010136	11368.9
3132.00104082	11638.7
3132.00105442	11827.1
3132.00107483	11907.7
3132.00111565	11988.8
3132.00122449	11907.7
3132.0012585	11560.0
3132.00129252	11411.1
3132.00133333	11153.3
3132.00136735	10236.1
3132.00140136	9279.07
3132.00144218	8380.39
3132.00147619	7743.63
3132.0015102	6835.71
3132.00155102	6277.45
3132.00158503	5725.75
3132.00161905	5466.68
3132.00165986	4970.87
3132.00169388	4459.06
3132.00172789	4148.32
3132.00176871	3885.54
3132.00180272	3614.77
3132.00183673	3419.4
3132.00187075	3088.23
3132.00191157	2910.52
3132.00194558	2778.82
3132.00197959	2646.54
3132.00202041	2501.96
3132.00205442	2357.98
3132.00208843	2252.68
3132.00212925	2123.05
3132.00216327	1975.1
3132.00219728	1819.4
3132.00223809	1748.92
3132.00227211	1638.13
3132.00230612	1543.86
3132.00238095	1427.44
3132.0024898	1316.53
3132.00256463	1249.23
3132.00263265	1200.83
3132.0027415	1143.67
3132.00285034	1102.76
3132.00295918	1070.56
3132.00306803	1039.3
3132.00321088	1015.83
3132.00331973	999.037
3132.00342857	986.168
3132.00353742	973.465
3132.00361224	966.877
3132.00372109	957.373
3132.00386395	951.48
3132.00404762	942.128
3132.00419048	932.867
3132.00437415	926.554
3132.00455102	923.698
3132.00484354	920.283
3132.005	920.283
3230.0	980.099
3230.00004082	983.736
3230.00012245	991.663
3230.0002517	1006.47
3230.00029252	1022.12
3230.00033333	1033.54
3230.00037415	1045.74
3230.00041497	1077.86
3230.00046259	1102.76
3230.0005034	1123.38
3230.00052381	1149.33
3230.00054422	1332.89
3230.00058503	1368.75
3230.00062585	1460.42
3230.00063946	1575.64
3230.00064626	1720.0
3230.00065986	1757.57
3230.00068027	1854.56
3230.00070068	1949.66
3230.00073469	2203.16
3230.0007551	2304.73
3230.00077551	2431.9
3230.00078912	2658.01
3230.00080952	2785.69
3230.00082993	2843.03
3230.00084354	3266.7
3230.00086395	3972.87
3230.00087075	4220.66
3230.00089116	5032.63
3230.00091157	5832.79
3230.00093197	6924.92
3230.00095238	8298.02
3230.00097279	9906.62
3230.0010068	11112.1
3230.0010136	11368.9
3230.00104082	11638.7
3230.00105442	11827.1
3230.00107483	11907.7
3230.00111565	11988.8
3230.00122449	11907.7
3230.0012585	11560.0
3230.00129252	11411.1
3230.00133333	11153.3
3230.00136735	10236.1
3230.00140136	9279.07
3230.00144218	8380.39
3230.00147619	7743.63
3230.0015102	6835.71
3230.00155102	6277.45
3230.00158503	5725.75
3230.00161905	5466.68
3230.00165986	4970.87
3230.00169388	4459.06
3230.00172789	4148.32
3230.00176871	3885.54
3230.00180272	3614.77
3230.00183673	3419.4
3230.00187075	3088.23
3230.00191157	2910.52
3230.00194558	2778.82
3230.00197959	2646.54
3230.00202041	2501.96
3230.00205442	2357.98
3230.00208843	2252.68
3230.00212925	2123.05
3230.00216327	1975.1
3230.00219728	1819.4
3230.00223809	1748.92
3230.00227211	1638.13
3230.00230612	1543.86
3230.00238095	1427.44
3230.0024898	1316.53
3230.00256463	1249.23
3230.00263265	1200.83
3230.0027415	1143.67
3230.00285034	1102.76
3230.00295918	1070.56
3230.00306803	1039.3
3230.00321088	1015.83
3230.00331973	999.037
3230.00342857	986.168
3230.00353742	973.465
3230.00361224	966.877
3230.00372109	957.373
3230.00386395	951.48
3230.00404762	942.128
3230.00419048	932.867
3230.00437415	926.554
3230.00455102	923.698
3230.00484354	920.283
3230.005	920.283
3331.0	980.099
3331.00004082	983.736
3331.00012245	991.663
3331.0002517	1006.47
3331.00029252	1022.12
3331.00033333	1033.54
3331.00037415	1045.74
3331.00041497	1077.86
3331.00046259	1102.76
3331.0005034	1123.38
3331.00052381	1149.33
3331.00054422	1332.89
3331.00058503	1368.75
3331.00062585	1460.42
3331.00063946	1575.64
3331.00064626	1720.0
3331.00065986	1757.57
3331.00068027	1854.56
3331.00070068	1949.66
3331.00073469	2203.16
3331.0007551	2304.73
3331.00077551	2431.9
3331.00078912	2658.01
3331.00080952	2785.69
3331.00082993	2843.03
3331.00084354	3266.7
3331.00086395	3972.87
3331.00087075	4220.66
3331.00089116	5032.63
3331.00091157	5832.79
3331.00093197	6924.92
3331.00095238	8298.02
3331.00097279	9906.62
3331.0010068	11112.1
3331.0010136	11368.9
3331.00104082	11638.7
3331.00105442	11827.1
3331.00107483	11907.7
3331.00111565	11988.8
3331.00122449	11907.7
3331.0012585	11560.0
3331.00129252	11411.1
3331.00133333	11153.3
3331.00136735	10236.1
3331.00140136	9279.07
3331.00144218	8380.39
3331.00147619	7743.63
3331.0015102	6835.71
3331.00155102	6277.45
3331.00158503	5725.75
3331.00161905	5466.68
3331.00165986	4970.87
3331.00169388	4459.06
3331.00172789	4148.32
3331.00176871	3885.54
3331.00180272	3614.77
3331.00183673	3419.4
3331.00187075	3088.23
3331.00191157	2910.52
3331.00194558	2778.82
3331.00197959	2646.54
3331.00202041	2501.96
3331.00205442	2357.98
3331.00208843	2252.68
3331.00212925	2123.05
3331.00216327	1975.1
3331.00219728	1819.4
3331.00223809	1748.92
3331.00227211	1638.13
3331.00230612	1543.86
3331.00238095	1427.44
3331.0024898	1316.53
3331.00256463	1249.23
3331.00263265	1200.83
3331.0027415	1143.67
3331.00285034	1102.76
3331.00295918	1070.56
3331.00306803	1039.3
3331.00321088	1015.83
3331.00331973	999.037
3331.00342857	986.168
3331.00353742	973.465
3331.00361224	966.877
3331.00372109	957.373
3331.00386395	951.48
3331.00404762	942.128
3331.00419048	932.867
3331.00437415	926.554
3331.00455102	923.698
3331.00484354	920.283
3331.005	920.283
3428.0	980.099
3428.00004082	983.736
3428.00012245	991.663
3428.0002517	1006.47
3428.00029252	1022.12
3428.00033333	1033.54
3428.00037415	1045.74
3428.00041497	1077.86
3428.00046259	1102.76
3428.0005034	1123.38
3428.00052381	1149.33
3428.00054422	1332.89
3428.00058503	1368.75
3428.00062585	1460.42
3428.00063946	1575.64
3428.00064626	1720.0
3428.00065986	1757.57
3428.00068027	1854.56
3428.00070068	1949.66
3428.00073469	2203.16
3428.0007551	2304.73
3428.00077551	2431.9
3428.00078912	2658.01
3428.00080952	2785.69
3428.00082993	2843.03
3428.00084354	3266.7
3428.00086395	3972.87
3428.00087075	4220.66
3428.00089116	5032.63
3428.00091157	5832.79
3428.00093197	6924.92
3428.00095238	8298.02
3428.00097279	9906.62
3428.0010068	11112.1
3428.0010136	11368.9
3428.00104082	11638.7
3428.00105442	11827.1
3428.00107483	11907.7
3428.00111565	11988.8
3428.00122449	11907.7
3428.0012585	11560.0
3428.00129252	11411.1
3428.00133333	11153.3
3428.00136735	10236.1
3428.00140136	9279.07
3428.00144218	8380.39
3428.00147619	7743.63
3428.0015102	6835.71
3428.00155102	6277.45
3428.00158503	5725.75
3428.00161905	5466.68
3428.00165986	4970.87
3428.00169388	4459.06
3428.00172789	4148.32
3428.00176871	3885.54
3428.00180272	3614.77
3428.00183673	3419.4
3428.00187075	3088.23
3428.00191157	2910.52
3428.00194558	2778.82
3428.00197959	2646.54
3428.00202041	2501.96
3428.00205442	2357.98
3428.00208843	2252.68
3428.00212925	2123.05
3428.00216327	1975.1
3428.00219728	1819.4
3428.00223809	1748.92
3428.00227211	1638.13
3428.00230612	1543.86
3428.00238095	1427.44
3428.0024898	1316.53
3428.00256463	1249.23
3428.00263265	1200.83
3428.0027415	1143.67
3428.00285034	1102.76
3428.00295918	1070.56
3428.00306803	1039.3
3428.00321088	1015.83
3428.00331973	999.037
3428.00342857	986.168
3428.00353742	973.465
3428.00361224	966.877
3428.00372109	957.373
3428.00386395	951.48
3428.00404762	942.128
3428.00419048	932.867
3428.00437415	926.554
3428.00455102	923.698
3428.00484354	920.283
3428.005	920.283
3523.0	980.099
3523.00004082	983.736
3523.00012245	991.663
3523.0002517	1006.47
3523.00029252	1022.12
3523.00033333	1033.54
3523.00037415	1045.74
3523.00041497	1077.86
3523.00046259	1102.76
3523.0005034	1123.38
3523.00052381	1149.33
3523.00054422	1332.89
3523.00058503	1368.75
3523.00062585	1460.42
3523.00063946	1575.64
3523.00064626	1720.0
3523.00065986	1757.57
3523.00068027	1854.56
3523.00070068	1949.66
3523.00073469	2203.16
3523.0007551	2304.73
3523.00077551	2431.9
3523.00078912	2658.01
3523.00080952	2785.69
3523.00082993	2843.03
3523.00084354	3266.7
3523.00086395	3972.87
3523.00087075	4220.66
3523.00089116	5032.63
3523.00091157	5832.79
3523.00093197	6924.92
3523.00095238	8298.02
3523.00097279	9906.62
3523.0010068	11112.1
3523.0010136	11368.9
3523.00104082	11638.7
3523.00105442	11827.1
3523.00107483	11907.7
3523.00111565	11988.8
3523.00122449	11907.7
3523.0012585	11560.0
3523.00129252	11411.1
3523.00133333	11153.3
3523.00136735	10236.1
3523.00140136	9279.07
3523.00144218	8380.39
3523.00147619	7743.63
3523.0015102	6835.71
3523.00155102	6277.45
3523.00158503	5725.75
3523.00161905	5466.68
3523.00165986	4970.87
3523.00169388	4459.06
3523.00172789	4148.32
3523.00176871	3885.54
3523.00180272	3614.77
3523.00183673	3419.4
3523.00187075	3088.23
3523.00191157	2910.52
3523.00194558	2778.82
3523.00197959	2646.54
3523.00202041	2501.96
3523.00205442	2357.98
3523.00208843	2252.68
3523.00212925	2123.05
3523.00216327	1975.1
3523.00219728	1819.4
3523.00223809	1748.92
3523.00227211	1638.13
3523.00230612	1543.86
3523.00238095	1427.44
3523.0024898	1316.53
3523.00256463	1249.23
3523.00263265	1200.83
3523.0027415	1143.67
3523.00285034	1102.76
3523.00295918	1070.56
3523.00306803	1039.3
3523.00321088	1015.83
3523.00331973	999.037
3523.00342857	986.168
3523.00353742	973.465
3523.00361224	966.877
3523.00372109	957.373
3523.00386395	951.48
3523.00404762	942.128
3523.00419048	932.867
3523.00437415	926.554
3523.00455102	923.698
3523.00484354	920.283
3523.005	920.283
3637.0	980.099
3637.00004082	983.736
3637.00012245	991.663
3637.0002517	1006.47
3637.00029252	1022.12
3637.00033333	1033.54
3637.00037415	1045.74
3637.00041497	1077.86
3637.00046259	1102.76
3637.0005034	1123.38
3637.00052381	1149.33
3637.00054422	1332.89
3637.00058503	1368.75
3637.00062585	1460.42
3637.00063946	1575.64
3637.00064626	1720.0
3637.00065986	1757.57
3637.00068027	1854.56
3637.00070068	1949.66
3637.00073469	2203.16
3637.0007551	2304.73
3637.00077551	2431.9
3637.00078912	2658.01
3637.00080952	2785.69
3637.00082993	2843.03
3637.00084354	3266.7
3637.00086395	3972.87
3637.00087075	4220.66
3637.00089116	5032.63
3637.00091157	5832.79
3637.00093197	6924.92
3637.00095238	8298.02
3637.00097279	9906.62
3637.0010068	11112.1
3637.0010136	11368.9
3637.00104082	11638.7
3637.00105442	11827.1
3637.00107483	11907.7
3637.00111565	11988.8
3637.00122449	11907.7
3637.0012585	11560.0
3637.00129252	11411.1
3637.00133333	11153.3
3637.00136735	10236.1
3637.00140136	9279.07
3637.00144218	8380.39
3637.00147619	7743.63
3637.0015102	6835.71
3637.00155102	6277.45
3637.00158503	5725.75
3637.00161905	5466.68
3637.00165986	4970.87
3637.00169388	4459.06
3637.00172789	4148.32
3637.00176871	3885.54
3637.00180272	3614.77
3637.00183673	3419.4
3637.00187075	3088.23
3637.00191157	2910.52
3637.00194558	2778.82
3637.00197959	2646.54
3637.00202041	2501.96
3637.00205442	2357.98
3637.00208843	2252.68
3637.00212925	2123.05
3637.00216327	1975.1
3637.00219728	1819.4
3637.00223809	1748.92
3637.00227211	1638.13
3637.00230612	1543.86
3637.00238095	1427.44
3637.0024898	1316.53
3637.00256463	1249.23
3637.00263265	1200.83
3637.0027415	1143.67
3637.00285034	1102.76
3637.00295918	1070.56
3637.00306803	1039.3
3637.00321088	1015.83
3637.00331973	999.037
3637.00342857	986.168
3637.00353742	973.465
3637.00361224	966.877
3637.00372109	957.373
3637.00386395	951.48
3637.00404762	942.128
3637.00419048	932.867
3637.00437415	926.554
3637.00455102	923.698
3637.00484354	920.283
3637.005	920.283
3741.0	980.099
3741.00004082	983.736
3741.00012245	991.663
3741.0002517	1006.47
3741.00029252	1022.12
3741.00033333	1033.54
3741.00037415	1045.74
3741.00041497	1077.86
3741.00046259	1102.76
3741.0005034	1123.38
3741.00052381	1149.33
3741.00054422	1332.89
3741.00058503	1368.75
3741.00062585	1460.42
3741.00063946	1575.64
3741.00064626	1720.0
3741.00065986	1757.57
3741.00068027	1854.56
3741.00070068	1949.66
3741.00073469	2203.16
3741.0007551	2304.73
3741.00077551	2431.9
3741.00078912	2658.01
3741.00080952	2785.69
3741.00082993	2843.03
3741.00084354	3266.7
3741.00086395	3972.87
3741.00087075	4220.66
3741.00089116	5032.63
3741.00091157	5832.79
3741.00093197	6924.92
3741.00095238	8298.02
3741.00097279	9906.62
3741.0010068	11112.1
3741.0010136	11368.9
3741.00104082	11638.7
3741.00105442	11827.1
3741.00107483	11907.7
3741.00111565	11988.8
3741.00122449	11907.7
3741.0012585	11560.0
3741.00129252	11411.1
3741.00133333	11153.3
3741.00136735	10236.1
3741.00140136	9279.07
3741.00144218	8380.39
3741.00147619	7743.63
3741.0015102	6835.71
3741.00155102	6277.45
3741.00158503	5725.75
3741.00161905	5466.68
3741.00165986	4970.87
3741.00169388	4459.06
3741.00172789	4148.32
3741.00176871	3885.54
3741.00180272	3614.77
3741.00183673	3419.4
3741.00187075	3088.23
3741.00191157	2910.52
3741.00194558	2778.82
3741.00197959	2646.54
3741.00202041	2501.96
3741.00205442	2357.98
3741.00208843	2252.68
3741.00212925	2123.05
3741.00216327	1975.1
3741.00219728	1819.4
3741.00223809	1748.92
3741.00227211	1638.13
3741.00230612	1543.86
3741.00238095	1427.44
3741.0024898	1316.53
3741.00256463	1249.23
3741.00263265	1200.83
3741.0027415	1143.67
3741.00285034	1102.76
3741.00295918	1070.56
3741.00306803	1039.3
3741.00321088	1015.83
3741.00331973	999.037
3741.00342857	986.168
3741.00353742	973.465
3741.00361224	966.877
3741.00372109	957.373
3741.00386395	951.48
3741.00404762	942.128
3741.00419048	932.867
3741.00437415	926.554
3741.00455102	923.698
3741.00484354	920.283
3741.005	920.283
3830.0	980.099
3830.00004082	983.736
3830.00012245	991.663
3830.0002517	1006.47
3830.00029252	1022.12
3830.00033333	1033.54
3830.00037415	1045.74
3830.00041497	1077.86
3830.00046259	1102.76
3830.0005034	1123.38
3830.00052381	1149.33
3830.00054422	1332.89
3830.00058503	1368.75
3830.00062585	1460.42
3830.00063946	1575.64
3830.00064626	1720.0
3830.00065986	1757.57
3830.00068027	1854.56
3830.00070068	1949.66
3830.00073469	2203.16
3830.0007551	2304.73
3830.00077551	2431.9
3830.00078912	2658.01
3830.00080952	2785.69
3830.00082993	2843.03
3830.00084354	3266.7
3830.00086395	3972.87
3830.00087075	4220.66
3830.00089116	5032.63
3830.00091157	5832.79
3830.00093197	6924.92
3830.00095238	8298.02
3830.00097279	9906.62
3830.0010068	11112.1
3830.0010136	11368.9
3830.00104082	11638.7
3830.00105442	11827.1
3830.00107483	11907.7
3830.00111565	11988.8
3830.00122449	11907.7
3830.0012585	11560.0
3830.00129252	11411.1
3830.00133333	11153.3
3830.00136735	10236.1
3830.00140136	9279.07
3830.00144218	8380.39
3830.00147619	7743.63
3830.0015102	6835.71
3830.00155102	6277.45
3830.00158503	5725.75
3830.00161905	5466.68
3830.00165986	4970.87
3830.00169388	4459.06
3830.00172789	4148.32
3830.00176871	3885.54
3830.00180272	3614.77
3830.00183673	3419.4
3830.00187075	3088.23
3830.00191157	2910.52
3830.00194558	2778.82
3830.00197959	2646.54
3830.00202041	2501.96
3830.00205442	2357.98
3830.00208843	2252.68
3830.00212925	2123.05
3830.00216327	1975.1
3830.00219728	1819.4
3830.00223809	1748.92
3830.00227211	1638.13
3830.00230612	1543.86
3830.00238095	1427.44
3830.0024898	1316.53
3830.00256463	1249.23
3830.00263265	1200.83
3830.0027415	1143.67
3830.00285034	1102.76
3830.00295918	1070.56
3830.00306803	1039.3
3830.00321088	1015.83
3830.00331973	999.037
3830.00342857	986.168
3830.00353742	973.465
3830.00361224	966.877
3830.00372109	957.373
3830.00386395	951.48
3830.00404762	942.128
3830.00419048	932.867
3830.00437415	926.554
3830.00455102	923.698
3830.00484354	920.283
3830.005	920.283
3940.0	980.099
3940.00004082	983.736
3940.00012245	991.663
3940.0002517	1006.47
3940.00029252	1022.12
3940.00033333	1033.54
3940.00037415	1045.74
3940.00041497	1077.86
3940.00046259	1102.76
3940.0005034	1123.38
3940.00052381	1149.33
3940.00054422	1332.89
3940.00058503	1368.75
3940.00062585	1460.42
3940.00063946	1575.64
3940.00064626	1720.0
3940.00065986	1757.57
3940.00068027	1854.56
3940.00070068	1949.66
3940.00073469	2203.16
3940.0007551	2304.73
3940.00077551	2431.9
3940.00078912	2658.01
3940.00080952	2785.69
3940.00082993	2843.03
3940.00084354	3266.7
3940.00086395	3972.87
3940.00087075	4220.66
3940.00089116	5032.63
3940.00091157	5832.79
3940.00093197	6924.92
3940.00095238	8298.02
3940.00097279	9906.62
3940.0010068	11112.1
3940.0010136	11368.9
3940.00104082	11638.7
3940.00105442	11827.1
3940.00107483	11907.7
3940.00111565	11988.8
3940.00122449	11907.7
3940.0012585	11560.0
3940.00129252	11411.1
3940.00133333	11153.3
3940.00136735	10236.1
3940.00140136	9279.07
3940.00144218	8380.39
3940.00147619	7743.63
3940.0015102	6835.71
3940.00155102	6277.45
3940.00158503	5725.75
3940.00161905	5466.68
3940.00165986	4970.87
3940.00169388	4459.06
3940.00172789	4148.32
3940.00176871	3885.54
3940.00180272	3614.77
3940.00183673	3419.4
3940.00187075	3088.23
3940.00191157	2910.52
3940.00194558	2778.82
3940.00197959	2646.54
3940.00202041	2501.96
3940.00205442	2357.98
3940.00208843	2252.68
3940.00212925	2123.05
3940.00216327	1975.1
3940.00219728	1819.4
3940.00223809	1748.92
3940.00227211	1638.13
3940.00230612	1543.86
3940.00238095	1427.44
3940.0024898	1316.53
3940.00256463	1249.23
3940.00263265	1200.83
3940.0027415	1143.67
3940.00285034	1102.76
3940.00295918	1070.56
3940.00306803	1039.3
3940.00321088	1015.83
3940.00331973	999.037
3940.00342857	986.168
3940.00353742	973.465
3940.00361224	966.877
3940.00372109	957.373
3940.00386395	951.48
3940.00404762	942.128
3940.00419048	932.867
3940.00437415	926.554
3940.00455102	923.698
3940.00484354	920.283
3940.005	920.283
4038.0	980.099
4038.00004082	983.736
4038.00012245	991.663
4038.0002517	1006.47
4038.00029252	1022.12
4038.00033333	1033.54
4038.00037415	1045.74
4038.00041497	1077.86
4038.00046259	1102.76
4038.0005034	1123.38
4038.00052381	1149.33
4038.00054422	1332.89
4038.00058503	1368.75
4038.00062585	1460.42
4038.00063946	1575.64
4038.00064626	1720.0
4038.00065986	1757.57
4038.00068027	1854.56
4038.00070068	1949.66
4038.00073469	2203.16
4038.0007551	2304.73
4038.00077551	2431.9
4038.00078912	2658.01
4038.00080952	2785.69
4038.00082993	2843.03
4038.00084354	3266.7
4038.00086395	3972.87
4038.00087075	4220.66
4038.00089116	5032.63
4038.00091157	5832.79
4038.00093197	6924.92
4038.00095238	8298.02
4038.00097279	9906.62
4038.0010068	11112.1
4038.0010136	11368.9
4038.00104082	11638.7
4038.00105442	11827.1
4038.00107483	11907.7
4038.00111565	11988.8
4038.00122449	11907.7
4038.0012585	11560.0
4038.00129252	11411.1
4038.00133333	11153.3
4038.00136735	10236.1
4038.00140136	9279.07
4038.00144218	8380.39
4038.00147619	7743.63
4038.0015102	6835.71
4038.00155102	6277.45
4038.00158503	5725.75
4038.00161905	5466.68
4038.00165986	4970.87
4038.00169388	4459.06
4038.00172789	4148.32
4038.00176871	3885.54
4038.00180272	3614.77
4038.00183673	3419.4
4038.00187075	3088.23
4038.00191157	2910.52
4038.00194558	2778.82
4038.00197959	2646.54
4038.00202041	2501.96
4038.00205442	2357.98
4038.00208843	2252.68
4038.00212925	2123.05
4038.00216327	1975.1
4038.00219728	1819.4
4038.00223809	1748.92
4038.00227211	1638.13
4038.00230612	1543.86
4038.00238095	1427.44
4038.0024898	1316.53
4038.00256463	1249.23
4038.00263265	1200.83
4038.0027415	1143.67
4038.00285034	1102.76
4038.00295918	1070.56
4038.00306803	1039.3
4038.00321088	1015.83
4038.00331973	999.037
4038.00342857	986.168
4038.00353742	973.465
4038.00361224	966.877
4038.00372109	957.373
4038.00386395	951.48
4038.00404762	942.128
4038.00419048	932.867
4038.00437415	926.554
4038.00455102	923.698
4038.00484354	920.283
4038.005	920.283
4147.0	980.099
4147.00004082	983.736
4147.00012245	991.663
4147.0002517	1006.47
4147.00029252	1022.12
4147.00033333	1033.54
4147.00037415	1045.74
4147.00041497	1077.86
4147.00046258	1102.76
4147.0005034	1123.38
4147.00052381	1149.33
4147.00054422	1332.89
4147.00058503	1368.75
4147.00062585	1460.42
4147.00063946	1575.64
4147.00064626	1720.0
4147.00065986	1757.57
4147.00068027	1854.56
4147.00070068	1949.66
4147.00073469	2203.16
4147.0007551	2304.73
4147.00077551	2431.9
4147.00078912	2658.01
4147.00080952	2785.69
4147.00082993	2843.03
4147.00084354	3266.7
4147.00086395	3972.87
4147.00087075	4220.66
4147.00089116	5032.63
4147.00091157	5832.79
4147.00093197	6924.92
4147.00095238	8298.02
4147.00097279	9906.62
4147.0010068	11112.1
4147.0010136	11368.9
4147.00104082	11638.7
4147.00105442	11827.1
4147.00107483	11907.7
4147.00111565	11988.8
4147.00122449	11907.7
4147.0012585	11560.0
4147.00129252	11411.1
4147.00133333	11153.3
4147.00136735	10236.1
4147.00140136	9279.07
4147.00144218	8380.39
4147.00147619	7743.63
4147.0015102	6835.71
4147.00155102	6277.45
4147.00158503	5725.75
4147.00161905	5466.68
4147.00165986	4970.87
4147.00169388	4459.06
4147.00172789	4148.32
4147.00176871	3885.54
4147.00180272	3614.77
4147.00183673	3419.4
4147.00187075	3088.23
4147.00191157	2910.52
4147.00194558	2778.82
4147.00197959	2646.54
4147.00202041	2501.96
4147.00205442	2357.98
4147.00208843	2252.68
4147.00212925	2123.05
4147.00216327	1975.1
4147.00219728	1819.4
4147.00223809	1748.92
4147.00227211	1638.13
4147.00230612	1543.86
4147.00238095	1427.44
4147.0024898	1316.53
4147.00256463	1249.23
4147.00263265	1200.83
4147.0027415	1143.67
4147.00285034	1102.76
4147.00295918	1070.56
4147.00306803	1039.3
4147.00321088	1015.83
4147.00331973	999.037
4147.00342857	986.168
4147.00353742	973.465
4147.00361224	966.877
4147.00372109	957.373
4147.00386395	951.48
4147.00404762	942.128
4147.00419048	932.867
4147.00437415	926.554
4147.00455102	923.698
4147.00484354	920.283
4147.005	920.283
4254.0	980.099
4254.00004082	983.736
4254.00012245	991.663
4254.0002517	1006.47
4254.00029252	1022.12
4254.00033333	1033.54
4254.00037415	1045.74
4254.00041497	1077.86
4254.00046258	1102.76
4254.0005034	1123.38
4254.00052381	1149.33
4254.00054422	1332.89
4254.00058503	1368.75
4254.00062585	1460.42
4254.00063946	1575.64
4254.00064626	1720.0
4254.00065986	1757.57
4254.00068027	1854.56
4254.00070068	1949.66
4254.00073469	2203.16
4254.0007551	2304.73
4254.00077551	2431.9
4254.00078912	2658.01
4254.00080952	2785.69
4254.00082993	2843.03
4254.00084354	3266.7
4254.00086395	3972.87
4254.00087075	4220.66
4254.00089116	5032.63
4254.00091157	5832.79
4254.00093197	6924.92
4254.00095238	8298.02
4254.00097279	9906.62
4254.0010068	11112.1
4254.0010136	11368.9
4254.00104082	11638.7
4254.00105442	11827.1
4254.00107483	11907.7
4254.00111565	11988.8
4254.00122449	11907.7
4254.0012585	11560.0
4254.00129252	11411.1
4254.00133333	11153.3
4254.00136735	10236.1
4254.00140136	9279.07
4254.00144218	8380.39
4254.00147619	7743.63
4254.0015102	6835.71
4254.00155102	6277.45
4254.00158503	5725.75
4254.00161905	5466.68
4254.00165986	4970.87
4254.00169388	4459.06
4254.00172789	4148.32
4254.00176871	3885.54
4254.00180272	3614.77
4254.00183673	3419.4
4254.00187075	3088.23
4254.00191157	2910.52
4254.00194558	2778.82
4254.00197959	2646.54
4254.00202041	2501.96
4254.00205442	2357.98
4254.00208843	2252.68
4254.00212925	2123.05
4254.00216327	1975.1
4254.00219728	1819.4
4254.00223809	1748.92
4254.00227211	1638.13
4254.00230612	1543.86
4254.00238095	1427.44
4254.0024898	1316.53
4254.00256463	1249.23
4254.00263265	1200.83
4254.0027415	1143.67
4254.00285034	1102.76
4254.00295918	1070.56
4254.00306803	1039.3
4254.00321088	1015.83
4254.00331973	999.037
4254.00342857	986.168
4254.00353742	973.465
4254.00361224	966.877
4254.00372109	957.373
4254.00386395	951.48
4254.00404762	942.128
4254.00419048	932.867
4254.00437415	926.554
4254.00455102	923.698
4254.00484354	920.283
4254.005	920.283
4347.0	980.099
4347.00004082	983.736
4347.00012245	991.663
4347.0002517	1006.47
4347.00029252	1022.12
4347.00033333	1033.54
4347.00037415	1045.74
4347.00041497	1077.86
4347.00046258	1102.76
4347.0005034	1123.38
4347.00052381	1149.33
4347.00054422	1332.89
4347.00058503	1368.75
4347.00062585	1460.42
4347.00063946	1575.64
4347.00064626	1720.0
4347.00065986	1757.57
4347.00068027	1854.56
4347.00070068	1949.66
4347.00073469	2203.16
4347.0007551	2304.73
4347.00077551	2431.9
4347.00078912	2658.01
4347.00080952	2785.69
4347.00082993	2843.03
4347.00084354	3266.7
4347.00086395	3972.87
4347.00087075	4220.66
4347.00089116	5032.63
4347.00091157	5832.79
4347.00093197	6924.92
4347.00095238	8298.02
4347.00097279	9906.62
4347.0010068	11112.1
4347.0010136	11368.9
4347.00104082	11638.7
4347.00105442	11827.1
4347.00107483	11907.7
4347.00111565	11988.8
4347.00122449	11907.7
4347.0012585	11560.0
4347.00129252	11411.1
4347.00133333	11153.3
4347.00136735	10236.1
4347.00140136	9279.07
4347.00144218	8380.39
4347.00147619	7743.63
4347.0015102	6835.71
4347.00155102	6277.45
4347.00158503	5725.75
4347.00161905	5466.68
4347.00165986	4970.87
4347.00169388	4459.06
4347.00172789	4148.32
4347.00176871	3885.54
4347.00180272	3614.77
4347.00183673	3419.4
4347.00187075	3088.23
4347.00191157	2910.52
4347.00194558	2778.82
4347.00197959	2646.54
4347.00202041	2501.96
4347.00205442	2357.98
4347.00208843	2252.68
4347.00212925	2123.05
4347.00216327	1975.1
4347.00219728	1819.4
4347.00223809	1748.92
4347.00227211	1638.13
4347.00230612	1543.86
4347.00238095	1427.44
4347.0024898	1316.53
4347.00256463	1249.23
4347.00263265	1200.83
4347.0027415	1143.67
4347.00285034	1102.76
4347.00295918	1070.56
4347.00306803	1039.3
4347.00321088	1015.83
4347.00331973	999.037
4347.00342857	986.168
4347.00353742	973.465
4347.00361224	966.877
4347.00372109	957.373
4347.00386395	951.48
4347.00404762	942.128
4347.00419048	932.867
4347.00437415	926.554
4347.00455102	923.698
4347.00484354	920.283
4347.005	920.283
4450.0	980.099
4450.00004082	983.736
4450.00012245	991.663
4450.0002517	1006.47
4450.00029252	1022.12
4450.00033333	1033.54
4450.00037415	1045.74
4450.00041497	1077.86
4450.00046258	1102.76
4450.0005034	1123.38
4450.00052381	1149.33
4450.00054422	1332.89
4450.00058503	1368.75
4450.00062585	1460.42
4450.00063946	1575.64
4450.00064626	1720.0
4450.00065986	1757.57
4450.00068027	1854.56
4450.00070068	1949.66
4450.00073469	2203.16
4450.0007551	2304.73
4450.00077551	2431.9
4450.00078912	2658.01
4450.00080952	2785.69
4450.00082993	2843.03
4450.00084354	3266.7
4450.00086395	3972.87
4450.00087075	4220.66
4450.00089116	5032.63
4450.00091157	5832.79
4450.00093197	6924.92
4450.00095238	8298.02
4450.00097279	9906.62
4450.0010068	11112.1
4450.0010136	11368.9
4450.00104082	11638.7
4450.00105442	11827.1
4450.00107483	11907.7
4450.00111565	11988.8
4450.00122449	11907.7
4450.0012585	11560.0
4450.00129252	11411.1
4450.00133333	11153.3
4450.00136735	10236.1
4450.00140136	9279.07
4450.00144218	8380.39
4450.00147619	7743.63
4450.0015102	6835.71
4450.00155102	6277.45
4450.00158503	5725.75
4450.00161905	5466.68
4450.00165986	4970.87
4450.00169388	4459.06
4450.00172789	4148.32
4450.00176871	3885.54
4450.00180272	3614.77
4450.00183673	3419.4
4450.00187075	3088.23
4450.00191157	2910.52
4450.00194558	2778.82
4450.00197959	2646.54
4450.00202041	2501.96
4450.00205442	2357.98
4450.00208843	2252.68
4450.00212925	2123.05
4450.00216327	1975.1
4450.00219728	1819.4
4450.00223809	1748.92
4450.00227211	1638.13
4450.00230612	1543.86
4450.00238095	1427.44
4450.0024898	1316.53
4450.00256463	1249.23
4450.00263265	1200.83
4450.0027415	1143.67
4450.00285034	1102.76
4450.00295918	1070.56
4450.00306803	1039.3
4450.00321088	1015.83
4450.00331973	999.037
4450.00342857	986.168
4450.00353742	973.465
4450.00361224	966.877
4450.00372109	957.373
4450.00386395	951.48
4450.00404762	942.128
4450.00419048	932.867
4450.00437415	926.554
4450.00455102	923.698
4450.00484354	920.283
4450.005	920.283
4546.0	980.099
4546.00004082	983.736
4546.00012245	991.663
4546.0002517	1006.47
4546.00029252	1022.12
4546.00033333	1033.54
4546.00037415	1045.74
4546.00041497	1077.86
4546.00046258	1102.76
4546.0005034	1123.38
4546.00052381	1149.33
4546.00054422	1332.89
4546.00058503	1368.75
4546.00062585	1460.42
4546.00063946	1575.64
4546.00064626	1720.0
4546.00065986	1757.57
4546.00068027	1854.56
4546.00070068	1949.66
4546.00073469	2203.16
4546.0007551	2304.73
4546.00077551	2431.9
4546.00078912	2658.01
4546.00080952	2785.69
4546.00082993	2843.03
4546.00084354	3266.7
4546.00086395	3972.87
4546.00087075	4220.66
4546.00089116	5032.63
4546.00091157	5832.79
4546.00093197	6924.92
4546.00095238	8298.02
4546.00097279	9906.62
4546.0010068	11112.1
4546.0010136	11368.9
4546.00104082	11638.7
4546.00105442	11827.1
4546.00107483	11907.7
4546.00111565	11988.8
4546.00122449	11907.7
4546.0012585	11560.0
4546.00129252	11411.1
4546.00133333	11153.3
4546.00136735	10236.1
4546.00140136	9279.07
4546.00144218	8380.39
4546.00147619	7743.63
4546.0015102	6835.71
4546.00155102	6277.45
4546.00158503	5725.75
4546.00161905	5466.68
4546.00165986	4970.87
4546.00169388	4459.06
4546.00172789	4148.32
4546.00176871	3885.54
4546.00180272	3614.77
4546.00183673	3419.4
4546.00187075	3088.23
4546.00191157	2910.52
4546.00194558	2778.82
4546.00197959	2646.54
4546.00202041	2501.96
4546.00205442	2357.98
4546.00208843	2252.68
4546.00212925	2123.05
4546.00216327	1975.1
4546.00219728	1819.4
4546.00223809	1748.92
4546.00227211	1638.13
4546.00230612	1543.86
4546.00238095	1427.44
4546.0024898	1316.53
4546.00256463	1249.23
4546.00263265	1200.83
4546.0027415	1143.67
4546.00285034	1102.76
4546.00295918	1070.56
4546.00306803	1039.3
4546.00321088	1015.83
4546.00331973	999.037
4546.00342857	986.168
4546.00353742	973.465
4546.00361224	966.877
4546.00372109	957.373
4546.00386395	951.48
4546.00404762	942.128
4546.00419048	932.867
4546.00437415	926.554
4546.00455102	923.698
4546.00484354	920.283
4546.005	920.283
4634.0	980.099
4634.00004082	983.736
4634.00012245	991.663
4634.0002517	1006.47
4634.00029252	1022.12
4634.00033333	1033.54
4634.00037415	1045.74
4634.00041497	1077.86
4634.00046258	1102.76
4634.0005034	1123.38
4634.00052381	1149.33
4634.00054422	1332.89
4634.00058503	1368.75
4634.00062585	1460.42
4634.00063946	1575.64
4634.00064626	1720.0
4634.00065986	1757.57
4634.00068027	1854.56
4634.00070068	1949.66
4634.00073469	2203.16
4634.0007551	2304.73
4634.00077551	2431.9
4634.00078912	2658.01
4634.00080952	2785.69
4634.00082993	2843.03
4634.00084354	3266.7
4634.00086395	3972.87
4634.00087075	4220.66
4634.00089116	5032.63
4634.00091157	5832.79
4634.00093197	6924.92
4634.00095238	8298.02
4634.00097279	9906.62
4634.0010068	11112.1
4634.0010136	11368.9
4634.00104082	11638.7
4634.00105442	11827.1
4634.00107483	11907.7
4634.00111565	11988.8
4634.00122449	11907.7
4634.0012585	11560.0
4634.00129252	11411.1
4634.00133333	11153.3
4634.00136735	10236.1
4634.00140136	9279.07
4634.00144218	8380.39
4634.00147619	7743.63
4634.0015102	6835.71
4634.00155102	6277.45
4634.00158503	5725.75
4634.00161905	5466.68
4634.00165986	4970.87
4634.00169388	4459.06
4634.00172789	4148.32
4634.00176871	3885.54
4634.00180272	3614.77
4634.00183673	3419.4
4634.00187075	3088.23
4634.00191157	2910.52
4634.00194558	2778.82
4634.00197959	2646.54
4634.00202041	2501.96
4634.00205442	2357.98
4634.00208843	2252.68
4634.00212925	2123.05
4634.00216327	1975.1
4634.00219728	1819.4
4634.00223809	1748.92
4634.00227211	1638.13
4634.00230612	1543.86
4634.00238095	1427.44
4634.0024898	1316.53
4634.00256463	1249.23
4634.00263265	1200.83
4634.0027415	1143.67
4634.00285034	1102.76
4634.00295918	1070.56
4634.00306803	1039.3
4634.00321088	1015.83
4634.00331973	999.037
4634.00342857	986.168
4634.00353742	973.465
4634.00361224	966.877
4634.00372109	957.373
4634.00386395	951.48
4634.00404762	942.128
4634.00419048	932.867
4634.00437415	926.554
4634.00455102	923.698
4634.00484354	920.283
4634.005	920.283
4732.0	980.099
4732.00004082	983.736
4732.00012245	991.663
4732.0002517	1006.47
4732.00029252	1022.12
4732.00033333	1033.54
4732.00037415	1045.74
4732.00041497	1077.86
4732.00046258	1102.76
4732.0005034	1123.38
4732.00052381	1149.33
4732.00054422	1332.89
4732.00058503	1368.75
4732.00062585	1460.42
4732.00063946	1575.64
4732.00064626	1720.0
4732.00065986	1757.57
4732.00068027	1854.56
4732.00070068	1949.66
4732.00073469	2203.16
4732.0007551	2304.73
4732.00077551	2431.9
4732.00078912	2658.01
4732.00080952	2785.69
4732.00082993	2843.03
4732.00084354	3266.7
4732.00086395	3972.87
4732.00087075	4220.66
4732.00089116	5032.63
4732.00091157	5832.79
4732.00093197	6924.92
4732.00095238	8298.02
4732.00097279	9906.62
4732.0010068	11112.1
4732.0010136	11368.9
4732.00104082	11638.7
4732.00105442	11827.1
4732.00107483	11907.7
4732.00111565	11988.8
4732.00122449	11907.7
4732.0012585	11560.0
4732.00129252	11411.1
4732.00133333	11153.3
4732.00136735	10236.1
4732.00140136	9279.07
4732.00144218	8380.39
4732.00147619	7743.63
4732.0015102	6835.71
4732.00155102	6277.45
4732.00158503	5725.75
4732.00161905	5466.68
4732.00165986	4970.87
4732.00169388	4459.06
4732.00172789	4148.32
4732.00176871	3885.54
4732.00180272	3614.77
4732.00183673	3419.4
4732.00187075	3088.23
4732.00191157	2910.52
4732.00194558	2778.82
4732.00197959	2646.54
4732.00202041	2501.96
4732.00205442	2357.98
4732.00208843	2252.68
4732.00212925	2123.05
4732.00216327	1975.1
4732.00219728	1819.4
4732.00223809	1748.92
4732.00227211	1638.13
4732.00230612	1543.86
4732.00238095	1427.44
4732.0024898	1316.53
4732.00256463	1249.23
4732.00263265	1200.83
4732.0027415	1143.67
4732.00285034	1102.76
4732.00295918	1070.56
4732.00306803	1039.3
4732.00321088	1015.83
4732.00331973	999.037
4732.00342857	986.168
4732.00353742	973.465
4732.00361224	966.877
4732.00372109	957.373
4732.00386395	951.48
4732.00404762	942.128
4732.00419048	932.867
4732.00437415	926.554
4732.00455102	923.698
4732.00484354	920.283
4732.005	920.283
4834.0	980.099
4834.00004082	983.736
4834.00012245	991.663
4834.0002517	1006.47
4834.00029252	1022.12
4834.00033333	1033.54
4834.00037415	1045.74
4834.00041497	1077.86
4834.00046258	1102.76
4834.0005034	1123.38
4834.00052381	1149.33
4834.00054422	1332.89
4834.00058503	1368.75
4834.00062585	1460.42
4834.00063946	1575.64
4834.00064626	1720.0
4834.00065986	1757.57
4834.00068027	1854.56
4834.00070068	1949.66
4834.00073469	2203.16
4834.0007551	2304.73
4834.00077551	2431.9
4834.00078912	2658.01
4834.00080952	2785.69
4834.00082993	2843.03
4834.00084354	3266.7
4834.00086395	3972.87
4834.00087075	4220.66
4834.00089116	5032.63
4834.00091157	5832.79
4834.00093197	6924.92
4834.00095238	8298.02
4834.00097279	9906.62
4834.0010068	11112.1
4834.0010136	11368.9
4834.00104082	11638.7
4834.00105442	11827.1
4834.00107483	11907.7
4834.00111565	11988.8
4834.00122449	11907.7
4834.0012585	11560.0
4834.00129252	11411.1
4834.00133333	11153.3
4834.00136735	10236.1
4834.00140136	9279.07
4834.00144218	8380.39
4834.00147619	7743.63
4834.0015102	6835.71
4834.00155102	6277.45
4834.00158503	5725.75
4834.00161905	5466.68
4834.00165986	4970.87
4834.00169388	4459.06
4834.00172789	4148.32
4834.00176871	3885.54
4834.00180272	3614.77
4834.00183673	3419.4
4834.00187075	3088.23
4834.00191157	2910.52
4834.00194558	2778.82
4834.00197959	2646.54
4834.00202041	2501.96
4834.00205442	2357.98
4834.00208843	2252.68
4834.00212925	2123.05
4834.00216327	1975.1
4834.00219728	1819.4
4834.00223809	1748.92
4834.00227211	1638.13
4834.00230612	1543.86
4834.00238095	1427.44
4834.0024898	1316.53
4834.00256463	1249.23
4834.00263265	1200.83
4834.0027415	1143.67
4834.00285034	1102.76
4834.00295918	1070.56
4834.00306803	1039.3
4834.00321088	1015.83
4834.00331973	999.037
4834.00342857	986.168
4834.00353742	973.465
4834.00361224	966.877
4834.00372109	957.373
4834.00386395	951.48
4834.00404762	942.128
4834.00419048	932.867
4834.00437415	926.554
4834.00455102	923.698
4834.00484354	920.283
4834.005	920.283
4923.0	980.099
4923.00004082	983.736
4923.00012245	991.663
4923.0002517	1006.47
4923.00029252	1022.12
4923.00033333	1033.54
4923.00037415	1045.74
4923.00041497	1077.86
4923.00046258	1102.76
4923.0005034	1123.38
4923.00052381	1149.33
4923.00054422	1332.89
4923.00058503	1368.75
4923.00062585	1460.42
4923.00063946	1575.64
4923.00064626	1720.0
4923.00065986	1757.57
4923.00068027	1854.56
4923.00070068	1949.66
4923.00073469	2203.16
4923.0007551	2304.73
4923.00077551	2431.9
4923.00078912	2658.01
4923.00080952	2785.69
4923.00082993	2843.03
4923.00084354	3266.7
4923.00086395	3972.87
4923.00087075	4220.66
4923.00089116	5032.63
4923.00091157	5832.79
4923.00093197	6924.92
4923.00095238	8298.02
4923.00097279	9906.62
4923.0010068	11112.1
4923.0010136	11368.9
4923.00104082	11638.7
4923.00105442	11827.1
4923.00107483	11907.7
4923.00111565	11988.8
4923.00122449	11907.7
4923.0012585	11560.0
4923.00129252	11411.1
4923.00133333	11153.3
4923.00136735	10236.1
4923.00140136	9279.07
4923.00144218	8380.39
4923.00147619	7743.63
4923.0015102	6835.71
4923.00155102	6277.45
4923.00158503	5725.75
4923.00161905	5466.68
4923.00165986	4970.87
4923.00169388	4459.06
4923.00172789	4148.32
4923.00176871	3885.54
4923.00180272	3614.77
4923.00183673	3419.4
4923.00187075	3088.23
4923.00191157	2910.52
4923.00194558	2778.82
4923.00197959	2646.54
4923.00202041	2501.96
4923.00205442	2357.98
4923.00208843	2252.68
4923.00212925	2123.05
4923.00216327	1975.1
4923.00219728	1819.4
4923.00223809	1748.92
4923.00227211	1638.13
4923.00230612	1543.86
4923.00238095	1427.44
4923.0024898	1316.53
4923.00256463	1249.23
4923.00263265	1200.83
4923.0027415	1143.67
4923.00285034	1102.76
4923.00295918	1070.56
4923.00306803	1039.3
4923.00321088	1015.83
4923.00331973	999.037
4923.00342857	986.168
4923.00353742	973.465
4923.00361224	966.877
4923.00372109	957.373
4923.00386395	951.48
4923.00404762	942.128
4923.00419048	932.867
4923.00437415	926.554
4923.00455102	923.698
4923.00484354	920.283
4923.005	920.283
