85.0	507329.0
85.000040816	505462.0
85.000122449	501439.0
85.000251701	494085.0
85.000292517	486525.0
85.000333333	481146.0
85.00037415	475524.0
85.000414966	461290.0
85.000462585	450790.0
85.000503401	442431.0
85.00052381	432308.0
85.000544218	371398.0
85.000585034	361309.0
85.00062585	337659.0
85.000639456	311653.0
85.000646259	283770.0
85.000659864	277232.0
85.000680272	261528.0
85.00070068	247585.0
85.000734694	216090.0
85.000755102	205349.0
85.00077551	193124.0
85.000789116	174196.0
85.000809524	164828.0
85.000829932	160888.0
85.000843537	135974.0
85.000863946	106086.0
85.000870748	97947.0
85.000891156	76879.7
85.000911565	61883.0
85.000931973	47085.1
85.000952381	34140.5
85.000972789	23707.2
85.0010068	17971.3
85.0010136	16917.3
85.00104082	15863.5
85.00105442	15158.9
85.00107483	14864.7
85.00111565	14572.9
85.00122449	14864.7
85.0012585	16165.6
85.00129252	16749.0
85.00133333	17798.5
85.00136735	21995.9
85.00140136	27324.4
85.00144218	33503.8
85.00147619	38794.2
85.0015102	48112.4
85.00155102	55223.0
85.00158503	63643.5
85.00161905	68194.0
85.00165986	78239.8
85.00169388	90966.0
85.00172789	100223.0
85.00176871	109200.0
85.00180272	119802.0
85.00183673	128480.0
85.00187075	145653.0
85.00191157	156445.0
85.00194558	165311.0
85.00197959	175080.0
85.00202041	186905.0
85.00205442	200075.0
85.00208844	210737.0
85.00212925	225261.0
85.00216326	244074.0
85.00219728	267035.0
85.00223809	278715.0
85.00227211	299008.0
85.00230612	318456.0
85.00238095	345836.0
85.0024898	376173.0
85.00256463	397062.0
85.00263265	413447.0
85.0027415	434480.0
85.00285034	450790.0
85.00295918	464452.0
85.00306803	478475.0
85.00321088	489537.0
85.00331973	497750.0
85.00342857	504221.0
85.00353741	510767.0
85.00361224	514225.0
85.00372109	519292.0
85.00386395	522481.0
85.00404762	527620.0
85.00419048	532803.0
85.00437415	536392.0
85.00455102	538031.0
85.00484354	540003.0
85.005	540003.0
186.0	507329.0
186.000040816	505462.0
186.000122449	501439.0
186.000251701	494085.0
186.000292517	486525.0
186.000333333	481146.0
186.00037415	475524.0
186.000414966	461290.0
186.000462585	450790.0
186.000503401	442431.0
186.00052381	432308.0
186.000544218	371398.0
186.000585034	361309.0
186.00062585	337659.0
186.000639456	311653.0
186.000646259	283770.0
186.000659864	277232.0
186.000680272	261528.0
186.00070068	247585.0
186.000734694	216090.0
186.000755102	205349.0
186.00077551	193124.0
186.000789116	174196.0
186.000809524	164828.0
186.000829932	160888.0
186.000843537	135974.0
186.000863946	106086.0
186.000870748	97947.0
186.000891156	76879.7
186.000911565	61883.0
186.000931973	47085.1
186.000952381	34140.5
186.000972789	23707.2
186.0010068	17971.3
186.0010136	16917.3
186.00104082	15863.5
186.00105442	15158.9
186.00107483	14864.7
186.00111565	14572.9
186.00122449	14864.7
186.0012585	16165.6
186.00129252	16749.0
186.00133333	17798.5
186.00136735	21995.9
186.00140136	27324.4
186.00144218	33503.8
186.00147619	38794.2
186.0015102	48112.4
186.00155102	55223.0
186.00158503	63643.5
186.00161905	68194.0
186.00165986	78239.8
186.00169388	90966.0
186.00172789	100223.0
186.00176871	109200.0
186.00180272	119802.0
186.00183673	128480.0
186.00187075	145653.0
186.00191157	156445.0
186.00194558	165311.0
186.00197959	175080.0
186.00202041	186905.0
186.00205442	200075.0
186.00208844	210737.0
186.00212925	225261.0
186.00216326	244074.0
186.00219728	267035.0
186.00223809	278715.0
186.00227211	299008.0
186.00230612	318456.0
186.00238095	345836.0
186.0024898	376173.0
186.00256463	397062.0
186.00263265	413447.0
186.0027415	434480.0
186.00285034	450790.0
186.00295918	464452.0
186.00306803	478475.0
186.00321088	489537.0
186.00331973	497750.0
186.00342857	504221.0
186.00353741	510767.0
186.00361224	514225.0
186.00372109	519292.0
186.00386395	522481.0
186.00404762	527620.0
186.00419048	532803.0
186.00437415	536392.0
186.00455102	538031.0
186.00484354	540003.0
186.005	540003.0
268.0	507329.0
268.000040816	505462.0
268.000122449	501439.0
268.000251701	494085.0
268.000292517	486525.0
268.000333333	481146.0
268.00037415	475524.0
268.000414966	461290.0
268.000462585	450790.0
268.000503401	442431.0
268.00052381	432308.0
268.000544218	371398.0
268.000585034	361309.0
268.00062585	337659.0
268.000639456	311653.0
268.000646259	283770.0
268.000659864	277232.0
268.000680272	261528.0
268.00070068	247585.0
268.000734694	216090.0
268.000755102	205349.0
268.00077551	193124.0
268.000789116	174196.0
268.000809524	164828.0
268.000829932	160888.0
268.000843537	135974.0
268.000863946	106086.0
268.000870748	97947.0
268.000891156	76879.7
268.000911565	61883.0
268.000931973	47085.1
268.000952381	34140.5
268.000972789	23707.2
268.0010068	17971.3
268.0010136	16917.3
268.00104082	15863.5
268.00105442	15158.9
268.00107483	14864.7
268.00111565	14572.9
268.00122449	14864.7
268.0012585	16165.6
268.00129252	16749.0
268.00133333	17798.5
268.00136735	21995.9
268.00140136	27324.4
268.00144218	33503.8
268.00147619	38794.2
268.0015102	48112.4
268.00155102	55223.0
268.00158503	63643.5
268.00161905	68194.0
268.00165986	78239.8
268.00169388	90966.0
268.00172789	100223.0
268.00176871	109200.0
268.00180272	119802.0
268.00183673	128480.0
268.00187075	145653.0
268.00191157	156445.0
268.00194558	165311.0
268.00197959	175080.0
268.00202041	186905.0
268.00205442	200075.0
268.00208844	210737.0
268.00212925	225261.0
268.00216326	244074.0
268.00219728	267035.0
268.00223809	278715.0
268.00227211	299008.0
268.00230612	318456.0
268.00238095	345836.0
268.0024898	376173.0
268.00256463	397062.0
268.00263265	413447.0
268.0027415	434480.0
268.00285034	450790.0
268.00295918	464452.0
268.00306803	478475.0
268.00321088	489537.0
268.00331973	497750.0
268.00342857	504221.0
268.00353741	510767.0
268.00361224	514225.0
268.00372109	519292.0
268.00386395	522481.0
268.00404762	527620.0
268.00419048	532803.0
268.00437415	536392.0
268.00455102	538031.0
268.00484354	540003.0
268.005	540003.0
365.0	507329.0
365.000040816	505462.0
365.000122449	501439.0
365.000251701	494085.0
365.000292517	486525.0
365.000333333	481146.0
365.00037415	475524.0
365.000414966	461290.0
365.000462585	450790.0
365.000503401	442431.0
365.00052381	432308.0
365.000544218	371398.0
365.000585034	361309.0
365.00062585	337659.0
365.000639456	311653.0
365.000646259	283770.0
365.000659864	277232.0
365.000680272	261528.0
365.00070068	247585.0
365.000734694	216090.0
365.000755102	205349.0
365.00077551	193124.0
365.000789116	174196.0
365.000809524	164828.0
365.000829932	160888.0
365.000843537	135974.0
365.000863946	106086.0
365.000870748	97947.0
365.000891156	76879.7
365.000911565	61883.0
365.000931973	47085.1
365.000952381	34140.5
365.000972789	23707.2
365.0010068	17971.3
365.0010136	16917.3
365.00104082	15863.5
365.00105442	15158.9
365.00107483	14864.7
365.00111565	14572.9
365.00122449	14864.7
365.0012585	16165.6
365.00129252	16749.0
365.00133333	17798.5
365.00136735	21995.9
365.00140136	27324.4
365.00144218	33503.8
365.00147619	38794.2
365.0015102	48112.4
365.00155102	55223.0
365.00158503	63643.5
365.00161905	68194.0
365.00165986	78239.8
365.00169388	90966.0
365.00172789	100223.0
365.00176871	109200.0
365.00180272	119802.0
365.00183673	128480.0
365.00187075	145653.0
365.00191157	156445.0
365.00194558	165311.0
365.00197959	175080.0
365.00202041	186905.0
365.00205442	200075.0
365.00208844	210737.0
365.00212925	225261.0
365.00216326	244074.0
365.00219728	267035.0
365.00223809	278715.0
365.00227211	299008.0
365.00230612	318456.0
365.00238095	345836.0
365.0024898	376173.0
365.00256463	397062.0
365.00263265	413447.0
365.0027415	434480.0
365.00285034	450790.0
365.00295918	464452.0
365.00306803	478475.0
365.00321088	489537.0
365.00331973	497750.0
365.00342857	504221.0
365.00353741	510767.0
365.00361224	514225.0
365.00372109	519292.0
365.00386395	522481.0
365.00404762	527620.0
365.00419048	532803.0
365.00437415	536392.0
365.00455102	538031.0
365.00484354	540003.0
365.005	540003.0
466.0	507329.0
466.000040816	505462.0
466.000122449	501439.0
466.000251701	494085.0
466.000292517	486525.0
466.000333333	481146.0
466.00037415	475524.0
466.000414966	461290.0
466.000462585	450790.0
466.000503401	442431.0
466.00052381	432308.0
466.000544218	371398.0
466.000585034	361309.0
466.00062585	337659.0
466.000639456	311653.0
466.000646259	283770.0
466.000659864	277232.0
466.000680272	261528.0
466.00070068	247585.0
466.000734694	216090.0
466.000755102	205349.0
466.00077551	193124.0
466.000789116	174196.0
466.000809524	164828.0
466.000829932	160888.0
466.000843537	135974.0
466.000863946	106086.0
466.000870748	97947.0
466.000891156	76879.7
466.000911565	61883.0
466.000931973	47085.1
466.000952381	34140.5
466.000972789	23707.2
466.0010068	17971.3
466.0010136	16917.3
466.00104082	15863.5
466.00105442	15158.9
466.00107483	14864.7
466.00111565	14572.9
466.00122449	14864.7
466.0012585	16165.6
466.00129252	16749.0
466.00133333	17798.5
466.00136735	21995.9
466.00140136	27324.4
466.00144218	33503.8
466.00147619	38794.2
466.0015102	48112.4
466.00155102	55223.0
466.00158503	63643.5
466.00161905	68194.0
466.00165986	78239.8
466.00169388	90966.0
466.00172789	100223.0
466.00176871	109200.0
466.00180272	119802.0
466.00183673	128480.0
466.00187075	145653.0
466.00191157	156445.0
466.00194558	165311.0
466.00197959	175080.0
466.00202041	186905.0
466.00205442	200075.0
466.00208844	210737.0
466.00212925	225261.0
466.00216326	244074.0
466.00219728	267035.0
466.00223809	278715.0
466.00227211	299008.0
466.00230612	318456.0
466.00238095	345836.0
466.0024898	376173.0
466.00256463	397062.0
466.00263265	413447.0
466.0027415	434480.0
466.00285034	450790.0
466.00295918	464452.0
466.00306803	478475.0
466.00321088	489537.0
466.00331973	497750.0
466.00342857	504221.0
466.00353741	510767.0
466.00361224	514225.0
466.00372109	519292.0
466.00386395	522481.0
466.00404762	527620.0
466.00419048	532803.0
466.00437415	536392.0
466.00455102	538031.0
466.00484354	540003.0
466.005	540003.0
571.0	507329.0
571.000040816	505462.0
571.000122449	501439.0
571.000251701	494085.0
571.000292517	486525.0
571.000333333	481146.0
571.00037415	475524.0
571.000414966	461290.0
571.000462585	450790.0
571.000503401	442431.0
571.00052381	432308.0
571.000544218	371398.0
571.000585034	361309.0
571.00062585	337659.0
571.000639456	311653.0
571.000646259	283770.0
571.000659864	277232.0
571.000680272	261528.0
571.00070068	247585.0
571.000734694	216090.0
571.000755102	205349.0
571.00077551	193124.0
571.000789116	174196.0
571.000809524	164828.0
571.000829932	160888.0
571.000843537	135974.0
571.000863946	106086.0
571.000870748	97947.0
571.000891156	76879.7
571.000911565	61883.0
571.000931973	47085.1
571.000952381	34140.5
571.000972789	23707.2
571.0010068	17971.3
571.0010136	16917.3
571.00104082	15863.5
571.00105442	15158.9
571.00107483	14864.7
571.00111565	14572.9
571.00122449	14864.7
571.0012585	16165.6
571.00129252	16749.0
571.00133333	17798.5
571.00136735	21995.9
571.00140136	27324.4
571.00144218	33503.8
571.00147619	38794.2
571.0015102	48112.4
571.00155102	55223.0
571.00158503	63643.5
571.00161905	68194.0
571.00165986	78239.8
571.00169388	90966.0
571.00172789	100223.0
571.00176871	109200.0
571.00180272	119802.0
571.00183673	128480.0
571.00187075	145653.0
571.00191157	156445.0
571.00194558	165311.0
571.00197959	175080.0
571.00202041	186905.0
571.00205442	200075.0
571.00208844	210737.0
571.00212925	225261.0
571.00216326	244074.0
571.00219728	267035.0
571.00223809	278715.0
571.00227211	299008.0
571.00230612	318456.0
571.00238095	345836.0
571.0024898	376173.0
571.00256463	397062.0
571.00263265	413447.0
571.0027415	434480.0
571.00285034	450790.0
571.00295918	464452.0
571.00306803	478475.0
571.00321088	489537.0
571.00331973	497750.0
571.00342857	504221.0
571.00353741	510767.0
571.00361224	514225.0
571.00372109	519292.0
571.00386395	522481.0
571.00404762	527620.0
571.00419048	532803.0
571.00437415	536392.0
571.00455102	538031.0
571.00484354	540003.0
571.005	540003.0
677.0	507329.0
677.000040816	505462.0
677.000122449	501439.0
677.000251701	494085.0
677.000292517	486525.0
677.000333333	481146.0
677.00037415	475524.0
677.000414966	461290.0
677.000462585	450790.0
677.000503401	442431.0
677.00052381	432308.0
677.000544218	371398.0
677.000585034	361309.0
677.00062585	337659.0
677.000639456	311653.0
677.000646259	283770.0
677.000659864	277232.0
677.000680272	261528.0
677.00070068	247585.0
677.000734694	216090.0
677.000755102	205349.0
677.00077551	193124.0
677.000789116	174196.0
677.000809524	164828.0
677.000829932	160888.0
677.000843537	135974.0
677.000863946	106086.0
677.000870748	97947.0
677.000891156	76879.7
677.000911565	61883.0
677.000931973	47085.1
677.000952381	34140.5
677.000972789	23707.2
677.0010068	17971.3
677.0010136	16917.3
677.00104082	15863.5
677.00105442	15158.9
677.00107483	14864.7
677.00111565	14572.9
677.00122449	14864.7
677.0012585	16165.6
677.00129252	16749.0
677.00133333	17798.5
677.00136735	21995.9
677.00140136	27324.4
677.00144218	33503.8
677.00147619	38794.2
677.0015102	48112.4
677.00155102	55223.0
677.00158503	63643.5
677.00161905	68194.0
677.00165986	78239.8
677.00169388	90966.0
677.00172789	100223.0
677.00176871	109200.0
677.00180272	119802.0
677.00183673	128480.0
677.00187075	145653.0
677.00191157	156445.0
677.00194558	165311.0
677.00197959	175080.0
677.00202041	186905.0
677.00205442	200075.0
677.00208844	210737.0
677.00212925	225261.0
677.00216326	244074.0
677.00219728	267035.0
677.00223809	278715.0
677.00227211	299008.0
677.00230612	318456.0
677.00238095	345836.0
677.0024898	376173.0
677.00256463	397062.0
677.00263265	413447.0
677.0027415	434480.0
677.00285034	450790.0
677.00295918	464452.0
677.00306803	478475.0
677.00321088	489537.0
677.00331973	497750.0
677.00342857	504221.0
677.00353741	510767.0
677.00361224	514225.0
677.00372109	519292.0
677.00386395	522481.0
677.00404762	527620.0
677.00419048	532803.0
677.00437415	536392.0
677.00455102	538031.0
677.00484354	540003.0
677.005	540003.0
785.0	507329.0
785.000040816	505462.0
785.000122449	501439.0
785.000251701	494085.0
785.000292517	486525.0
785.000333333	481146.0
785.00037415	475524.0
785.000414966	461290.0
785.000462585	450790.0
785.000503401	442431.0
785.00052381	432308.0
785.000544218	371398.0
785.000585034	361309.0
785.00062585	337659.0
785.000639456	311653.0
785.000646259	283770.0
785.000659864	277232.0
785.000680272	261528.0
785.00070068	247585.0
785.000734694	216090.0
785.000755102	205349.0
785.00077551	193124.0
785.000789116	174196.0
785.000809524	164828.0
785.000829932	160888.0
785.000843537	135974.0
785.000863946	106086.0
785.000870748	97947.0
785.000891156	76879.7
785.000911565	61883.0
785.000931973	47085.1
785.000952381	34140.5
785.000972789	23707.2
785.0010068	17971.3
785.0010136	16917.3
785.00104082	15863.5
785.00105442	15158.9
785.00107483	14864.7
785.00111565	14572.9
785.00122449	14864.7
785.0012585	16165.6
785.00129252	16749.0
785.00133333	17798.5
785.00136735	21995.9
785.00140136	27324.4
785.00144218	33503.8
785.00147619	38794.2
785.0015102	48112.4
785.00155102	55223.0
785.00158503	63643.5
785.00161905	68194.0
785.00165986	78239.8
785.00169388	90966.0
785.00172789	100223.0
785.00176871	109200.0
785.00180272	119802.0
785.00183673	128480.0
785.00187075	145653.0
785.00191157	156445.0
785.00194558	165311.0
785.00197959	175080.0
785.00202041	186905.0
785.00205442	200075.0
785.00208844	210737.0
785.00212925	225261.0
785.00216326	244074.0
785.00219728	267035.0
785.00223809	278715.0
785.00227211	299008.0
785.00230612	318456.0
785.00238095	345836.0
785.0024898	376173.0
785.00256463	397062.0
785.00263265	413447.0
785.0027415	434480.0
785.00285034	450790.0
785.00295918	464452.0
785.00306803	478475.0
785.00321088	489537.0
785.00331973	497750.0
785.00342857	504221.0
785.00353741	510767.0
785.00361224	514225.0
785.00372109	519292.0
785.00386395	522481.0
785.00404762	527620.0
785.00419048	532803.0
785.00437415	536392.0
785.00455102	538031.0
785.00484354	540003.0
785.005	540003.0
881.0	507329.0
881.000040816	505462.0
881.000122449	501439.0
881.000251701	494085.0
881.000292517	486525.0
881.000333333	481146.0
881.00037415	475524.0
881.000414966	461290.0
881.000462585	450790.0
881.000503401	442431.0
881.00052381	432308.0
881.000544218	371398.0
881.000585034	361309.0
881.00062585	337659.0
881.000639456	311653.0
881.000646259	283770.0
881.000659864	277232.0
881.000680272	261528.0
881.00070068	247585.0
881.000734694	216090.0
881.000755102	205349.0
881.00077551	193124.0
881.000789116	174196.0
881.000809524	164828.0
881.000829932	160888.0
881.000843537	135974.0
881.000863946	106086.0
881.000870748	97947.0
881.000891156	76879.7
881.000911565	61883.0
881.000931973	47085.1
881.000952381	34140.5
881.000972789	23707.2
881.0010068	17971.3
881.0010136	16917.3
881.00104082	15863.5
881.00105442	15158.9
881.00107483	14864.7
881.00111565	14572.9
881.00122449	14864.7
881.0012585	16165.6
881.00129252	16749.0
881.00133333	17798.5
881.00136735	21995.9
881.00140136	27324.4
881.00144218	33503.8
881.00147619	38794.2
881.0015102	48112.4
881.00155102	55223.0
881.00158503	63643.5
881.00161905	68194.0
881.00165986	78239.8
881.00169388	90966.0
881.00172789	100223.0
881.00176871	109200.0
881.00180272	119802.0
881.00183673	128480.0
881.00187075	145653.0
881.00191157	156445.0
881.00194558	165311.0
881.00197959	175080.0
881.00202041	186905.0
881.00205442	200075.0
881.00208844	210737.0
881.00212925	225261.0
881.00216326	244074.0
881.00219728	267035.0
881.00223809	278715.0
881.00227211	299008.0
881.00230612	318456.0
881.00238095	345836.0
881.0024898	376173.0
881.00256463	397062.0
881.00263265	413447.0
881.0027415	434480.0
881.00285034	450790.0
881.00295918	464452.0
881.00306803	478475.0
881.00321088	489537.0
881.00331973	497750.0
881.00342857	504221.0
881.00353741	510767.0
881.00361224	514225.0
881.00372109	519292.0
881.00386395	522481.0
881.00404762	527620.0
881.00419048	532803.0
881.00437415	536392.0
881.00455102	538031.0
881.00484354	540003.0
881.005	540003.0
978.0	507329.0
978.000040816	505462.0
978.000122449	501439.0
978.000251701	494085.0
978.000292517	486525.0
978.000333333	481146.0
978.00037415	475524.0
978.000414966	461290.0
978.000462585	450790.0
978.000503401	442431.0
978.00052381	432308.0
978.000544218	371398.0
978.000585034	361309.0
978.00062585	337659.0
978.000639456	311653.0
978.000646259	283770.0
978.000659864	277232.0
978.000680272	261528.0
978.00070068	247585.0
978.000734694	216090.0
978.000755102	205349.0
978.00077551	193124.0
978.000789116	174196.0
978.000809524	164828.0
978.000829932	160888.0
978.000843537	135974.0
978.000863946	106086.0
978.000870748	97947.0
978.000891156	76879.7
978.000911565	61883.0
978.000931973	47085.1
978.000952381	34140.5
978.000972789	23707.2
978.0010068	17971.3
978.0010136	16917.3
978.00104082	15863.5
978.00105442	15158.9
978.00107483	14864.7
978.00111565	14572.9
978.00122449	14864.7
978.0012585	16165.6
978.00129252	16749.0
978.00133333	17798.5
978.00136735	21995.9
978.00140136	27324.4
978.00144218	33503.8
978.00147619	38794.2
978.0015102	48112.4
978.00155102	55223.0
978.00158503	63643.5
978.00161905	68194.0
978.00165986	78239.8
978.00169388	90966.0
978.00172789	100223.0
978.00176871	109200.0
978.00180272	119802.0
978.00183673	128480.0
978.00187075	145653.0
978.00191157	156445.0
978.00194558	165311.0
978.00197959	175080.0
978.00202041	186905.0
978.00205442	200075.0
978.00208844	210737.0
978.00212925	225261.0
978.00216326	244074.0
978.00219728	267035.0
978.00223809	278715.0
978.00227211	299008.0
978.00230612	318456.0
978.00238095	345836.0
978.0024898	376173.0
978.00256463	397062.0
978.00263265	413447.0
978.0027415	434480.0
978.00285034	450790.0
978.00295918	464452.0
978.00306803	478475.0
978.00321088	489537.0
978.00331973	497750.0
978.00342857	504221.0
978.00353741	510767.0
978.00361224	514225.0
978.00372109	519292.0
978.00386395	522481.0
978.00404762	527620.0
978.00419048	532803.0
978.00437415	536392.0
978.00455102	538031.0
978.00484354	540003.0
978.005	540003.0
1094.0	507329.0
1094.00004082	505462.0
1094.00012245	501439.0
1094.0002517	494085.0
1094.00029252	486525.0
1094.00033333	481146.0
1094.00037415	475524.0
1094.00041497	461290.0
1094.00046258	450790.0
1094.0005034	442431.0
1094.00052381	432308.0
1094.00054422	371398.0
1094.00058503	361309.0
1094.00062585	337659.0
1094.00063946	311653.0
1094.00064626	283770.0
1094.00065986	277232.0
1094.00068027	261528.0
1094.00070068	247585.0
1094.00073469	216090.0
1094.0007551	205349.0
1094.00077551	193124.0
1094.00078912	174196.0
1094.00080952	164828.0
1094.00082993	160888.0
1094.00084354	135974.0
1094.00086395	106086.0
1094.00087075	97947.0
1094.00089116	76879.7
1094.00091157	61883.0
1094.00093197	47085.1
1094.00095238	34140.5
1094.00097279	23707.2
1094.0010068	17971.3
1094.0010136	16917.3
1094.00104082	15863.5
1094.00105442	15158.9
1094.00107483	14864.7
1094.00111565	14572.9
1094.00122449	14864.7
1094.0012585	16165.6
1094.00129252	16749.0
1094.00133333	17798.5
1094.00136735	21995.9
1094.00140136	27324.4
1094.00144218	33503.8
1094.00147619	38794.2
1094.0015102	48112.4
1094.00155102	55223.0
1094.00158503	63643.5
1094.00161905	68194.0
1094.00165986	78239.8
1094.00169388	90966.0
1094.00172789	100223.0
1094.00176871	109200.0
1094.00180272	119802.0
1094.00183673	128480.0
1094.00187075	145653.0
1094.00191157	156445.0
1094.00194558	165311.0
1094.00197959	175080.0
1094.00202041	186905.0
1094.00205442	200075.0
1094.00208844	210737.0
1094.00212925	225261.0
1094.00216326	244074.0
1094.00219728	267035.0
1094.00223809	278715.0
1094.00227211	299008.0
1094.00230612	318456.0
1094.00238095	345836.0
1094.0024898	376173.0
1094.00256463	397062.0
1094.00263265	413447.0
1094.0027415	434480.0
1094.00285034	450790.0
1094.00295918	464452.0
1094.00306803	478475.0
1094.00321088	489537.0
1094.00331973	497750.0
1094.00342857	504221.0
1094.00353741	510767.0
1094.00361224	514225.0
1094.00372109	519292.0
1094.00386395	522481.0
1094.00404762	527620.0
1094.00419048	532803.0
1094.00437415	536392.0
1094.00455102	538031.0
1094.00484354	540003.0
1094.005	540003.0
1207.0	507329.0
1207.00004082	505462.0
1207.00012245	501439.0
1207.0002517	494085.0
1207.00029252	486525.0
1207.00033333	481146.0
1207.00037415	475524.0
1207.00041497	461290.0
1207.00046258	450790.0
1207.0005034	442431.0
1207.00052381	432308.0
1207.00054422	371398.0
1207.00058503	361309.0
1207.00062585	337659.0
1207.00063946	311653.0
1207.00064626	283770.0
1207.00065986	277232.0
1207.00068027	261528.0
1207.00070068	247585.0
1207.00073469	216090.0
1207.0007551	205349.0
1207.00077551	193124.0
1207.00078912	174196.0
1207.00080952	164828.0
1207.00082993	160888.0
1207.00084354	135974.0
1207.00086395	106086.0
1207.00087075	97947.0
1207.00089116	76879.7
1207.00091157	61883.0
1207.00093197	47085.1
1207.00095238	34140.5
1207.00097279	23707.2
1207.0010068	17971.3
1207.0010136	16917.3
1207.00104082	15863.5
1207.00105442	15158.9
1207.00107483	14864.7
1207.00111565	14572.9
1207.00122449	14864.7
1207.0012585	16165.6
1207.00129252	16749.0
1207.00133333	17798.5
1207.00136735	21995.9
1207.00140136	27324.4
1207.00144218	33503.8
1207.00147619	38794.2
1207.0015102	48112.4
1207.00155102	55223.0
1207.00158503	63643.5
1207.00161905	68194.0
1207.00165986	78239.8
1207.00169388	90966.0
1207.00172789	100223.0
1207.00176871	109200.0
1207.00180272	119802.0
1207.00183673	128480.0
1207.00187075	145653.0
1207.00191157	156445.0
1207.00194558	165311.0
1207.00197959	175080.0
1207.00202041	186905.0
1207.00205442	200075.0
1207.00208844	210737.0
1207.00212925	225261.0
1207.00216326	244074.0
1207.00219728	267035.0
1207.00223809	278715.0
1207.00227211	299008.0
1207.00230612	318456.0
1207.00238095	345836.0
1207.0024898	376173.0
1207.00256463	397062.0
1207.00263265	413447.0
1207.0027415	434480.0
1207.00285034	450790.0
1207.00295918	464452.0
1207.00306803	478475.0
1207.00321088	489537.0
1207.00331973	497750.0
1207.00342857	504221.0
1207.00353741	510767.0
1207.00361224	514225.0
1207.00372109	519292.0
1207.00386395	522481.0
1207.00404762	527620.0
1207.00419048	532803.0
1207.00437415	536392.0
1207.00455102	538031.0
1207.00484354	540003.0
1207.005	540003.0
1304.0	507329.0
1304.00004082	505462.0
1304.00012245	501439.0
1304.0002517	494085.0
1304.00029252	486525.0
1304.00033333	481146.0
1304.00037415	475524.0
1304.00041497	461290.0
1304.00046258	450790.0
1304.0005034	442431.0
1304.00052381	432308.0
1304.00054422	371398.0
1304.00058503	361309.0
1304.00062585	337659.0
1304.00063946	311653.0
1304.00064626	283770.0
1304.00065986	277232.0
1304.00068027	261528.0
1304.00070068	247585.0
1304.00073469	216090.0
1304.0007551	205349.0
1304.00077551	193124.0
1304.00078912	174196.0
1304.00080952	164828.0
1304.00082993	160888.0
1304.00084354	135974.0
1304.00086395	106086.0
1304.00087075	97947.0
1304.00089116	76879.7
1304.00091157	61883.0
1304.00093197	47085.1
1304.00095238	34140.5
1304.00097279	23707.2
1304.0010068	17971.3
1304.0010136	16917.3
1304.00104082	15863.5
1304.00105442	15158.9
1304.00107483	14864.7
1304.00111565	14572.9
1304.00122449	14864.7
1304.0012585	16165.6
1304.00129252	16749.0
1304.00133333	17798.5
1304.00136735	21995.9
1304.00140136	27324.4
1304.00144218	33503.8
1304.00147619	38794.2
1304.0015102	48112.4
1304.00155102	55223.0
1304.00158503	63643.5
1304.00161905	68194.0
1304.00165986	78239.8
1304.00169388	90966.0
1304.00172789	100223.0
1304.00176871	109200.0
1304.00180272	119802.0
1304.00183673	128480.0
1304.00187075	145653.0
1304.00191157	156445.0
1304.00194558	165311.0
1304.00197959	175080.0
1304.00202041	186905.0
1304.00205442	200075.0
1304.00208844	210737.0
1304.00212925	225261.0
1304.00216326	244074.0
1304.00219728	267035.0
1304.00223809	278715.0
1304.00227211	299008.0
1304.00230612	318456.0
1304.00238095	345836.0
1304.0024898	376173.0
1304.00256463	397062.0
1304.00263265	413447.0
1304.0027415	434480.0
1304.00285034	450790.0
1304.00295918	464452.0
1304.00306803	478475.0
1304.00321088	489537.0
1304.00331973	497750.0
1304.00342857	504221.0
1304.00353741	510767.0
1304.00361224	514225.0
1304.00372109	519292.0
1304.00386395	522481.0
1304.00404762	527620.0
1304.00419048	532803.0
1304.00437415	536392.0
1304.00455102	538031.0
1304.00484354	540003.0
1304.005	540003.0
1397.0	507329.0
1397.00004082	505462.0
1397.00012245	501439.0
1397.0002517	494085.0
1397.00029252	486525.0
1397.00033333	481146.0
1397.00037415	475524.0
1397.00041497	461290.0
1397.00046258	450790.0
1397.0005034	442431.0
1397.00052381	432308.0
1397.00054422	371398.0
1397.00058503	361309.0
1397.00062585	337659.0
1397.00063946	311653.0
1397.00064626	283770.0
1397.00065986	277232.0
1397.00068027	261528.0
1397.00070068	247585.0
1397.00073469	216090.0
1397.0007551	205349.0
1397.00077551	193124.0
1397.00078912	174196.0
1397.00080952	164828.0
1397.00082993	160888.0
1397.00084354	135974.0
1397.00086395	106086.0
1397.00087075	97947.0
1397.00089116	76879.7
1397.00091157	61883.0
1397.00093197	47085.1
1397.00095238	34140.5
1397.00097279	23707.2
1397.0010068	17971.3
1397.0010136	16917.3
1397.00104082	15863.5
1397.00105442	15158.9
1397.00107483	14864.7
1397.00111565	14572.9
1397.00122449	14864.7
1397.0012585	16165.6
1397.00129252	16749.0
1397.00133333	17798.5
1397.00136735	21995.9
1397.00140136	27324.4
1397.00144218	33503.8
1397.00147619	38794.2
1397.0015102	48112.4
1397.00155102	55223.0
1397.00158503	63643.5
1397.00161905	68194.0
1397.00165986	78239.8
1397.00169388	90966.0
1397.00172789	100223.0
1397.00176871	109200.0
1397.00180272	119802.0
1397.00183673	128480.0
1397.00187075	145653.0
1397.00191157	156445.0
1397.00194558	165311.0
1397.00197959	175080.0
1397.00202041	186905.0
1397.00205442	200075.0
1397.00208844	210737.0
1397.00212925	225261.0
1397.00216326	244074.0
1397.00219728	267035.0
1397.00223809	278715.0
1397.00227211	299008.0
1397.00230612	318456.0
1397.00238095	345836.0
1397.0024898	376173.0
1397.00256463	397062.0
1397.00263265	413447.0
1397.0027415	434480.0
1397.00285034	450790.0
1397.00295918	464452.0
1397.00306803	478475.0
1397.00321088	489537.0
1397.00331973	497750.0
1397.00342857	504221.0
1397.00353741	510767.0
1397.00361224	514225.0
1397.00372109	519292.0
1397.00386395	522481.0
1397.00404762	527620.0
1397.00419048	532803.0
1397.00437415	536392.0
1397.00455102	538031.0
1397.00484354	540003.0
1397.005	540003.0
1500.0	507329.0
1500.00004082	505462.0
1500.00012245	501439.0
1500.0002517	494085.0
1500.00029252	486525.0
1500.00033333	481146.0
1500.00037415	475524.0
1500.00041497	461290.0
1500.00046258	450790.0
1500.0005034	442431.0
1500.00052381	432308.0
1500.00054422	371398.0
1500.00058503	361309.0
1500.00062585	337659.0
1500.00063946	311653.0
1500.00064626	283770.0
1500.00065986	277232.0
1500.00068027	261528.0
1500.00070068	247585.0
1500.00073469	216090.0
1500.0007551	205349.0
1500.00077551	193124.0
1500.00078912	174196.0
1500.00080952	164828.0
1500.00082993	160888.0
1500.00084354	135974.0
1500.00086395	106086.0
1500.00087075	97947.0
1500.00089116	76879.7
1500.00091157	61883.0
1500.00093197	47085.1
1500.00095238	34140.5
1500.00097279	23707.2
1500.0010068	17971.3
1500.0010136	16917.3
1500.00104082	15863.5
1500.00105442	15158.9
1500.00107483	14864.7
1500.00111565	14572.9
1500.00122449	14864.7
1500.0012585	16165.6
1500.00129252	16749.0
1500.00133333	17798.5
1500.00136735	21995.9
1500.00140136	27324.4
1500.00144218	33503.8
1500.00147619	38794.2
1500.0015102	48112.4
1500.00155102	55223.0
1500.00158503	63643.5
1500.00161905	68194.0
1500.00165986	78239.8
1500.00169388	90966.0
1500.00172789	100223.0
1500.00176871	109200.0
1500.00180272	119802.0
1500.00183673	128480.0
1500.00187075	145653.0
1500.00191157	156445.0
1500.00194558	165311.0
1500.00197959	175080.0
1500.00202041	186905.0
1500.00205442	200075.0
1500.00208844	210737.0
1500.00212925	225261.0
1500.00216326	244074.0
1500.00219728	267035.0
1500.00223809	278715.0
1500.00227211	299008.0
1500.00230612	318456.0
1500.00238095	345836.0
1500.0024898	376173.0
1500.00256463	397062.0
1500.00263265	413447.0
1500.0027415	434480.0
1500.00285034	450790.0
1500.00295918	464452.0
1500.00306803	478475.0
1500.00321088	489537.0
1500.00331973	497750.0
1500.00342857	504221.0
1500.00353741	510767.0
1500.00361224	514225.0
1500.00372109	519292.0
1500.00386395	522481.0
1500.00404762	527620.0
1500.00419048	532803.0
1500.00437415	536392.0
1500.00455102	538031.0
1500.00484354	540003.0
1500.005	540003.0
1596.0	507329.0
1596.00004082	505462.0
1596.00012245	501439.0
1596.0002517	494085.0
1596.00029252	486525.0
1596.00033333	481146.0
1596.00037415	475524.0
1596.00041497	461290.0
1596.00046258	450790.0
1596.0005034	442431.0
1596.00052381	432308.0
1596.00054422	371398.0
1596.00058503	361309.0
1596.00062585	337659.0
1596.00063946	311653.0
1596.00064626	283770.0
1596.00065986	277232.0
1596.00068027	261528.0
1596.00070068	247585.0
1596.00073469	216090.0
1596.0007551	205349.0
1596.00077551	193124.0
1596.00078912	174196.0
1596.00080952	164828.0
1596.00082993	160888.0
1596.00084354	135974.0
1596.00086395	106086.0
1596.00087075	97947.0
1596.00089116	76879.7
1596.00091157	61883.0
1596.00093197	47085.1
1596.00095238	34140.5
1596.00097279	23707.2
1596.0010068	17971.3
1596.0010136	16917.3
1596.00104082	15863.5
1596.00105442	15158.9
1596.00107483	14864.7
1596.00111565	14572.9
1596.00122449	14864.7
1596.0012585	16165.6
1596.00129252	16749.0
1596.00133333	17798.5
1596.00136735	21995.9
1596.00140136	27324.4
1596.00144218	33503.8
1596.00147619	38794.2
1596.0015102	48112.4
1596.00155102	55223.0
1596.00158503	63643.5
1596.00161905	68194.0
1596.00165986	78239.8
1596.00169388	90966.0
1596.00172789	100223.0
1596.00176871	109200.0
1596.00180272	119802.0
1596.00183673	128480.0
1596.00187075	145653.0
1596.00191157	156445.0
1596.00194558	165311.0
1596.00197959	175080.0
1596.00202041	186905.0
1596.00205442	200075.0
1596.00208844	210737.0
1596.00212925	225261.0
1596.00216326	244074.0
1596.00219728	267035.0
1596.00223809	278715.0
1596.00227211	299008.0
1596.00230612	318456.0
1596.00238095	345836.0
1596.0024898	376173.0
1596.00256463	397062.0
1596.00263265	413447.0
1596.0027415	434480.0
1596.00285034	450790.0
1596.00295918	464452.0
1596.00306803	478475.0
1596.00321088	489537.0
1596.00331973	497750.0
1596.00342857	504221.0
1596.00353741	510767.0
1596.00361224	514225.0
1596.00372109	519292.0
1596.00386395	522481.0
1596.00404762	527620.0
1596.00419048	532803.0
1596.00437415	536392.0
1596.00455102	538031.0
1596.00484354	540003.0
1596.005	540003.0
1688.0	507329.0
1688.00004082	505462.0
1688.00012245	501439.0
1688.0002517	494085.0
1688.00029252	486525.0
1688.00033333	481146.0
1688.00037415	475524.0
1688.00041497	461290.0
1688.00046258	450790.0
1688.0005034	442431.0
1688.00052381	432308.0
1688.00054422	371398.0
1688.00058503	361309.0
1688.00062585	337659.0
1688.00063946	311653.0
1688.00064626	283770.0
1688.00065986	277232.0
1688.00068027	261528.0
1688.00070068	247585.0
1688.00073469	216090.0
1688.0007551	205349.0
1688.00077551	193124.0
1688.00078912	174196.0
1688.00080952	164828.0
1688.00082993	160888.0
1688.00084354	135974.0
1688.00086395	106086.0
1688.00087075	97947.0
1688.00089116	76879.7
1688.00091157	61883.0
1688.00093197	47085.1
1688.00095238	34140.5
1688.00097279	23707.2
1688.0010068	17971.3
1688.0010136	16917.3
1688.00104082	15863.5
1688.00105442	15158.9
1688.00107483	14864.7
1688.00111565	14572.9
1688.00122449	14864.7
1688.0012585	16165.6
1688.00129252	16749.0
1688.00133333	17798.5
1688.00136735	21995.9
1688.00140136	27324.4
1688.00144218	33503.8
1688.00147619	38794.2
1688.0015102	48112.4
1688.00155102	55223.0
1688.00158503	63643.5
1688.00161905	68194.0
1688.00165986	78239.8
1688.00169388	90966.0
1688.00172789	100223.0
1688.00176871	109200.0
1688.00180272	119802.0
1688.00183673	128480.0
1688.00187075	145653.0
1688.00191157	156445.0
1688.00194558	165311.0
1688.00197959	175080.0
1688.00202041	186905.0
1688.00205442	200075.0
1688.00208844	210737.0
1688.00212925	225261.0
1688.00216326	244074.0
1688.00219728	267035.0
1688.00223809	278715.0
1688.00227211	299008.0
1688.00230612	318456.0
1688.00238095	345836.0
1688.0024898	376173.0
1688.00256463	397062.0
1688.00263265	413447.0
1688.0027415	434480.0
1688.00285034	450790.0
1688.00295918	464452.0
1688.00306803	478475.0
1688.00321088	489537.0
1688.00331973	497750.0
1688.00342857	504221.0
1688.00353741	510767.0
1688.00361224	514225.0
1688.00372109	519292.0
1688.00386395	522481.0
1688.00404762	527620.0
1688.00419048	532803.0
1688.00437415	536392.0
1688.00455102	538031.0
1688.00484354	540003.0
1688.005	540003.0
1786.0	507329.0
1786.00004082	505462.0
1786.00012245	501439.0
1786.0002517	494085.0
1786.00029252	486525.0
1786.00033333	481146.0
1786.00037415	475524.0
1786.00041497	461290.0
1786.00046258	450790.0
1786.0005034	442431.0
1786.00052381	432308.0
1786.00054422	371398.0
1786.00058503	361309.0
1786.00062585	337659.0
1786.00063946	311653.0
1786.00064626	283770.0
1786.00065986	277232.0
1786.00068027	261528.0
1786.00070068	247585.0
1786.00073469	216090.0
1786.0007551	205349.0
1786.00077551	193124.0
1786.00078912	174196.0
1786.00080952	164828.0
1786.00082993	160888.0
1786.00084354	135974.0
1786.00086395	106086.0
1786.00087075	97947.0
1786.00089116	76879.7
1786.00091157	61883.0
1786.00093197	47085.1
1786.00095238	34140.5
1786.00097279	23707.2
1786.0010068	17971.3
1786.0010136	16917.3
1786.00104082	15863.5
1786.00105442	15158.9
1786.00107483	14864.7
1786.00111565	14572.9
1786.00122449	14864.7
1786.0012585	16165.6
1786.00129252	16749.0
1786.00133333	17798.5
1786.00136735	21995.9
1786.00140136	27324.4
1786.00144218	33503.8
1786.00147619	38794.2
1786.0015102	48112.4
1786.00155102	55223.0
1786.00158503	63643.5
1786.00161905	68194.0
1786.00165986	78239.8
1786.00169388	90966.0
1786.00172789	100223.0
1786.00176871	109200.0
1786.00180272	119802.0
1786.00183673	128480.0
1786.00187075	145653.0
1786.00191157	156445.0
1786.00194558	165311.0
1786.00197959	175080.0
1786.00202041	186905.0
1786.00205442	200075.0
1786.00208844	210737.0
1786.00212925	225261.0
1786.00216326	244074.0
1786.00219728	267035.0
1786.00223809	278715.0
1786.00227211	299008.0
1786.00230612	318456.0
1786.00238095	345836.0
1786.0024898	376173.0
1786.00256463	397062.0
1786.00263265	413447.0
1786.0027415	434480.0
1786.00285034	450790.0
1786.00295918	464452.0
1786.00306803	478475.0
1786.00321088	489537.0
1786.00331973	497750.0
1786.00342857	504221.0
1786.00353741	510767.0
1786.00361224	514225.0
1786.00372109	519292.0
1786.00386395	522481.0
1786.00404762	527620.0
1786.00419048	532803.0
1786.00437415	536392.0
1786.00455102	538031.0
1786.00484354	540003.0
1786.005	540003.0
1896.0	507329.0
1896.00004082	505462.0
1896.00012245	501439.0
1896.0002517	494085.0
1896.00029252	486525.0
1896.00033333	481146.0
1896.00037415	475524.0
1896.00041497	461290.0
1896.00046258	450790.0
1896.0005034	442431.0
1896.00052381	432308.0
1896.00054422	371398.0
1896.00058503	361309.0
1896.00062585	337659.0
1896.00063946	311653.0
1896.00064626	283770.0
1896.00065986	277232.0
1896.00068027	261528.0
1896.00070068	247585.0
1896.00073469	216090.0
1896.0007551	205349.0
1896.00077551	193124.0
1896.00078912	174196.0
1896.00080952	164828.0
1896.00082993	160888.0
1896.00084354	135974.0
1896.00086395	106086.0
1896.00087075	97947.0
1896.00089116	76879.7
1896.00091157	61883.0
1896.00093197	47085.1
1896.00095238	34140.5
1896.00097279	23707.2
1896.0010068	17971.3
1896.0010136	16917.3
1896.00104082	15863.5
1896.00105442	15158.9
1896.00107483	14864.7
1896.00111565	14572.9
1896.00122449	14864.7
1896.0012585	16165.6
1896.00129252	16749.0
1896.00133333	17798.5
1896.00136735	21995.9
1896.00140136	27324.4
1896.00144218	33503.8
1896.00147619	38794.2
1896.0015102	48112.4
1896.00155102	55223.0
1896.00158503	63643.5
1896.00161905	68194.0
1896.00165986	78239.8
1896.00169388	90966.0
1896.00172789	100223.0
1896.00176871	109200.0
1896.00180272	119802.0
1896.00183673	128480.0
1896.00187075	145653.0
1896.00191157	156445.0
1896.00194558	165311.0
1896.00197959	175080.0
1896.00202041	186905.0
1896.00205442	200075.0
1896.00208844	210737.0
1896.00212925	225261.0
1896.00216326	244074.0
1896.00219728	267035.0
1896.00223809	278715.0
1896.00227211	299008.0
1896.00230612	318456.0
1896.00238095	345836.0
1896.0024898	376173.0
1896.00256463	397062.0
1896.00263265	413447.0
1896.0027415	434480.0
1896.00285034	450790.0
1896.00295918	464452.0
1896.00306803	478475.0
1896.00321088	489537.0
1896.00331973	497750.0
1896.00342857	504221.0
1896.00353741	510767.0
1896.00361224	514225.0
1896.00372109	519292.0
1896.00386395	522481.0
1896.00404762	527620.0
1896.00419048	532803.0
1896.00437415	536392.0
1896.00455102	538031.0
1896.00484354	540003.0
1896.005	540003.0
1998.0	507329.0
1998.00004082	505462.0
1998.00012245	501439.0
1998.0002517	494085.0
1998.00029252	486525.0
1998.00033333	481146.0
1998.00037415	475524.0
1998.00041497	461290.0
1998.00046258	450790.0
1998.0005034	442431.0
1998.00052381	432308.0
1998.00054422	371398.0
1998.00058503	361309.0
1998.00062585	337659.0
1998.00063946	311653.0
1998.00064626	283770.0
1998.00065986	277232.0
1998.00068027	261528.0
1998.00070068	247585.0
1998.00073469	216090.0
1998.0007551	205349.0
1998.00077551	193124.0
1998.00078912	174196.0
1998.00080952	164828.0
1998.00082993	160888.0
1998.00084354	135974.0
1998.00086395	106086.0
1998.00087075	97947.0
1998.00089116	76879.7
1998.00091157	61883.0
1998.00093197	47085.1
1998.00095238	34140.5
1998.00097279	23707.2
1998.0010068	17971.3
1998.0010136	16917.3
1998.00104082	15863.5
1998.00105442	15158.9
1998.00107483	14864.7
1998.00111565	14572.9
1998.00122449	14864.7
1998.0012585	16165.6
1998.00129252	16749.0
1998.00133333	17798.5
1998.00136735	21995.9
1998.00140136	27324.4
1998.00144218	33503.8
1998.00147619	38794.2
1998.0015102	48112.4
1998.00155102	55223.0
1998.00158503	63643.5
1998.00161905	68194.0
1998.00165986	78239.8
1998.00169388	90966.0
1998.00172789	100223.0
1998.00176871	109200.0
1998.00180272	119802.0
1998.00183673	128480.0
1998.00187075	145653.0
1998.00191157	156445.0
1998.00194558	165311.0
1998.00197959	175080.0
1998.00202041	186905.0
1998.00205442	200075.0
1998.00208844	210737.0
1998.00212925	225261.0
1998.00216326	244074.0
1998.00219728	267035.0
1998.00223809	278715.0
1998.00227211	299008.0
1998.00230612	318456.0
1998.00238095	345836.0
1998.0024898	376173.0
1998.00256463	397062.0
1998.00263265	413447.0
1998.0027415	434480.0
1998.00285034	450790.0
1998.00295918	464452.0
1998.00306803	478475.0
1998.00321088	489537.0
1998.00331973	497750.0
1998.00342857	504221.0
1998.00353741	510767.0
1998.00361224	514225.0
1998.00372109	519292.0
1998.00386395	522481.0
1998.00404762	527620.0
1998.00419048	532803.0
1998.00437415	536392.0
1998.00455102	538031.0
1998.00484354	540003.0
1998.005	540003.0
2092.0	507329.0
2092.00004082	505462.0
2092.00012245	501439.0
2092.0002517	494085.0
2092.00029252	486525.0
2092.00033333	481146.0
2092.00037415	475524.0
2092.00041497	461290.0
2092.00046259	450790.0
2092.0005034	442431.0
2092.00052381	432308.0
2092.00054422	371398.0
2092.00058503	361309.0
2092.00062585	337659.0
2092.00063946	311653.0
2092.00064626	283770.0
2092.00065986	277232.0
2092.00068027	261528.0
2092.00070068	247585.0
2092.00073469	216090.0
2092.0007551	205349.0
2092.00077551	193124.0
2092.00078912	174196.0
2092.00080952	164828.0
2092.00082993	160888.0
2092.00084354	135974.0
2092.00086395	106086.0
2092.00087075	97947.0
2092.00089116	76879.7
2092.00091157	61883.0
2092.00093197	47085.1
2092.00095238	34140.5
2092.00097279	23707.2
2092.0010068	17971.3
2092.0010136	16917.3
2092.00104082	15863.5
2092.00105442	15158.9
2092.00107483	14864.7
2092.00111565	14572.9
2092.00122449	14864.7
2092.0012585	16165.6
2092.00129252	16749.0
2092.00133333	17798.5
2092.00136735	21995.9
2092.00140136	27324.4
2092.00144218	33503.8
2092.00147619	38794.2
2092.0015102	48112.4
2092.00155102	55223.0
2092.00158503	63643.5
2092.00161905	68194.0
2092.00165986	78239.8
2092.00169388	90966.0
2092.00172789	100223.0
2092.00176871	109200.0
2092.00180272	119802.0
2092.00183673	128480.0
2092.00187075	145653.0
2092.00191157	156445.0
2092.00194558	165311.0
2092.00197959	175080.0
2092.00202041	186905.0
2092.00205442	200075.0
2092.00208844	210737.0
2092.00212925	225261.0
2092.00216326	244074.0
2092.00219728	267035.0
2092.00223809	278715.0
2092.00227211	299008.0
2092.00230612	318456.0
2092.00238095	345836.0
2092.0024898	376173.0
2092.00256463	397062.0
2092.00263265	413447.0
2092.0027415	434480.0
2092.00285034	450790.0
2092.00295918	464452.0
2092.00306803	478475.0
2092.00321088	489537.0
2092.00331973	497750.0
2092.00342857	504221.0
2092.00353741	510767.0
2092.00361224	514225.0
2092.00372109	519292.0
2092.00386395	522481.0
2092.00404762	527620.0
2092.00419048	532803.0
2092.00437415	536392.0
2092.00455102	538031.0
2092.00484354	540003.0
2092.005	540003.0
2188.0	507329.0
2188.00004082	505462.0
2188.00012245	501439.0
2188.0002517	494085.0
2188.00029252	486525.0
2188.00033333	481146.0
2188.00037415	475524.0
2188.00041497	461290.0
2188.00046259	450790.0
2188.0005034	442431.0
2188.00052381	432308.0
2188.00054422	371398.0
2188.00058503	361309.0
2188.00062585	337659.0
2188.00063946	311653.0
2188.00064626	283770.0
2188.00065986	277232.0
2188.00068027	261528.0
2188.00070068	247585.0
2188.00073469	216090.0
2188.0007551	205349.0
2188.00077551	193124.0
2188.00078912	174196.0
2188.00080952	164828.0
2188.00082993	160888.0
2188.00084354	135974.0
2188.00086395	106086.0
2188.00087075	97947.0
2188.00089116	76879.7
2188.00091157	61883.0
2188.00093197	47085.1
2188.00095238	34140.5
2188.00097279	23707.2
2188.0010068	17971.3
2188.0010136	16917.3
2188.00104082	15863.5
2188.00105442	15158.9
2188.00107483	14864.7
2188.00111565	14572.9
2188.00122449	14864.7
2188.0012585	16165.6
2188.00129252	16749.0
2188.00133333	17798.5
2188.00136735	21995.9
2188.00140136	27324.4
2188.00144218	33503.8
2188.00147619	38794.2
2188.0015102	48112.4
2188.00155102	55223.0
2188.00158503	63643.5
2188.00161905	68194.0
2188.00165986	78239.8
2188.00169388	90966.0
2188.00172789	100223.0
2188.00176871	109200.0
2188.00180272	119802.0
2188.00183673	128480.0
2188.00187075	145653.0
2188.00191157	156445.0
2188.00194558	165311.0
2188.00197959	175080.0
2188.00202041	186905.0
2188.00205442	200075.0
2188.00208844	210737.0
2188.00212925	225261.0
2188.00216326	244074.0
2188.00219728	267035.0
2188.00223809	278715.0
2188.00227211	299008.0
2188.00230612	318456.0
2188.00238095	345836.0
2188.0024898	376173.0
2188.00256463	397062.0
2188.00263265	413447.0
2188.0027415	434480.0
2188.00285034	450790.0
2188.00295918	464452.0
2188.00306803	478475.0
2188.00321088	489537.0
2188.00331973	497750.0
2188.00342857	504221.0
2188.00353741	510767.0
2188.00361224	514225.0
2188.00372109	519292.0
2188.00386395	522481.0
2188.00404762	527620.0
2188.00419048	532803.0
2188.00437415	536392.0
2188.00455102	538031.0
2188.00484354	540003.0
2188.005	540003.0
2292.0	507329.0
2292.00004082	505462.0
2292.00012245	501439.0
2292.0002517	494085.0
2292.00029252	486525.0
2292.00033333	481146.0
2292.00037415	475524.0
2292.00041497	461290.0
2292.00046259	450790.0
2292.0005034	442431.0
2292.00052381	432308.0
2292.00054422	371398.0
2292.00058503	361309.0
2292.00062585	337659.0
2292.00063946	311653.0
2292.00064626	283770.0
2292.00065986	277232.0
2292.00068027	261528.0
2292.00070068	247585.0
2292.00073469	216090.0
2292.0007551	205349.0
2292.00077551	193124.0
2292.00078912	174196.0
2292.00080952	164828.0
2292.00082993	160888.0
2292.00084354	135974.0
2292.00086395	106086.0
2292.00087075	97947.0
2292.00089116	76879.7
2292.00091157	61883.0
2292.00093197	47085.1
2292.00095238	34140.5
2292.00097279	23707.2
2292.0010068	17971.3
2292.0010136	16917.3
2292.00104082	15863.5
2292.00105442	15158.9
2292.00107483	14864.7
2292.00111565	14572.9
2292.00122449	14864.7
2292.0012585	16165.6
2292.00129252	16749.0
2292.00133333	17798.5
2292.00136735	21995.9
2292.00140136	27324.4
2292.00144218	33503.8
2292.00147619	38794.2
2292.0015102	48112.4
2292.00155102	55223.0
2292.00158503	63643.5
2292.00161905	68194.0
2292.00165986	78239.8
2292.00169388	90966.0
2292.00172789	100223.0
2292.00176871	109200.0
2292.00180272	119802.0
2292.00183673	128480.0
2292.00187075	145653.0
2292.00191157	156445.0
2292.00194558	165311.0
2292.00197959	175080.0
2292.00202041	186905.0
2292.00205442	200075.0
2292.00208844	210737.0
2292.00212925	225261.0
2292.00216326	244074.0
2292.00219728	267035.0
2292.00223809	278715.0
2292.00227211	299008.0
2292.00230612	318456.0
2292.00238095	345836.0
2292.0024898	376173.0
2292.00256463	397062.0
2292.00263265	413447.0
2292.0027415	434480.0
2292.00285034	450790.0
2292.00295918	464452.0
2292.00306803	478475.0
2292.00321088	489537.0
2292.00331973	497750.0
2292.00342857	504221.0
2292.00353741	510767.0
2292.00361224	514225.0
2292.00372109	519292.0
2292.00386395	522481.0
2292.00404762	527620.0
2292.00419048	532803.0
2292.00437415	536392.0
2292.00455102	538031.0
2292.00484354	540003.0
2292.005	540003.0
2374.0	507329.0
2374.00004082	505462.0
2374.00012245	501439.0
2374.0002517	494085.0
2374.00029252	486525.0
2374.00033333	481146.0
2374.00037415	475524.0
2374.00041497	461290.0
2374.00046259	450790.0
2374.0005034	442431.0
2374.00052381	432308.0
2374.00054422	371398.0
2374.00058503	361309.0
2374.00062585	337659.0
2374.00063946	311653.0
2374.00064626	283770.0
2374.00065986	277232.0
2374.00068027	261528.0
2374.00070068	247585.0
2374.00073469	216090.0
2374.0007551	205349.0
2374.00077551	193124.0
2374.00078912	174196.0
2374.00080952	164828.0
2374.00082993	160888.0
2374.00084354	135974.0
2374.00086395	106086.0
2374.00087075	97947.0
2374.00089116	76879.7
2374.00091157	61883.0
2374.00093197	47085.1
2374.00095238	34140.5
2374.00097279	23707.2
2374.0010068	17971.3
2374.0010136	16917.3
2374.00104082	15863.5
2374.00105442	15158.9
2374.00107483	14864.7
2374.00111565	14572.9
2374.00122449	14864.7
2374.0012585	16165.6
2374.00129252	16749.0
2374.00133333	17798.5
2374.00136735	21995.9
2374.00140136	27324.4
2374.00144218	33503.8
2374.00147619	38794.2
2374.0015102	48112.4
2374.00155102	55223.0
2374.00158503	63643.5
2374.00161905	68194.0
2374.00165986	78239.8
2374.00169388	90966.0
2374.00172789	100223.0
2374.00176871	109200.0
2374.00180272	119802.0
2374.00183673	128480.0
2374.00187075	145653.0
2374.00191157	156445.0
2374.00194558	165311.0
2374.00197959	175080.0
2374.00202041	186905.0
2374.00205442	200075.0
2374.00208844	210737.0
2374.00212925	225261.0
2374.00216326	244074.0
2374.00219728	267035.0
2374.00223809	278715.0
2374.00227211	299008.0
2374.00230612	318456.0
2374.00238095	345836.0
2374.0024898	376173.0
2374.00256463	397062.0
2374.00263265	413447.0
2374.0027415	434480.0
2374.00285034	450790.0
2374.00295918	464452.0
2374.00306803	478475.0
2374.00321088	489537.0
2374.00331973	497750.0
2374.00342857	504221.0
2374.00353741	510767.0
2374.00361224	514225.0
2374.00372109	519292.0
2374.00386395	522481.0
2374.00404762	527620.0
2374.00419048	532803.0
2374.00437415	536392.0
2374.00455102	538031.0
2374.00484354	540003.0
2374.005	540003.0
2486.0	507329.0
2486.00004082	505462.0
2486.00012245	501439.0
2486.0002517	494085.0
2486.00029252	486525.0
2486.00033333	481146.0
2486.00037415	475524.0
2486.00041497	461290.0
2486.00046259	450790.0
2486.0005034	442431.0
2486.00052381	432308.0
2486.00054422	371398.0
2486.00058503	361309.0
2486.00062585	337659.0
2486.00063946	311653.0
2486.00064626	283770.0
2486.00065986	277232.0
2486.00068027	261528.0
2486.00070068	247585.0
2486.00073469	216090.0
2486.0007551	205349.0
2486.00077551	193124.0
2486.00078912	174196.0
2486.00080952	164828.0
2486.00082993	160888.0
2486.00084354	135974.0
2486.00086395	106086.0
2486.00087075	97947.0
2486.00089116	76879.7
2486.00091157	61883.0
2486.00093197	47085.1
2486.00095238	34140.5
2486.00097279	23707.2
2486.0010068	17971.3
2486.0010136	16917.3
2486.00104082	15863.5
2486.00105442	15158.9
2486.00107483	14864.7
2486.00111565	14572.9
2486.00122449	14864.7
2486.0012585	16165.6
2486.00129252	16749.0
2486.00133333	17798.5
2486.00136735	21995.9
2486.00140136	27324.4
2486.00144218	33503.8
2486.00147619	38794.2
2486.0015102	48112.4
2486.00155102	55223.0
2486.00158503	63643.5
2486.00161905	68194.0
2486.00165986	78239.8
2486.00169388	90966.0
2486.00172789	100223.0
2486.00176871	109200.0
2486.00180272	119802.0
2486.00183673	128480.0
2486.00187075	145653.0
2486.00191157	156445.0
2486.00194558	165311.0
2486.00197959	175080.0
2486.00202041	186905.0
2486.00205442	200075.0
2486.00208844	210737.0
2486.00212925	225261.0
2486.00216326	244074.0
2486.00219728	267035.0
2486.00223809	278715.0
2486.00227211	299008.0
2486.00230612	318456.0
2486.00238095	345836.0
2486.0024898	376173.0
2486.00256463	397062.0
2486.00263265	413447.0
2486.0027415	434480.0
2486.00285034	450790.0
2486.00295918	464452.0
2486.00306803	478475.0
2486.00321088	489537.0
2486.00331973	497750.0
2486.00342857	504221.0
2486.00353741	510767.0
2486.00361224	514225.0
2486.00372109	519292.0
2486.00386395	522481.0
2486.00404762	527620.0
2486.00419048	532803.0
2486.00437415	536392.0
2486.00455102	538031.0
2486.00484354	540003.0
2486.005	540003.0
2598.0	507329.0
2598.00004082	505462.0
2598.00012245	501439.0
2598.0002517	494085.0
2598.00029252	486525.0
2598.00033333	481146.0
2598.00037415	475524.0
2598.00041497	461290.0
2598.00046259	450790.0
2598.0005034	442431.0
2598.00052381	432308.0
2598.00054422	371398.0
2598.00058503	361309.0
2598.00062585	337659.0
2598.00063946	311653.0
2598.00064626	283770.0
2598.00065986	277232.0
2598.00068027	261528.0
2598.00070068	247585.0
2598.00073469	216090.0
2598.0007551	205349.0
2598.00077551	193124.0
2598.00078912	174196.0
2598.00080952	164828.0
2598.00082993	160888.0
2598.00084354	135974.0
2598.00086395	106086.0
2598.00087075	97947.0
2598.00089116	76879.7
2598.00091157	61883.0
2598.00093197	47085.1
2598.00095238	34140.5
2598.00097279	23707.2
2598.0010068	17971.3
2598.0010136	16917.3
2598.00104082	15863.5
2598.00105442	15158.9
2598.00107483	14864.7
2598.00111565	14572.9
2598.00122449	14864.7
2598.0012585	16165.6
2598.00129252	16749.0
2598.00133333	17798.5
2598.00136735	21995.9
2598.00140136	27324.4
2598.00144218	33503.8
2598.00147619	38794.2
2598.0015102	48112.4
2598.00155102	55223.0
2598.00158503	63643.5
2598.00161905	68194.0
2598.00165986	78239.8
2598.00169388	90966.0
2598.00172789	100223.0
2598.00176871	109200.0
2598.00180272	119802.0
2598.00183673	128480.0
2598.00187075	145653.0
2598.00191157	156445.0
2598.00194558	165311.0
2598.00197959	175080.0
2598.00202041	186905.0
2598.00205442	200075.0
2598.00208844	210737.0
2598.00212925	225261.0
2598.00216326	244074.0
2598.00219728	267035.0
2598.00223809	278715.0
2598.00227211	299008.0
2598.00230612	318456.0
2598.00238095	345836.0
2598.0024898	376173.0
2598.00256463	397062.0
2598.00263265	413447.0
2598.0027415	434480.0
2598.00285034	450790.0
2598.00295918	464452.0
2598.00306803	478475.0
2598.00321088	489537.0
2598.00331973	497750.0
2598.00342857	504221.0
2598.00353741	510767.0
2598.00361224	514225.0
2598.00372109	519292.0
2598.00386395	522481.0
2598.00404762	527620.0
2598.00419048	532803.0
2598.00437415	536392.0
2598.00455102	538031.0
2598.00484354	540003.0
2598.005	540003.0
2713.0	507329.0
2713.00004082	505462.0
2713.00012245	501439.0
2713.0002517	494085.0
2713.00029252	486525.0
2713.00033333	481146.0
2713.00037415	475524.0
2713.00041497	461290.0
2713.00046259	450790.0
2713.0005034	442431.0
2713.00052381	432308.0
2713.00054422	371398.0
2713.00058503	361309.0
2713.00062585	337659.0
2713.00063946	311653.0
2713.00064626	283770.0
2713.00065986	277232.0
2713.00068027	261528.0
2713.00070068	247585.0
2713.00073469	216090.0
2713.0007551	205349.0
2713.00077551	193124.0
2713.00078912	174196.0
2713.00080952	164828.0
2713.00082993	160888.0
2713.00084354	135974.0
2713.00086395	106086.0
2713.00087075	97947.0
2713.00089116	76879.7
2713.00091157	61883.0
2713.00093197	47085.1
2713.00095238	34140.5
2713.00097279	23707.2
2713.0010068	17971.3
2713.0010136	16917.3
2713.00104082	15863.5
2713.00105442	15158.9
2713.00107483	14864.7
2713.00111565	14572.9
2713.00122449	14864.7
2713.0012585	16165.6
2713.00129252	16749.0
2713.00133333	17798.5
2713.00136735	21995.9
2713.00140136	27324.4
2713.00144218	33503.8
2713.00147619	38794.2
2713.0015102	48112.4
2713.00155102	55223.0
2713.00158503	63643.5
2713.00161905	68194.0
2713.00165986	78239.8
2713.00169388	90966.0
2713.00172789	100223.0
2713.00176871	109200.0
2713.00180272	119802.0
2713.00183673	128480.0
2713.00187075	145653.0
2713.00191157	156445.0
2713.00194558	165311.0
2713.00197959	175080.0
2713.00202041	186905.0
2713.00205442	200075.0
2713.00208844	210737.0
2713.00212925	225261.0
2713.00216326	244074.0
2713.00219728	267035.0
2713.00223809	278715.0
2713.00227211	299008.0
2713.00230612	318456.0
2713.00238095	345836.0
2713.0024898	376173.0
2713.00256463	397062.0
2713.00263265	413447.0
2713.0027415	434480.0
2713.00285034	450790.0
2713.00295918	464452.0
2713.00306803	478475.0
2713.00321088	489537.0
2713.00331973	497750.0
2713.00342857	504221.0
2713.00353741	510767.0
2713.00361224	514225.0
2713.00372109	519292.0
2713.00386395	522481.0
2713.00404762	527620.0
2713.00419048	532803.0
2713.00437415	536392.0
2713.00455102	538031.0
2713.00484354	540003.0
2713.005	540003.0
2811.0	507329.0
2811.00004082	505462.0
2811.00012245	501439.0
2811.0002517	494085.0
2811.00029252	486525.0
2811.00033333	481146.0
2811.00037415	475524.0
2811.00041497	461290.0
2811.00046259	450790.0
2811.0005034	442431.0
2811.00052381	432308.0
2811.00054422	371398.0
2811.00058503	361309.0
2811.00062585	337659.0
2811.00063946	311653.0
2811.00064626	283770.0
2811.00065986	277232.0
2811.00068027	261528.0
2811.00070068	247585.0
2811.00073469	216090.0
2811.0007551	205349.0
2811.00077551	193124.0
2811.00078912	174196.0
2811.00080952	164828.0
2811.00082993	160888.0
2811.00084354	135974.0
2811.00086395	106086.0
2811.00087075	97947.0
2811.00089116	76879.7
2811.00091157	61883.0
2811.00093197	47085.1
2811.00095238	34140.5
2811.00097279	23707.2
2811.0010068	17971.3
2811.0010136	16917.3
2811.00104082	15863.5
2811.00105442	15158.9
2811.00107483	14864.7
2811.00111565	14572.9
2811.00122449	14864.7
2811.0012585	16165.6
2811.00129252	16749.0
2811.00133333	17798.5
2811.00136735	21995.9
2811.00140136	27324.4
2811.00144218	33503.8
2811.00147619	38794.2
2811.0015102	48112.4
2811.00155102	55223.0
2811.00158503	63643.5
2811.00161905	68194.0
2811.00165986	78239.8
2811.00169388	90966.0
2811.00172789	100223.0
2811.00176871	109200.0
2811.00180272	119802.0
2811.00183673	128480.0
2811.00187075	145653.0
2811.00191157	156445.0
2811.00194558	165311.0
2811.00197959	175080.0
2811.00202041	186905.0
2811.00205442	200075.0
2811.00208844	210737.0
2811.00212925	225261.0
2811.00216326	244074.0
2811.00219728	267035.0
2811.00223809	278715.0
2811.00227211	299008.0
2811.00230612	318456.0
2811.00238095	345836.0
2811.0024898	376173.0
2811.00256463	397062.0
2811.00263265	413447.0
2811.0027415	434480.0
2811.00285034	450790.0
2811.00295918	464452.0
2811.00306803	478475.0
2811.00321088	489537.0
2811.00331973	497750.0
2811.00342857	504221.0
2811.00353741	510767.0
2811.00361224	514225.0
2811.00372109	519292.0
2811.00386395	522481.0
2811.00404762	527620.0
2811.00419048	532803.0
2811.00437415	536392.0
2811.00455102	538031.0
2811.00484354	540003.0
2811.005	540003.0
2925.0	507329.0
2925.00004082	505462.0
2925.00012245	501439.0
2925.0002517	494085.0
2925.00029252	486525.0
2925.00033333	481146.0
2925.00037415	475524.0
2925.00041497	461290.0
2925.00046259	450790.0
2925.0005034	442431.0
2925.00052381	432308.0
2925.00054422	371398.0
2925.00058503	361309.0
2925.00062585	337659.0
2925.00063946	311653.0
2925.00064626	283770.0
2925.00065986	277232.0
2925.00068027	261528.0
2925.00070068	247585.0
2925.00073469	216090.0
2925.0007551	205349.0
2925.00077551	193124.0
2925.00078912	174196.0
2925.00080952	164828.0
2925.00082993	160888.0
2925.00084354	135974.0
2925.00086395	106086.0
2925.00087075	97947.0
2925.00089116	76879.7
2925.00091157	61883.0
2925.00093197	47085.1
2925.00095238	34140.5
2925.00097279	23707.2
2925.0010068	17971.3
2925.0010136	16917.3
2925.00104082	15863.5
2925.00105442	15158.9
2925.00107483	14864.7
2925.00111565	14572.9
2925.00122449	14864.7
2925.0012585	16165.6
2925.00129252	16749.0
2925.00133333	17798.5
2925.00136735	21995.9
2925.00140136	27324.4
2925.00144218	33503.8
2925.00147619	38794.2
2925.0015102	48112.4
2925.00155102	55223.0
2925.00158503	63643.5
2925.00161905	68194.0
2925.00165986	78239.8
2925.00169388	90966.0
2925.00172789	100223.0
2925.00176871	109200.0
2925.00180272	119802.0
2925.00183673	128480.0
2925.00187075	145653.0
2925.00191157	156445.0
2925.00194558	165311.0
2925.00197959	175080.0
2925.00202041	186905.0
2925.00205442	200075.0
2925.00208844	210737.0
2925.00212925	225261.0
2925.00216326	244074.0
2925.00219728	267035.0
2925.00223809	278715.0
2925.00227211	299008.0
2925.00230612	318456.0
2925.00238095	345836.0
2925.0024898	376173.0
2925.00256463	397062.0
2925.00263265	413447.0
2925.0027415	434480.0
2925.00285034	450790.0
2925.00295918	464452.0
2925.00306803	478475.0
2925.00321088	489537.0
2925.00331973	497750.0
2925.00342857	504221.0
2925.00353741	510767.0
2925.00361224	514225.0
2925.00372109	519292.0
2925.00386395	522481.0
2925.00404762	527620.0
2925.00419048	532803.0
2925.00437415	536392.0
2925.00455102	538031.0
2925.00484354	540003.0
2925.005	540003.0
3037.0	507329.0
3037.00004082	505462.0
3037.00012245	501439.0
3037.0002517	494085.0
3037.00029252	486525.0
3037.00033333	481146.0
3037.00037415	475524.0
3037.00041497	461290.0
3037.00046259	450790.0
3037.0005034	442431.0
3037.00052381	432308.0
3037.00054422	371398.0
3037.00058503	361309.0
3037.00062585	337659.0
3037.00063946	311653.0
3037.00064626	283770.0
3037.00065986	277232.0
3037.00068027	261528.0
3037.00070068	247585.0
3037.00073469	216090.0
3037.0007551	205349.0
3037.00077551	193124.0
3037.00078912	174196.0
3037.00080952	164828.0
3037.00082993	160888.0
3037.00084354	135974.0
3037.00086395	106086.0
3037.00087075	97947.0
3037.00089116	76879.7
3037.00091157	61883.0
3037.00093197	47085.1
3037.00095238	34140.5
3037.00097279	23707.2
3037.0010068	17971.3
3037.0010136	16917.3
3037.00104082	15863.5
3037.00105442	15158.9
3037.00107483	14864.7
3037.00111565	14572.9
3037.00122449	14864.7
3037.0012585	16165.6
3037.00129252	16749.0
3037.00133333	17798.5
3037.00136735	21995.9
3037.00140136	27324.4
3037.00144218	33503.8
3037.00147619	38794.2
3037.0015102	48112.4
3037.00155102	55223.0
3037.00158503	63643.5
3037.00161905	68194.0
3037.00165986	78239.8
3037.00169388	90966.0
3037.00172789	100223.0
3037.00176871	109200.0
3037.00180272	119802.0
3037.00183673	128480.0
3037.00187075	145653.0
3037.00191157	156445.0
3037.00194558	165311.0
3037.00197959	175080.0
3037.00202041	186905.0
3037.00205442	200075.0
3037.00208844	210737.0
3037.00212925	225261.0
3037.00216326	244074.0
3037.00219728	267035.0
3037.00223809	278715.0
3037.00227211	299008.0
3037.00230612	318456.0
3037.00238095	345836.0
3037.0024898	376173.0
3037.00256463	397062.0
3037.00263265	413447.0
3037.0027415	434480.0
3037.00285034	450790.0
3037.00295918	464452.0
3037.00306803	478475.0
3037.00321088	489537.0
3037.00331973	497750.0
3037.00342857	504221.0
3037.00353741	510767.0
3037.00361224	514225.0
3037.00372109	519292.0
3037.00386395	522481.0
3037.00404762	527620.0
3037.00419048	532803.0
3037.00437415	536392.0
3037.00455102	538031.0
3037.00484354	540003.0
3037.005	540003.0
