85.0	980.099
85.000040816	983.736
85.000122449	991.663
85.000251701	1006.47
85.000292517	1022.12
85.000333333	1033.54
85.00037415	1045.74
85.000414966	1077.86
85.000462585	1102.76
85.000503401	1123.38
85.00052381	1149.33
85.000544218	1332.89
85.000585034	1368.75
85.00062585	1460.42
85.000639456	1575.64
85.000646259	1720.0
85.000659864	1757.57
85.000680272	1854.56
85.00070068	1949.66
85.000734694	2203.16
85.000755102	2304.73
85.00077551	2431.9
85.000789116	2658.01
85.000809524	2785.69
85.000829932	2843.03
85.000843537	3266.7
85.000863946	3972.87
85.000870748	4220.66
85.000891156	5032.63
85.000911565	5832.79
85.000931973	6924.92
85.000952381	8298.02
85.000972789	9906.62
85.0010068	11112.1
85.0010136	11368.9
85.00104082	11638.7
85.00105442	11827.1
85.00107483	11907.7
85.00111565	11988.8
85.00122449	11907.7
85.0012585	11560.0
85.00129252	11411.1
85.00133333	11153.3
85.00136735	10236.1
85.00140136	9279.07
85.00144218	8380.39
85.00147619	7743.63
85.0015102	6835.71
85.00155102	6277.45
85.00158503	5725.75
85.00161905	5466.68
85.00165986	4970.87
85.00169388	4459.06
85.00172789	4148.32
85.00176871	3885.54
85.00180272	3614.77
85.00183673	3419.4
85.00187075	3088.23
85.00191157	2910.52
85.00194558	2778.82
85.00197959	2646.54
85.00202041	2501.96
85.00205442	2357.98
85.00208843	2252.68
85.00212925	2123.05
85.00216327	1975.1
85.00219728	1819.4
85.00223809	1748.92
85.00227211	1638.13
85.00230612	1543.86
85.00238095	1427.44
85.0024898	1316.53
85.00256463	1249.23
85.00263265	1200.83
85.0027415	1143.67
85.00285034	1102.76
85.00295918	1070.56
85.00306803	1039.3
85.00321088	1015.83
85.00331973	999.037
85.00342857	986.168
85.00353742	973.465
85.00361224	966.877
85.00372109	957.373
85.00386395	951.48
85.00404762	942.128
85.00419048	932.867
85.00437415	926.554
85.00455102	923.698
85.00484354	920.283
85.005	920.283
186.0	980.099
186.000040816	983.736
186.000122449	991.663
186.000251701	1006.47
186.000292517	1022.12
186.000333333	1033.54
186.00037415	1045.74
186.000414966	1077.86
186.000462585	1102.76
186.000503401	1123.38
186.00052381	1149.33
186.000544218	1332.89
186.000585034	1368.75
186.00062585	1460.42
186.000639456	1575.64
186.000646259	1720.0
186.000659864	1757.57
186.000680272	1854.56
186.00070068	1949.66
186.000734694	2203.16
186.000755102	2304.73
186.00077551	2431.9
186.000789116	2658.01
186.000809524	2785.69
186.000829932	2843.03
186.000843537	3266.7
186.000863946	3972.87
186.000870748	4220.66
186.000891156	5032.63
186.000911565	5832.79
186.000931973	6924.92
186.000952381	8298.02
186.000972789	9906.62
186.0010068	11112.1
186.0010136	11368.9
186.00104082	11638.7
186.00105442	11827.1
186.00107483	11907.7
186.00111565	11988.8
186.00122449	11907.7
186.0012585	11560.0
186.00129252	11411.1
186.00133333	11153.3
186.00136735	10236.1
186.00140136	9279.07
186.00144218	8380.39
186.00147619	7743.63
186.0015102	6835.71
186.00155102	6277.45
186.00158503	5725.75
186.00161905	5466.68
186.00165986	4970.87
186.00169388	4459.06
186.00172789	4148.32
186.00176871	3885.54
186.00180272	3614.77
186.00183673	3419.4
186.00187075	3088.23
186.00191157	2910.52
186.00194558	2778.82
186.00197959	2646.54
186.00202041	2501.96
186.00205442	2357.98
186.00208843	2252.68
186.00212925	2123.05
186.00216327	1975.1
186.00219728	1819.4
186.00223809	1748.92
186.00227211	1638.13
186.00230612	1543.86
186.00238095	1427.44
186.0024898	1316.53
186.00256463	1249.23
186.00263265	1200.83
186.0027415	1143.67
186.00285034	1102.76
186.00295918	1070.56
186.00306803	1039.3
186.00321088	1015.83
186.00331973	999.037
186.00342857	986.168
186.00353742	973.465
186.00361224	966.877
186.00372109	957.373
186.00386395	951.48
186.00404762	942.128
186.00419048	932.867
186.00437415	926.554
186.00455102	923.698
186.00484354	920.283
186.005	920.283
268.0	980.099
268.000040816	983.736
268.000122449	991.663
268.000251701	1006.47
268.000292517	1022.12
268.000333333	1033.54
268.00037415	1045.74
268.000414966	1077.86
268.000462585	1102.76
268.000503401	1123.38
268.00052381	1149.33
268.000544218	1332.89
268.000585034	1368.75
268.00062585	1460.42
268.000639456	1575.64
268.000646259	1720.0
268.000659864	1757.57
268.000680272	1854.56
268.00070068	1949.66
268.000734694	2203.16
268.000755102	2304.73
268.00077551	2431.9
268.000789116	2658.01
268.000809524	2785.69
268.000829932	2843.03
268.000843537	3266.7
268.000863946	3972.87
268.000870748	4220.66
268.000891156	5032.63
268.000911565	5832.79
268.000931973	6924.92
268.000952381	8298.02
268.000972789	9906.62
268.0010068	11112.1
268.0010136	11368.9
268.00104082	11638.7
268.00105442	11827.1
268.00107483	11907.7
268.00111565	11988.8
268.00122449	11907.7
268.0012585	11560.0
268.00129252	11411.1
268.00133333	11153.3
268.00136735	10236.1
268.00140136	9279.07
268.00144218	8380.39
268.00147619	7743.63
268.0015102	6835.71
268.00155102	6277.45
268.00158503	5725.75
268.00161905	5466.68
268.00165986	4970.87
268.00169388	4459.06
268.00172789	4148.32
268.00176871	3885.54
268.00180272	3614.77
268.00183673	3419.4
268.00187075	3088.23
268.00191157	2910.52
268.00194558	2778.82
268.00197959	2646.54
268.00202041	2501.96
268.00205442	2357.98
268.00208843	2252.68
268.00212925	2123.05
268.00216327	1975.1
268.00219728	1819.4
268.00223809	1748.92
268.00227211	1638.13
268.00230612	1543.86
268.00238095	1427.44
268.0024898	1316.53
268.00256463	1249.23
268.00263265	1200.83
268.0027415	1143.67
268.00285034	1102.76
268.00295918	1070.56
268.00306803	1039.3
268.00321088	1015.83
268.00331973	999.037
268.00342857	986.168
268.00353742	973.465
268.00361224	966.877
268.00372109	957.373
268.00386395	951.48
268.00404762	942.128
268.00419048	932.867
268.00437415	926.554
268.00455102	923.698
268.00484354	920.283
268.005	920.283
365.0	980.099
365.000040816	983.736
365.000122449	991.663
365.000251701	1006.47
365.000292517	1022.12
365.000333333	1033.54
365.00037415	1045.74
365.000414966	1077.86
365.000462585	1102.76
365.000503401	1123.38
365.00052381	1149.33
365.000544218	1332.89
365.000585034	1368.75
365.00062585	1460.42
365.000639456	1575.64
365.000646259	1720.0
365.000659864	1757.57
365.000680272	1854.56
365.00070068	1949.66
365.000734694	2203.16
365.000755102	2304.73
365.00077551	2431.9
365.000789116	2658.01
365.000809524	2785.69
365.000829932	2843.03
365.000843537	3266.7
365.000863946	3972.87
365.000870748	4220.66
365.000891156	5032.63
365.000911565	5832.79
365.000931973	6924.92
365.000952381	8298.02
365.000972789	9906.62
365.0010068	11112.1
365.0010136	11368.9
365.00104082	11638.7
365.00105442	11827.1
365.00107483	11907.7
365.00111565	11988.8
365.00122449	11907.7
365.0012585	11560.0
365.00129252	11411.1
365.00133333	11153.3
365.00136735	10236.1
365.00140136	9279.07
365.00144218	8380.39
365.00147619	7743.63
365.0015102	6835.71
365.00155102	6277.45
365.00158503	5725.75
365.00161905	5466.68
365.00165986	4970.87
365.00169388	4459.06
365.00172789	4148.32
365.00176871	3885.54
365.00180272	3614.77
365.00183673	3419.4
365.00187075	3088.23
365.00191157	2910.52
365.00194558	2778.82
365.00197959	2646.54
365.00202041	2501.96
365.00205442	2357.98
365.00208843	2252.68
365.00212925	2123.05
365.00216327	1975.1
365.00219728	1819.4
365.00223809	1748.92
365.00227211	1638.13
365.00230612	1543.86
365.00238095	1427.44
365.0024898	1316.53
365.00256463	1249.23
365.00263265	1200.83
365.0027415	1143.67
365.00285034	1102.76
365.00295918	1070.56
365.00306803	1039.3
365.00321088	1015.83
365.00331973	999.037
365.00342857	986.168
365.00353742	973.465
365.00361224	966.877
365.00372109	957.373
365.00386395	951.48
365.00404762	942.128
365.00419048	932.867
365.00437415	926.554
365.00455102	923.698
365.00484354	920.283
365.005	920.283
466.0	980.099
466.000040816	983.736
466.000122449	991.663
466.000251701	1006.47
466.000292517	1022.12
466.000333333	1033.54
466.00037415	1045.74
466.000414966	1077.86
466.000462585	1102.76
466.000503401	1123.38
466.00052381	1149.33
466.000544218	1332.89
466.000585034	1368.75
466.00062585	1460.42
466.000639456	1575.64
466.000646259	1720.0
466.000659864	1757.57
466.000680272	1854.56
466.00070068	1949.66
466.000734694	2203.16
466.000755102	2304.73
466.00077551	2431.9
466.000789116	2658.01
466.000809524	2785.69
466.000829932	2843.03
466.000843537	3266.7
466.000863946	3972.87
466.000870748	4220.66
466.000891156	5032.63
466.000911565	5832.79
466.000931973	6924.92
466.000952381	8298.02
466.000972789	9906.62
466.0010068	11112.1
466.0010136	11368.9
466.00104082	11638.7
466.00105442	11827.1
466.00107483	11907.7
466.00111565	11988.8
466.00122449	11907.7
466.0012585	11560.0
466.00129252	11411.1
466.00133333	11153.3
466.00136735	10236.1
466.00140136	9279.07
466.00144218	8380.39
466.00147619	7743.63
466.0015102	6835.71
466.00155102	6277.45
466.00158503	5725.75
466.00161905	5466.68
466.00165986	4970.87
466.00169388	4459.06
466.00172789	4148.32
466.00176871	3885.54
466.00180272	3614.77
466.00183673	3419.4
466.00187075	3088.23
466.00191157	2910.52
466.00194558	2778.82
466.00197959	2646.54
466.00202041	2501.96
466.00205442	2357.98
466.00208843	2252.68
466.00212925	2123.05
466.00216327	1975.1
466.00219728	1819.4
466.00223809	1748.92
466.00227211	1638.13
466.00230612	1543.86
466.00238095	1427.44
466.0024898	1316.53
466.00256463	1249.23
466.00263265	1200.83
466.0027415	1143.67
466.00285034	1102.76
466.00295918	1070.56
466.00306803	1039.3
466.00321088	1015.83
466.00331973	999.037
466.00342857	986.168
466.00353742	973.465
466.00361224	966.877
466.00372109	957.373
466.00386395	951.48
466.00404762	942.128
466.00419048	932.867
466.00437415	926.554
466.00455102	923.698
466.00484354	920.283
466.005	920.283
571.0	980.099
571.000040816	983.736
571.000122449	991.663
571.000251701	1006.47
571.000292517	1022.12
571.000333333	1033.54
571.00037415	1045.74
571.000414966	1077.86
571.000462585	1102.76
571.000503401	1123.38
571.00052381	1149.33
571.000544218	1332.89
571.000585034	1368.75
571.00062585	1460.42
571.000639456	1575.64
571.000646259	1720.0
571.000659864	1757.57
571.000680272	1854.56
571.00070068	1949.66
571.000734694	2203.16
571.000755102	2304.73
571.00077551	2431.9
571.000789116	2658.01
571.000809524	2785.69
571.000829932	2843.03
571.000843537	3266.7
571.000863946	3972.87
571.000870748	4220.66
571.000891156	5032.63
571.000911565	5832.79
571.000931973	6924.92
571.000952381	8298.02
571.000972789	9906.62
571.0010068	11112.1
571.0010136	11368.9
571.00104082	11638.7
571.00105442	11827.1
571.00107483	11907.7
571.00111565	11988.8
571.00122449	11907.7
571.0012585	11560.0
571.00129252	11411.1
571.00133333	11153.3
571.00136735	10236.1
571.00140136	9279.07
571.00144218	8380.39
571.00147619	7743.63
571.0015102	6835.71
571.00155102	6277.45
571.00158503	5725.75
571.00161905	5466.68
571.00165986	4970.87
571.00169388	4459.06
571.00172789	4148.32
571.00176871	3885.54
571.00180272	3614.77
571.00183673	3419.4
571.00187075	3088.23
571.00191157	2910.52
571.00194558	2778.82
571.00197959	2646.54
571.00202041	2501.96
571.00205442	2357.98
571.00208843	2252.68
571.00212925	2123.05
571.00216327	1975.1
571.00219728	1819.4
571.00223809	1748.92
571.00227211	1638.13
571.00230612	1543.86
571.00238095	1427.44
571.0024898	1316.53
571.00256463	1249.23
571.00263265	1200.83
571.0027415	1143.67
571.00285034	1102.76
571.00295918	1070.56
571.00306803	1039.3
571.00321088	1015.83
571.00331973	999.037
571.00342857	986.168
571.00353742	973.465
571.00361224	966.877
571.00372109	957.373
571.00386395	951.48
571.00404762	942.128
571.00419048	932.867
571.00437415	926.554
571.00455102	923.698
571.00484354	920.283
571.005	920.283
677.0	980.099
677.000040816	983.736
677.000122449	991.663
677.000251701	1006.47
677.000292517	1022.12
677.000333333	1033.54
677.00037415	1045.74
677.000414966	1077.86
677.000462585	1102.76
677.000503401	1123.38
677.00052381	1149.33
677.000544218	1332.89
677.000585034	1368.75
677.00062585	1460.42
677.000639456	1575.64
677.000646259	1720.0
677.000659864	1757.57
677.000680272	1854.56
677.00070068	1949.66
677.000734694	2203.16
677.000755102	2304.73
677.00077551	2431.9
677.000789116	2658.01
677.000809524	2785.69
677.000829932	2843.03
677.000843537	3266.7
677.000863946	3972.87
677.000870748	4220.66
677.000891156	5032.63
677.000911565	5832.79
677.000931973	6924.92
677.000952381	8298.02
677.000972789	9906.62
677.0010068	11112.1
677.0010136	11368.9
677.00104082	11638.7
677.00105442	11827.1
677.00107483	11907.7
677.00111565	11988.8
677.00122449	11907.7
677.0012585	11560.0
677.00129252	11411.1
677.00133333	11153.3
677.00136735	10236.1
677.00140136	9279.07
677.00144218	8380.39
677.00147619	7743.63
677.0015102	6835.71
677.00155102	6277.45
677.00158503	5725.75
677.00161905	5466.68
677.00165986	4970.87
677.00169388	4459.06
677.00172789	4148.32
677.00176871	3885.54
677.00180272	3614.77
677.00183673	3419.4
677.00187075	3088.23
677.00191157	2910.52
677.00194558	2778.82
677.00197959	2646.54
677.00202041	2501.96
677.00205442	2357.98
677.00208843	2252.68
677.00212925	2123.05
677.00216327	1975.1
677.00219728	1819.4
677.00223809	1748.92
677.00227211	1638.13
677.00230612	1543.86
677.00238095	1427.44
677.0024898	1316.53
677.00256463	1249.23
677.00263265	1200.83
677.0027415	1143.67
677.00285034	1102.76
677.00295918	1070.56
677.00306803	1039.3
677.00321088	1015.83
677.00331973	999.037
677.00342857	986.168
677.00353742	973.465
677.00361224	966.877
677.00372109	957.373
677.00386395	951.48
677.00404762	942.128
677.00419048	932.867
677.00437415	926.554
677.00455102	923.698
677.00484354	920.283
677.005	920.283
785.0	980.099
785.000040816	983.736
785.000122449	991.663
785.000251701	1006.47
785.000292517	1022.12
785.000333333	1033.54
785.00037415	1045.74
785.000414966	1077.86
785.000462585	1102.76
785.000503401	1123.38
785.00052381	1149.33
785.000544218	1332.89
785.000585034	1368.75
785.00062585	1460.42
785.000639456	1575.64
785.000646259	1720.0
785.000659864	1757.57
785.000680272	1854.56
785.00070068	1949.66
785.000734694	2203.16
785.000755102	2304.73
785.00077551	2431.9
785.000789116	2658.01
785.000809524	2785.69
785.000829932	2843.03
785.000843537	3266.7
785.000863946	3972.87
785.000870748	4220.66
785.000891156	5032.63
785.000911565	5832.79
785.000931973	6924.92
785.000952381	8298.02
785.000972789	9906.62
785.0010068	11112.1
785.0010136	11368.9
785.00104082	11638.7
785.00105442	11827.1
785.00107483	11907.7
785.00111565	11988.8
785.00122449	11907.7
785.0012585	11560.0
785.00129252	11411.1
785.00133333	11153.3
785.00136735	10236.1
785.00140136	9279.07
785.00144218	8380.39
785.00147619	7743.63
785.0015102	6835.71
785.00155102	6277.45
785.00158503	5725.75
785.00161905	5466.68
785.00165986	4970.87
785.00169388	4459.06
785.00172789	4148.32
785.00176871	3885.54
785.00180272	3614.77
785.00183673	3419.4
785.00187075	3088.23
785.00191157	2910.52
785.00194558	2778.82
785.00197959	2646.54
785.00202041	2501.96
785.00205442	2357.98
785.00208843	2252.68
785.00212925	2123.05
785.00216327	1975.1
785.00219728	1819.4
785.00223809	1748.92
785.00227211	1638.13
785.00230612	1543.86
785.00238095	1427.44
785.0024898	1316.53
785.00256463	1249.23
785.00263265	1200.83
785.0027415	1143.67
785.00285034	1102.76
785.00295918	1070.56
785.00306803	1039.3
785.00321088	1015.83
785.00331973	999.037
785.00342857	986.168
785.00353742	973.465
785.00361224	966.877
785.00372109	957.373
785.00386395	951.48
785.00404762	942.128
785.00419048	932.867
785.00437415	926.554
785.00455102	923.698
785.00484354	920.283
785.005	920.283
881.0	980.099
881.000040816	983.736
881.000122449	991.663
881.000251701	1006.47
881.000292517	1022.12
881.000333333	1033.54
881.00037415	1045.74
881.000414966	1077.86
881.000462585	1102.76
881.000503401	1123.38
881.00052381	1149.33
881.000544218	1332.89
881.000585034	1368.75
881.00062585	1460.42
881.000639456	1575.64
881.000646259	1720.0
881.000659864	1757.57
881.000680272	1854.56
881.00070068	1949.66
881.000734694	2203.16
881.000755102	2304.73
881.00077551	2431.9
881.000789116	2658.01
881.000809524	2785.69
881.000829932	2843.03
881.000843537	3266.7
881.000863946	3972.87
881.000870748	4220.66
881.000891156	5032.63
881.000911565	5832.79
881.000931973	6924.92
881.000952381	8298.02
881.000972789	9906.62
881.0010068	11112.1
881.0010136	11368.9
881.00104082	11638.7
881.00105442	11827.1
881.00107483	11907.7
881.00111565	11988.8
881.00122449	11907.7
881.0012585	11560.0
881.00129252	11411.1
881.00133333	11153.3
881.00136735	10236.1
881.00140136	9279.07
881.00144218	8380.39
881.00147619	7743.63
881.0015102	6835.71
881.00155102	6277.45
881.00158503	5725.75
881.00161905	5466.68
881.00165986	4970.87
881.00169388	4459.06
881.00172789	4148.32
881.00176871	3885.54
881.00180272	3614.77
881.00183673	3419.4
881.00187075	3088.23
881.00191157	2910.52
881.00194558	2778.82
881.00197959	2646.54
881.00202041	2501.96
881.00205442	2357.98
881.00208843	2252.68
881.00212925	2123.05
881.00216327	1975.1
881.00219728	1819.4
881.00223809	1748.92
881.00227211	1638.13
881.00230612	1543.86
881.00238095	1427.44
881.0024898	1316.53
881.00256463	1249.23
881.00263265	1200.83
881.0027415	1143.67
881.00285034	1102.76
881.00295918	1070.56
881.00306803	1039.3
881.00321088	1015.83
881.00331973	999.037
881.00342857	986.168
881.00353742	973.465
881.00361224	966.877
881.00372109	957.373
881.00386395	951.48
881.00404762	942.128
881.00419048	932.867
881.00437415	926.554
881.00455102	923.698
881.00484354	920.283
881.005	920.283
978.0	980.099
978.000040816	983.736
978.000122449	991.663
978.000251701	1006.47
978.000292517	1022.12
978.000333333	1033.54
978.00037415	1045.74
978.000414966	1077.86
978.000462585	1102.76
978.000503401	1123.38
978.00052381	1149.33
978.000544218	1332.89
978.000585034	1368.75
978.00062585	1460.42
978.000639456	1575.64
978.000646259	1720.0
978.000659864	1757.57
978.000680272	1854.56
978.00070068	1949.66
978.000734694	2203.16
978.000755102	2304.73
978.00077551	2431.9
978.000789116	2658.01
978.000809524	2785.69
978.000829932	2843.03
978.000843537	3266.7
978.000863946	3972.87
978.000870748	4220.66
978.000891156	5032.63
978.000911565	5832.79
978.000931973	6924.92
978.000952381	8298.02
978.000972789	9906.62
978.0010068	11112.1
978.0010136	11368.9
978.00104082	11638.7
978.00105442	11827.1
978.00107483	11907.7
978.00111565	11988.8
978.00122449	11907.7
978.0012585	11560.0
978.00129252	11411.1
978.00133333	11153.3
978.00136735	10236.1
978.00140136	9279.07
978.00144218	8380.39
978.00147619	7743.63
978.0015102	6835.71
978.00155102	6277.45
978.00158503	5725.75
978.00161905	5466.68
978.00165986	4970.87
978.00169388	4459.06
978.00172789	4148.32
978.00176871	3885.54
978.00180272	3614.77
978.00183673	3419.4
978.00187075	3088.23
978.00191157	2910.52
978.00194558	2778.82
978.00197959	2646.54
978.00202041	2501.96
978.00205442	2357.98
978.00208843	2252.68
978.00212925	2123.05
978.00216327	1975.1
978.00219728	1819.4
978.00223809	1748.92
978.00227211	1638.13
978.00230612	1543.86
978.00238095	1427.44
978.0024898	1316.53
978.00256463	1249.23
978.00263265	1200.83
978.0027415	1143.67
978.00285034	1102.76
978.00295918	1070.56
978.00306803	1039.3
978.00321088	1015.83
978.00331973	999.037
978.00342857	986.168
978.00353742	973.465
978.00361224	966.877
978.00372109	957.373
978.00386395	951.48
978.00404762	942.128
978.00419048	932.867
978.00437415	926.554
978.00455102	923.698
978.00484354	920.283
978.005	920.283
1094.0	980.099
1094.00004082	983.736
1094.00012245	991.663
1094.0002517	1006.47
1094.00029252	1022.12
1094.00033333	1033.54
1094.00037415	1045.74
1094.00041497	1077.86
1094.00046258	1102.76
1094.0005034	1123.38
1094.00052381	1149.33
1094.00054422	1332.89
1094.00058503	1368.75
1094.00062585	1460.42
1094.00063946	1575.64
1094.00064626	1720.0
1094.00065986	1757.57
1094.00068027	1854.56
1094.00070068	1949.66
1094.00073469	2203.16
1094.0007551	2304.73
1094.00077551	2431.9
1094.00078912	2658.01
1094.00080952	2785.69
1094.00082993	2843.03
1094.00084354	3266.7
1094.00086395	3972.87
1094.00087075	4220.66
1094.00089116	5032.63
1094.00091157	5832.79
1094.00093197	6924.92
1094.00095238	8298.02
1094.00097279	9906.62
1094.0010068	11112.1
1094.0010136	11368.9
1094.00104082	11638.7
1094.00105442	11827.1
1094.00107483	11907.7
1094.00111565	11988.8
1094.00122449	11907.7
1094.0012585	11560.0
1094.00129252	11411.1
1094.00133333	11153.3
1094.00136735	10236.1
1094.00140136	9279.07
1094.00144218	8380.39
1094.00147619	7743.63
1094.0015102	6835.71
1094.00155102	6277.45
1094.00158503	5725.75
1094.00161905	5466.68
1094.00165986	4970.87
1094.00169388	4459.06
1094.00172789	4148.32
1094.00176871	3885.54
1094.00180272	3614.77
1094.00183673	3419.4
1094.00187075	3088.23
1094.00191157	2910.52
1094.00194558	2778.82
1094.00197959	2646.54
1094.00202041	2501.96
1094.00205442	2357.98
1094.00208843	2252.68
1094.00212925	2123.05
1094.00216327	1975.1
1094.00219728	1819.4
1094.00223809	1748.92
1094.00227211	1638.13
1094.00230612	1543.86
1094.00238095	1427.44
1094.0024898	1316.53
1094.00256463	1249.23
1094.00263265	1200.83
1094.0027415	1143.67
1094.00285034	1102.76
1094.00295918	1070.56
1094.00306803	1039.3
1094.00321088	1015.83
1094.00331973	999.037
1094.00342857	986.168
1094.00353742	973.465
1094.00361224	966.877
1094.00372109	957.373
1094.00386395	951.48
1094.00404762	942.128
1094.00419048	932.867
1094.00437415	926.554
1094.00455102	923.698
1094.00484354	920.283
1094.005	920.283
1207.0	980.099
1207.00004082	983.736
1207.00012245	991.663
1207.0002517	1006.47
1207.00029252	1022.12
1207.00033333	1033.54
1207.00037415	1045.74
1207.00041497	1077.86
1207.00046258	1102.76
1207.0005034	1123.38
1207.00052381	1149.33
1207.00054422	1332.89
1207.00058503	1368.75
1207.00062585	1460.42
1207.00063946	1575.64
1207.00064626	1720.0
1207.00065986	1757.57
1207.00068027	1854.56
1207.00070068	1949.66
1207.00073469	2203.16
1207.0007551	2304.73
1207.00077551	2431.9
1207.00078912	2658.01
1207.00080952	2785.69
1207.00082993	2843.03
1207.00084354	3266.7
1207.00086395	3972.87
1207.00087075	4220.66
1207.00089116	5032.63
1207.00091157	5832.79
1207.00093197	6924.92
1207.00095238	8298.02
1207.00097279	9906.62
1207.0010068	11112.1
1207.0010136	11368.9
1207.00104082	11638.7
1207.00105442	11827.1
1207.00107483	11907.7
1207.00111565	11988.8
1207.00122449	11907.7
1207.0012585	11560.0
1207.00129252	11411.1
1207.00133333	11153.3
1207.00136735	10236.1
1207.00140136	9279.07
1207.00144218	8380.39
1207.00147619	7743.63
1207.0015102	6835.71
1207.00155102	6277.45
1207.00158503	5725.75
1207.00161905	5466.68
1207.00165986	4970.87
1207.00169388	4459.06
1207.00172789	4148.32
1207.00176871	3885.54
1207.00180272	3614.77
1207.00183673	3419.4
1207.00187075	3088.23
1207.00191157	2910.52
1207.00194558	2778.82
1207.00197959	2646.54
1207.00202041	2501.96
1207.00205442	2357.98
1207.00208843	2252.68
1207.00212925	2123.05
1207.00216327	1975.1
1207.00219728	1819.4
1207.00223809	1748.92
1207.00227211	1638.13
1207.00230612	1543.86
1207.00238095	1427.44
1207.0024898	1316.53
1207.00256463	1249.23
1207.00263265	1200.83
1207.0027415	1143.67
1207.00285034	1102.76
1207.00295918	1070.56
1207.00306803	1039.3
1207.00321088	1015.83
1207.00331973	999.037
1207.00342857	986.168
1207.00353742	973.465
1207.00361224	966.877
1207.00372109	957.373
1207.00386395	951.48
1207.00404762	942.128
1207.00419048	932.867
1207.00437415	926.554
1207.00455102	923.698
1207.00484354	920.283
1207.005	920.283
1304.0	980.099
1304.00004082	983.736
1304.00012245	991.663
1304.0002517	1006.47
1304.00029252	1022.12
1304.00033333	1033.54
1304.00037415	1045.74
1304.00041497	1077.86
1304.00046258	1102.76
1304.0005034	1123.38
1304.00052381	1149.33
1304.00054422	1332.89
1304.00058503	1368.75
1304.00062585	1460.42
1304.00063946	1575.64
1304.00064626	1720.0
1304.00065986	1757.57
1304.00068027	1854.56
1304.00070068	1949.66
1304.00073469	2203.16
1304.0007551	2304.73
1304.00077551	2431.9
1304.00078912	2658.01
1304.00080952	2785.69
1304.00082993	2843.03
1304.00084354	3266.7
1304.00086395	3972.87
1304.00087075	4220.66
1304.00089116	5032.63
1304.00091157	5832.79
1304.00093197	6924.92
1304.00095238	8298.02
1304.00097279	9906.62
1304.0010068	11112.1
1304.0010136	11368.9
1304.00104082	11638.7
1304.00105442	11827.1
1304.00107483	11907.7
1304.00111565	11988.8
1304.00122449	11907.7
1304.0012585	11560.0
1304.00129252	11411.1
1304.00133333	11153.3
1304.00136735	10236.1
1304.00140136	9279.07
1304.00144218	8380.39
1304.00147619	7743.63
1304.0015102	6835.71
1304.00155102	6277.45
1304.00158503	5725.75
1304.00161905	5466.68
1304.00165986	4970.87
1304.00169388	4459.06
1304.00172789	4148.32
1304.00176871	3885.54
1304.00180272	3614.77
1304.00183673	3419.4
1304.00187075	3088.23
1304.00191157	2910.52
1304.00194558	2778.82
1304.00197959	2646.54
1304.00202041	2501.96
1304.00205442	2357.98
1304.00208843	2252.68
1304.00212925	2123.05
1304.00216327	1975.1
1304.00219728	1819.4
1304.00223809	1748.92
1304.00227211	1638.13
1304.00230612	1543.86
1304.00238095	1427.44
1304.0024898	1316.53
1304.00256463	1249.23
1304.00263265	1200.83
1304.0027415	1143.67
1304.00285034	1102.76
1304.00295918	1070.56
1304.00306803	1039.3
1304.00321088	1015.83
1304.00331973	999.037
1304.00342857	986.168
1304.00353742	973.465
1304.00361224	966.877
1304.00372109	957.373
1304.00386395	951.48
1304.00404762	942.128
1304.00419048	932.867
1304.00437415	926.554
1304.00455102	923.698
1304.00484354	920.283
1304.005	920.283
1397.0	980.099
1397.00004082	983.736
1397.00012245	991.663
1397.0002517	1006.47
1397.00029252	1022.12
1397.00033333	1033.54
1397.00037415	1045.74
1397.00041497	1077.86
1397.00046258	1102.76
1397.0005034	1123.38
1397.00052381	1149.33
1397.00054422	1332.89
1397.00058503	1368.75
1397.00062585	1460.42
1397.00063946	1575.64
1397.00064626	1720.0
1397.00065986	1757.57
1397.00068027	1854.56
1397.00070068	1949.66
1397.00073469	2203.16
1397.0007551	2304.73
1397.00077551	2431.9
1397.00078912	2658.01
1397.00080952	2785.69
1397.00082993	2843.03
1397.00084354	3266.7
1397.00086395	3972.87
1397.00087075	4220.66
1397.00089116	5032.63
1397.00091157	5832.79
1397.00093197	6924.92
1397.00095238	8298.02
1397.00097279	9906.62
1397.0010068	11112.1
1397.0010136	11368.9
1397.00104082	11638.7
1397.00105442	11827.1
1397.00107483	11907.7
1397.00111565	11988.8
1397.00122449	11907.7
1397.0012585	11560.0
1397.00129252	11411.1
1397.00133333	11153.3
1397.00136735	10236.1
1397.00140136	9279.07
1397.00144218	8380.39
1397.00147619	7743.63
1397.0015102	6835.71
1397.00155102	6277.45
1397.00158503	5725.75
1397.00161905	5466.68
1397.00165986	4970.87
1397.00169388	4459.06
1397.00172789	4148.32
1397.00176871	3885.54
1397.00180272	3614.77
1397.00183673	3419.4
1397.00187075	3088.23
1397.00191157	2910.52
1397.00194558	2778.82
1397.00197959	2646.54
1397.00202041	2501.96
1397.00205442	2357.98
1397.00208843	2252.68
1397.00212925	2123.05
1397.00216327	1975.1
1397.00219728	1819.4
1397.00223809	1748.92
1397.00227211	1638.13
1397.00230612	1543.86
1397.00238095	1427.44
1397.0024898	1316.53
1397.00256463	1249.23
1397.00263265	1200.83
1397.0027415	1143.67
1397.00285034	1102.76
1397.00295918	1070.56
1397.00306803	1039.3
1397.00321088	1015.83
1397.00331973	999.037
1397.00342857	986.168
1397.00353742	973.465
1397.00361224	966.877
1397.00372109	957.373
1397.00386395	951.48
1397.00404762	942.128
1397.00419048	932.867
1397.00437415	926.554
1397.00455102	923.698
1397.00484354	920.283
1397.005	920.283
1500.0	980.099
1500.00004082	983.736
1500.00012245	991.663
1500.0002517	1006.47
1500.00029252	1022.12
1500.00033333	1033.54
1500.00037415	1045.74
1500.00041497	1077.86
1500.00046258	1102.76
1500.0005034	1123.38
1500.00052381	1149.33
1500.00054422	1332.89
1500.00058503	1368.75
1500.00062585	1460.42
1500.00063946	1575.64
1500.00064626	1720.0
1500.00065986	1757.57
1500.00068027	1854.56
1500.00070068	1949.66
1500.00073469	2203.16
1500.0007551	2304.73
1500.00077551	2431.9
1500.00078912	2658.01
1500.00080952	2785.69
1500.00082993	2843.03
1500.00084354	3266.7
1500.00086395	3972.87
1500.00087075	4220.66
1500.00089116	5032.63
1500.00091157	5832.79
1500.00093197	6924.92
1500.00095238	8298.02
1500.00097279	9906.62
1500.0010068	11112.1
1500.0010136	11368.9
1500.00104082	11638.7
1500.00105442	11827.1
1500.00107483	11907.7
1500.00111565	11988.8
1500.00122449	11907.7
1500.0012585	11560.0
1500.00129252	11411.1
1500.00133333	11153.3
1500.00136735	10236.1
1500.00140136	9279.07
1500.00144218	8380.39
1500.00147619	7743.63
1500.0015102	6835.71
1500.00155102	6277.45
1500.00158503	5725.75
1500.00161905	5466.68
1500.00165986	4970.87
1500.00169388	4459.06
1500.00172789	4148.32
1500.00176871	3885.54
1500.00180272	3614.77
1500.00183673	3419.4
1500.00187075	3088.23
1500.00191157	2910.52
1500.00194558	2778.82
1500.00197959	2646.54
1500.00202041	2501.96
1500.00205442	2357.98
1500.00208843	2252.68
1500.00212925	2123.05
1500.00216327	1975.1
1500.00219728	1819.4
1500.00223809	1748.92
1500.00227211	1638.13
1500.00230612	1543.86
1500.00238095	1427.44
1500.0024898	1316.53
1500.00256463	1249.23
1500.00263265	1200.83
1500.0027415	1143.67
1500.00285034	1102.76
1500.00295918	1070.56
1500.00306803	1039.3
1500.00321088	1015.83
1500.00331973	999.037
1500.00342857	986.168
1500.00353742	973.465
1500.00361224	966.877
1500.00372109	957.373
1500.00386395	951.48
1500.00404762	942.128
1500.00419048	932.867
1500.00437415	926.554
1500.00455102	923.698
1500.00484354	920.283
1500.005	920.283
1596.0	980.099
1596.00004082	983.736
1596.00012245	991.663
1596.0002517	1006.47
1596.00029252	1022.12
1596.00033333	1033.54
1596.00037415	1045.74
1596.00041497	1077.86
1596.00046258	1102.76
1596.0005034	1123.38
1596.00052381	1149.33
1596.00054422	1332.89
1596.00058503	1368.75
1596.00062585	1460.42
1596.00063946	1575.64
1596.00064626	1720.0
1596.00065986	1757.57
1596.00068027	1854.56
1596.00070068	1949.66
1596.00073469	2203.16
1596.0007551	2304.73
1596.00077551	2431.9
1596.00078912	2658.01
1596.00080952	2785.69
1596.00082993	2843.03
1596.00084354	3266.7
1596.00086395	3972.87
1596.00087075	4220.66
1596.00089116	5032.63
1596.00091157	5832.79
1596.00093197	6924.92
1596.00095238	8298.02
1596.00097279	9906.62
1596.0010068	11112.1
1596.0010136	11368.9
1596.00104082	11638.7
1596.00105442	11827.1
1596.00107483	11907.7
1596.00111565	11988.8
1596.00122449	11907.7
1596.0012585	11560.0
1596.00129252	11411.1
1596.00133333	11153.3
1596.00136735	10236.1
1596.00140136	9279.07
1596.00144218	8380.39
1596.00147619	7743.63
1596.0015102	6835.71
1596.00155102	6277.45
1596.00158503	5725.75
1596.00161905	5466.68
1596.00165986	4970.87
1596.00169388	4459.06
1596.00172789	4148.32
1596.00176871	3885.54
1596.00180272	3614.77
1596.00183673	3419.4
1596.00187075	3088.23
1596.00191157	2910.52
1596.00194558	2778.82
1596.00197959	2646.54
1596.00202041	2501.96
1596.00205442	2357.98
1596.00208843	2252.68
1596.00212925	2123.05
1596.00216327	1975.1
1596.00219728	1819.4
1596.00223809	1748.92
1596.00227211	1638.13
1596.00230612	1543.86
1596.00238095	1427.44
1596.0024898	1316.53
1596.00256463	1249.23
1596.00263265	1200.83
1596.0027415	1143.67
1596.00285034	1102.76
1596.00295918	1070.56
1596.00306803	1039.3
1596.00321088	1015.83
1596.00331973	999.037
1596.00342857	986.168
1596.00353742	973.465
1596.00361224	966.877
1596.00372109	957.373
1596.00386395	951.48
1596.00404762	942.128
1596.00419048	932.867
1596.00437415	926.554
1596.00455102	923.698
1596.00484354	920.283
1596.005	920.283
1688.0	980.099
1688.00004082	983.736
1688.00012245	991.663
1688.0002517	1006.47
1688.00029252	1022.12
1688.00033333	1033.54
1688.00037415	1045.74
1688.00041497	1077.86
1688.00046258	1102.76
1688.0005034	1123.38
1688.00052381	1149.33
1688.00054422	1332.89
1688.00058503	1368.75
1688.00062585	1460.42
1688.00063946	1575.64
1688.00064626	1720.0
1688.00065986	1757.57
1688.00068027	1854.56
1688.00070068	1949.66
1688.00073469	2203.16
1688.0007551	2304.73
1688.00077551	2431.9
1688.00078912	2658.01
1688.00080952	2785.69
1688.00082993	2843.03
1688.00084354	3266.7
1688.00086395	3972.87
1688.00087075	4220.66
1688.00089116	5032.63
1688.00091157	5832.79
1688.00093197	6924.92
1688.00095238	8298.02
1688.00097279	9906.62
1688.0010068	11112.1
1688.0010136	11368.9
1688.00104082	11638.7
1688.00105442	11827.1
1688.00107483	11907.7
1688.00111565	11988.8
1688.00122449	11907.7
1688.0012585	11560.0
1688.00129252	11411.1
1688.00133333	11153.3
1688.00136735	10236.1
1688.00140136	9279.07
1688.00144218	8380.39
1688.00147619	7743.63
1688.0015102	6835.71
1688.00155102	6277.45
1688.00158503	5725.75
1688.00161905	5466.68
1688.00165986	4970.87
1688.00169388	4459.06
1688.00172789	4148.32
1688.00176871	3885.54
1688.00180272	3614.77
1688.00183673	3419.4
1688.00187075	3088.23
1688.00191157	2910.52
1688.00194558	2778.82
1688.00197959	2646.54
1688.00202041	2501.96
1688.00205442	2357.98
1688.00208843	2252.68
1688.00212925	2123.05
1688.00216327	1975.1
1688.00219728	1819.4
1688.00223809	1748.92
1688.00227211	1638.13
1688.00230612	1543.86
1688.00238095	1427.44
1688.0024898	1316.53
1688.00256463	1249.23
1688.00263265	1200.83
1688.0027415	1143.67
1688.00285034	1102.76
1688.00295918	1070.56
1688.00306803	1039.3
1688.00321088	1015.83
1688.00331973	999.037
1688.00342857	986.168
1688.00353742	973.465
1688.00361224	966.877
1688.00372109	957.373
1688.00386395	951.48
1688.00404762	942.128
1688.00419048	932.867
1688.00437415	926.554
1688.00455102	923.698
1688.00484354	920.283
1688.005	920.283
1786.0	980.099
1786.00004082	983.736
1786.00012245	991.663
1786.0002517	1006.47
1786.00029252	1022.12
1786.00033333	1033.54
1786.00037415	1045.74
1786.00041497	1077.86
1786.00046258	1102.76
1786.0005034	1123.38
1786.00052381	1149.33
1786.00054422	1332.89
1786.00058503	1368.75
1786.00062585	1460.42
1786.00063946	1575.64
1786.00064626	1720.0
1786.00065986	1757.57
1786.00068027	1854.56
1786.00070068	1949.66
1786.00073469	2203.16
1786.0007551	2304.73
1786.00077551	2431.9
1786.00078912	2658.01
1786.00080952	2785.69
1786.00082993	2843.03
1786.00084354	3266.7
1786.00086395	3972.87
1786.00087075	4220.66
1786.00089116	5032.63
1786.00091157	5832.79
1786.00093197	6924.92
1786.00095238	8298.02
1786.00097279	9906.62
1786.0010068	11112.1
1786.0010136	11368.9
1786.00104082	11638.7
1786.00105442	11827.1
1786.00107483	11907.7
1786.00111565	11988.8
1786.00122449	11907.7
1786.0012585	11560.0
1786.00129252	11411.1
1786.00133333	11153.3
1786.00136735	10236.1
1786.00140136	9279.07
1786.00144218	8380.39
1786.00147619	7743.63
1786.0015102	6835.71
1786.00155102	6277.45
1786.00158503	5725.75
1786.00161905	5466.68
1786.00165986	4970.87
1786.00169388	4459.06
1786.00172789	4148.32
1786.00176871	3885.54
1786.00180272	3614.77
1786.00183673	3419.4
1786.00187075	3088.23
1786.00191157	2910.52
1786.00194558	2778.82
1786.00197959	2646.54
1786.00202041	2501.96
1786.00205442	2357.98
1786.00208843	2252.68
1786.00212925	2123.05
1786.00216327	1975.1
1786.00219728	1819.4
1786.00223809	1748.92
1786.00227211	1638.13
1786.00230612	1543.86
1786.00238095	1427.44
1786.0024898	1316.53
1786.00256463	1249.23
1786.00263265	1200.83
1786.0027415	1143.67
1786.00285034	1102.76
1786.00295918	1070.56
1786.00306803	1039.3
1786.00321088	1015.83
1786.00331973	999.037
1786.00342857	986.168
1786.00353742	973.465
1786.00361224	966.877
1786.00372109	957.373
1786.00386395	951.48
1786.00404762	942.128
1786.00419048	932.867
1786.00437415	926.554
1786.00455102	923.698
1786.00484354	920.283
1786.005	920.283
1896.0	980.099
1896.00004082	983.736
1896.00012245	991.663
1896.0002517	1006.47
1896.00029252	1022.12
1896.00033333	1033.54
1896.00037415	1045.74
1896.00041497	1077.86
1896.00046258	1102.76
1896.0005034	1123.38
1896.00052381	1149.33
1896.00054422	1332.89
1896.00058503	1368.75
1896.00062585	1460.42
1896.00063946	1575.64
1896.00064626	1720.0
1896.00065986	1757.57
1896.00068027	1854.56
1896.00070068	1949.66
1896.00073469	2203.16
1896.0007551	2304.73
1896.00077551	2431.9
1896.00078912	2658.01
1896.00080952	2785.69
1896.00082993	2843.03
1896.00084354	3266.7
1896.00086395	3972.87
1896.00087075	4220.66
1896.00089116	5032.63
1896.00091157	5832.79
1896.00093197	6924.92
1896.00095238	8298.02
1896.00097279	9906.62
1896.0010068	11112.1
1896.0010136	11368.9
1896.00104082	11638.7
1896.00105442	11827.1
1896.00107483	11907.7
1896.00111565	11988.8
1896.00122449	11907.7
1896.0012585	11560.0
1896.00129252	11411.1
1896.00133333	11153.3
1896.00136735	10236.1
1896.00140136	9279.07
1896.00144218	8380.39
1896.00147619	7743.63
1896.0015102	6835.71
1896.00155102	6277.45
1896.00158503	5725.75
1896.00161905	5466.68
1896.00165986	4970.87
1896.00169388	4459.06
1896.00172789	4148.32
1896.00176871	3885.54
1896.00180272	3614.77
1896.00183673	3419.4
1896.00187075	3088.23
1896.00191157	2910.52
1896.00194558	2778.82
1896.00197959	2646.54
1896.00202041	2501.96
1896.00205442	2357.98
1896.00208843	2252.68
1896.00212925	2123.05
1896.00216327	1975.1
1896.00219728	1819.4
1896.00223809	1748.92
1896.00227211	1638.13
1896.00230612	1543.86
1896.00238095	1427.44
1896.0024898	1316.53
1896.00256463	1249.23
1896.00263265	1200.83
1896.0027415	1143.67
1896.00285034	1102.76
1896.00295918	1070.56
1896.00306803	1039.3
1896.00321088	1015.83
1896.00331973	999.037
1896.00342857	986.168
1896.00353742	973.465
1896.00361224	966.877
1896.00372109	957.373
1896.00386395	951.48
1896.00404762	942.128
1896.00419048	932.867
1896.00437415	926.554
1896.00455102	923.698
1896.00484354	920.283
1896.005	920.283
1998.0	980.099
1998.00004082	983.736
1998.00012245	991.663
1998.0002517	1006.47
1998.00029252	1022.12
1998.00033333	1033.54
1998.00037415	1045.74
1998.00041497	1077.86
1998.00046258	1102.76
1998.0005034	1123.38
1998.00052381	1149.33
1998.00054422	1332.89
1998.00058503	1368.75
1998.00062585	1460.42
1998.00063946	1575.64
1998.00064626	1720.0
1998.00065986	1757.57
1998.00068027	1854.56
1998.00070068	1949.66
1998.00073469	2203.16
1998.0007551	2304.73
1998.00077551	2431.9
1998.00078912	2658.01
1998.00080952	2785.69
1998.00082993	2843.03
1998.00084354	3266.7
1998.00086395	3972.87
1998.00087075	4220.66
1998.00089116	5032.63
1998.00091157	5832.79
1998.00093197	6924.92
1998.00095238	8298.02
1998.00097279	9906.62
1998.0010068	11112.1
1998.0010136	11368.9
1998.00104082	11638.7
1998.00105442	11827.1
1998.00107483	11907.7
1998.00111565	11988.8
1998.00122449	11907.7
1998.0012585	11560.0
1998.00129252	11411.1
1998.00133333	11153.3
1998.00136735	10236.1
1998.00140136	9279.07
1998.00144218	8380.39
1998.00147619	7743.63
1998.0015102	6835.71
1998.00155102	6277.45
1998.00158503	5725.75
1998.00161905	5466.68
1998.00165986	4970.87
1998.00169388	4459.06
1998.00172789	4148.32
1998.00176871	3885.54
1998.00180272	3614.77
1998.00183673	3419.4
1998.00187075	3088.23
1998.00191157	2910.52
1998.00194558	2778.82
1998.00197959	2646.54
1998.00202041	2501.96
1998.00205442	2357.98
1998.00208843	2252.68
1998.00212925	2123.05
1998.00216327	1975.1
1998.00219728	1819.4
1998.00223809	1748.92
1998.00227211	1638.13
1998.00230612	1543.86
1998.00238095	1427.44
1998.0024898	1316.53
1998.00256463	1249.23
1998.00263265	1200.83
1998.0027415	1143.67
1998.00285034	1102.76
1998.00295918	1070.56
1998.00306803	1039.3
1998.00321088	1015.83
1998.00331973	999.037
1998.00342857	986.168
1998.00353742	973.465
1998.00361224	966.877
1998.00372109	957.373
1998.00386395	951.48
1998.00404762	942.128
1998.00419048	932.867
1998.00437415	926.554
1998.00455102	923.698
1998.00484354	920.283
1998.005	920.283
2092.0	980.099
2092.00004082	983.736
2092.00012245	991.663
2092.0002517	1006.47
2092.00029252	1022.12
2092.00033333	1033.54
2092.00037415	1045.74
2092.00041497	1077.86
2092.00046259	1102.76
2092.0005034	1123.38
2092.00052381	1149.33
2092.00054422	1332.89
2092.00058503	1368.75
2092.00062585	1460.42
2092.00063946	1575.64
2092.00064626	1720.0
2092.00065986	1757.57
2092.00068027	1854.56
2092.00070068	1949.66
2092.00073469	2203.16
2092.0007551	2304.73
2092.00077551	2431.9
2092.00078912	2658.01
2092.00080952	2785.69
2092.00082993	2843.03
2092.00084354	3266.7
2092.00086395	3972.87
2092.00087075	4220.66
2092.00089116	5032.63
2092.00091157	5832.79
2092.00093197	6924.92
2092.00095238	8298.02
2092.00097279	9906.62
2092.0010068	11112.1
2092.0010136	11368.9
2092.00104082	11638.7
2092.00105442	11827.1
2092.00107483	11907.7
2092.00111565	11988.8
2092.00122449	11907.7
2092.0012585	11560.0
2092.00129252	11411.1
2092.00133333	11153.3
2092.00136735	10236.1
2092.00140136	9279.07
2092.00144218	8380.39
2092.00147619	7743.63
2092.0015102	6835.71
2092.00155102	6277.45
2092.00158503	5725.75
2092.00161905	5466.68
2092.00165986	4970.87
2092.00169388	4459.06
2092.00172789	4148.32
2092.00176871	3885.54
2092.00180272	3614.77
2092.00183673	3419.4
2092.00187075	3088.23
2092.00191157	2910.52
2092.00194558	2778.82
2092.00197959	2646.54
2092.00202041	2501.96
2092.00205442	2357.98
2092.00208843	2252.68
2092.00212925	2123.05
2092.00216327	1975.1
2092.00219728	1819.4
2092.00223809	1748.92
2092.00227211	1638.13
2092.00230612	1543.86
2092.00238095	1427.44
2092.0024898	1316.53
2092.00256463	1249.23
2092.00263265	1200.83
2092.0027415	1143.67
2092.00285034	1102.76
2092.00295918	1070.56
2092.00306803	1039.3
2092.00321088	1015.83
2092.00331973	999.037
2092.00342857	986.168
2092.00353742	973.465
2092.00361224	966.877
2092.00372109	957.373
2092.00386395	951.48
2092.00404762	942.128
2092.00419048	932.867
2092.00437415	926.554
2092.00455102	923.698
2092.00484354	920.283
2092.005	920.283
2188.0	980.099
2188.00004082	983.736
2188.00012245	991.663
2188.0002517	1006.47
2188.00029252	1022.12
2188.00033333	1033.54
2188.00037415	1045.74
2188.00041497	1077.86
2188.00046259	1102.76
2188.0005034	1123.38
2188.00052381	1149.33
2188.00054422	1332.89
2188.00058503	1368.75
2188.00062585	1460.42
2188.00063946	1575.64
2188.00064626	1720.0
2188.00065986	1757.57
2188.00068027	1854.56
2188.00070068	1949.66
2188.00073469	2203.16
2188.0007551	2304.73
2188.00077551	2431.9
2188.00078912	2658.01
2188.00080952	2785.69
2188.00082993	2843.03
2188.00084354	3266.7
2188.00086395	3972.87
2188.00087075	4220.66
2188.00089116	5032.63
2188.00091157	5832.79
2188.00093197	6924.92
2188.00095238	8298.02
2188.00097279	9906.62
2188.0010068	11112.1
2188.0010136	11368.9
2188.00104082	11638.7
2188.00105442	11827.1
2188.00107483	11907.7
2188.00111565	11988.8
2188.00122449	11907.7
2188.0012585	11560.0
2188.00129252	11411.1
2188.00133333	11153.3
2188.00136735	10236.1
2188.00140136	9279.07
2188.00144218	8380.39
2188.00147619	7743.63
2188.0015102	6835.71
2188.00155102	6277.45
2188.00158503	5725.75
2188.00161905	5466.68
2188.00165986	4970.87
2188.00169388	4459.06
2188.00172789	4148.32
2188.00176871	3885.54
2188.00180272	3614.77
2188.00183673	3419.4
2188.00187075	3088.23
2188.00191157	2910.52
2188.00194558	2778.82
2188.00197959	2646.54
2188.00202041	2501.96
2188.00205442	2357.98
2188.00208843	2252.68
2188.00212925	2123.05
2188.00216327	1975.1
2188.00219728	1819.4
2188.00223809	1748.92
2188.00227211	1638.13
2188.00230612	1543.86
2188.00238095	1427.44
2188.0024898	1316.53
2188.00256463	1249.23
2188.00263265	1200.83
2188.0027415	1143.67
2188.00285034	1102.76
2188.00295918	1070.56
2188.00306803	1039.3
2188.00321088	1015.83
2188.00331973	999.037
2188.00342857	986.168
2188.00353742	973.465
2188.00361224	966.877
2188.00372109	957.373
2188.00386395	951.48
2188.00404762	942.128
2188.00419048	932.867
2188.00437415	926.554
2188.00455102	923.698
2188.00484354	920.283
2188.005	920.283
2292.0	980.099
2292.00004082	983.736
2292.00012245	991.663
2292.0002517	1006.47
2292.00029252	1022.12
2292.00033333	1033.54
2292.00037415	1045.74
2292.00041497	1077.86
2292.00046259	1102.76
2292.0005034	1123.38
2292.00052381	1149.33
2292.00054422	1332.89
2292.00058503	1368.75
2292.00062585	1460.42
2292.00063946	1575.64
2292.00064626	1720.0
2292.00065986	1757.57
2292.00068027	1854.56
2292.00070068	1949.66
2292.00073469	2203.16
2292.0007551	2304.73
2292.00077551	2431.9
2292.00078912	2658.01
2292.00080952	2785.69
2292.00082993	2843.03
2292.00084354	3266.7
2292.00086395	3972.87
2292.00087075	4220.66
2292.00089116	5032.63
2292.00091157	5832.79
2292.00093197	6924.92
2292.00095238	8298.02
2292.00097279	9906.62
2292.0010068	11112.1
2292.0010136	11368.9
2292.00104082	11638.7
2292.00105442	11827.1
2292.00107483	11907.7
2292.00111565	11988.8
2292.00122449	11907.7
2292.0012585	11560.0
2292.00129252	11411.1
2292.00133333	11153.3
2292.00136735	10236.1
2292.00140136	9279.07
2292.00144218	8380.39
2292.00147619	7743.63
2292.0015102	6835.71
2292.00155102	6277.45
2292.00158503	5725.75
2292.00161905	5466.68
2292.00165986	4970.87
2292.00169388	4459.06
2292.00172789	4148.32
2292.00176871	3885.54
2292.00180272	3614.77
2292.00183673	3419.4
2292.00187075	3088.23
2292.00191157	2910.52
2292.00194558	2778.82
2292.00197959	2646.54
2292.00202041	2501.96
2292.00205442	2357.98
2292.00208843	2252.68
2292.00212925	2123.05
2292.00216327	1975.1
2292.00219728	1819.4
2292.00223809	1748.92
2292.00227211	1638.13
2292.00230612	1543.86
2292.00238095	1427.44
2292.0024898	1316.53
2292.00256463	1249.23
2292.00263265	1200.83
2292.0027415	1143.67
2292.00285034	1102.76
2292.00295918	1070.56
2292.00306803	1039.3
2292.00321088	1015.83
2292.00331973	999.037
2292.00342857	986.168
2292.00353742	973.465
2292.00361224	966.877
2292.00372109	957.373
2292.00386395	951.48
2292.00404762	942.128
2292.00419048	932.867
2292.00437415	926.554
2292.00455102	923.698
2292.00484354	920.283
2292.005	920.283
2374.0	980.099
2374.00004082	983.736
2374.00012245	991.663
2374.0002517	1006.47
2374.00029252	1022.12
2374.00033333	1033.54
2374.00037415	1045.74
2374.00041497	1077.86
2374.00046259	1102.76
2374.0005034	1123.38
2374.00052381	1149.33
2374.00054422	1332.89
2374.00058503	1368.75
2374.00062585	1460.42
2374.00063946	1575.64
2374.00064626	1720.0
2374.00065986	1757.57
2374.00068027	1854.56
2374.00070068	1949.66
2374.00073469	2203.16
2374.0007551	2304.73
2374.00077551	2431.9
2374.00078912	2658.01
2374.00080952	2785.69
2374.00082993	2843.03
2374.00084354	3266.7
2374.00086395	3972.87
2374.00087075	4220.66
2374.00089116	5032.63
2374.00091157	5832.79
2374.00093197	6924.92
2374.00095238	8298.02
2374.00097279	9906.62
2374.0010068	11112.1
2374.0010136	11368.9
2374.00104082	11638.7
2374.00105442	11827.1
2374.00107483	11907.7
2374.00111565	11988.8
2374.00122449	11907.7
2374.0012585	11560.0
2374.00129252	11411.1
2374.00133333	11153.3
2374.00136735	10236.1
2374.00140136	9279.07
2374.00144218	8380.39
2374.00147619	7743.63
2374.0015102	6835.71
2374.00155102	6277.45
2374.00158503	5725.75
2374.00161905	5466.68
2374.00165986	4970.87
2374.00169388	4459.06
2374.00172789	4148.32
2374.00176871	3885.54
2374.00180272	3614.77
2374.00183673	3419.4
2374.00187075	3088.23
2374.00191157	2910.52
2374.00194558	2778.82
2374.00197959	2646.54
2374.00202041	2501.96
2374.00205442	2357.98
2374.00208843	2252.68
2374.00212925	2123.05
2374.00216327	1975.1
2374.00219728	1819.4
2374.00223809	1748.92
2374.00227211	1638.13
2374.00230612	1543.86
2374.00238095	1427.44
2374.0024898	1316.53
2374.00256463	1249.23
2374.00263265	1200.83
2374.0027415	1143.67
2374.00285034	1102.76
2374.00295918	1070.56
2374.00306803	1039.3
2374.00321088	1015.83
2374.00331973	999.037
2374.00342857	986.168
2374.00353742	973.465
2374.00361224	966.877
2374.00372109	957.373
2374.00386395	951.48
2374.00404762	942.128
2374.00419048	932.867
2374.00437415	926.554
2374.00455102	923.698
2374.00484354	920.283
2374.005	920.283
2486.0	980.099
2486.00004082	983.736
2486.00012245	991.663
2486.0002517	1006.47
2486.00029252	1022.12
2486.00033333	1033.54
2486.00037415	1045.74
2486.00041497	1077.86
2486.00046259	1102.76
2486.0005034	1123.38
2486.00052381	1149.33
2486.00054422	1332.89
2486.00058503	1368.75
2486.00062585	1460.42
2486.00063946	1575.64
2486.00064626	1720.0
2486.00065986	1757.57
2486.00068027	1854.56
2486.00070068	1949.66
2486.00073469	2203.16
2486.0007551	2304.73
2486.00077551	2431.9
2486.00078912	2658.01
2486.00080952	2785.69
2486.00082993	2843.03
2486.00084354	3266.7
2486.00086395	3972.87
2486.00087075	4220.66
2486.00089116	5032.63
2486.00091157	5832.79
2486.00093197	6924.92
2486.00095238	8298.02
2486.00097279	9906.62
2486.0010068	11112.1
2486.0010136	11368.9
2486.00104082	11638.7
2486.00105442	11827.1
2486.00107483	11907.7
2486.00111565	11988.8
2486.00122449	11907.7
2486.0012585	11560.0
2486.00129252	11411.1
2486.00133333	11153.3
2486.00136735	10236.1
2486.00140136	9279.07
2486.00144218	8380.39
2486.00147619	7743.63
2486.0015102	6835.71
2486.00155102	6277.45
2486.00158503	5725.75
2486.00161905	5466.68
2486.00165986	4970.87
2486.00169388	4459.06
2486.00172789	4148.32
2486.00176871	3885.54
2486.00180272	3614.77
2486.00183673	3419.4
2486.00187075	3088.23
2486.00191157	2910.52
2486.00194558	2778.82
2486.00197959	2646.54
2486.00202041	2501.96
2486.00205442	2357.98
2486.00208843	2252.68
2486.00212925	2123.05
2486.00216327	1975.1
2486.00219728	1819.4
2486.00223809	1748.92
2486.00227211	1638.13
2486.00230612	1543.86
2486.00238095	1427.44
2486.0024898	1316.53
2486.00256463	1249.23
2486.00263265	1200.83
2486.0027415	1143.67
2486.00285034	1102.76
2486.00295918	1070.56
2486.00306803	1039.3
2486.00321088	1015.83
2486.00331973	999.037
2486.00342857	986.168
2486.00353742	973.465
2486.00361224	966.877
2486.00372109	957.373
2486.00386395	951.48
2486.00404762	942.128
2486.00419048	932.867
2486.00437415	926.554
2486.00455102	923.698
2486.00484354	920.283
2486.005	920.283
2598.0	980.099
2598.00004082	983.736
2598.00012245	991.663
2598.0002517	1006.47
2598.00029252	1022.12
2598.00033333	1033.54
2598.00037415	1045.74
2598.00041497	1077.86
2598.00046259	1102.76
2598.0005034	1123.38
2598.00052381	1149.33
2598.00054422	1332.89
2598.00058503	1368.75
2598.00062585	1460.42
2598.00063946	1575.64
2598.00064626	1720.0
2598.00065986	1757.57
2598.00068027	1854.56
2598.00070068	1949.66
2598.00073469	2203.16
2598.0007551	2304.73
2598.00077551	2431.9
2598.00078912	2658.01
2598.00080952	2785.69
2598.00082993	2843.03
2598.00084354	3266.7
2598.00086395	3972.87
2598.00087075	4220.66
2598.00089116	5032.63
2598.00091157	5832.79
2598.00093197	6924.92
2598.00095238	8298.02
2598.00097279	9906.62
2598.0010068	11112.1
2598.0010136	11368.9
2598.00104082	11638.7
2598.00105442	11827.1
2598.00107483	11907.7
2598.00111565	11988.8
2598.00122449	11907.7
2598.0012585	11560.0
2598.00129252	11411.1
2598.00133333	11153.3
2598.00136735	10236.1
2598.00140136	9279.07
2598.00144218	8380.39
2598.00147619	7743.63
2598.0015102	6835.71
2598.00155102	6277.45
2598.00158503	5725.75
2598.00161905	5466.68
2598.00165986	4970.87
2598.00169388	4459.06
2598.00172789	4148.32
2598.00176871	3885.54
2598.00180272	3614.77
2598.00183673	3419.4
2598.00187075	3088.23
2598.00191157	2910.52
2598.00194558	2778.82
2598.00197959	2646.54
2598.00202041	2501.96
2598.00205442	2357.98
2598.00208843	2252.68
2598.00212925	2123.05
2598.00216327	1975.1
2598.00219728	1819.4
2598.00223809	1748.92
2598.00227211	1638.13
2598.00230612	1543.86
2598.00238095	1427.44
2598.0024898	1316.53
2598.00256463	1249.23
2598.00263265	1200.83
2598.0027415	1143.67
2598.00285034	1102.76
2598.00295918	1070.56
2598.00306803	1039.3
2598.00321088	1015.83
2598.00331973	999.037
2598.00342857	986.168
2598.00353742	973.465
2598.00361224	966.877
2598.00372109	957.373
2598.00386395	951.48
2598.00404762	942.128
2598.00419048	932.867
2598.00437415	926.554
2598.00455102	923.698
2598.00484354	920.283
2598.005	920.283
2713.0	980.099
2713.00004082	983.736
2713.00012245	991.663
2713.0002517	1006.47
2713.00029252	1022.12
2713.00033333	1033.54
2713.00037415	1045.74
2713.00041497	1077.86
2713.00046259	1102.76
2713.0005034	1123.38
2713.00052381	1149.33
2713.00054422	1332.89
2713.00058503	1368.75
2713.00062585	1460.42
2713.00063946	1575.64
2713.00064626	1720.0
2713.00065986	1757.57
2713.00068027	1854.56
2713.00070068	1949.66
2713.00073469	2203.16
2713.0007551	2304.73
2713.00077551	2431.9
2713.00078912	2658.01
2713.00080952	2785.69
2713.00082993	2843.03
2713.00084354	3266.7
2713.00086395	3972.87
2713.00087075	4220.66
2713.00089116	5032.63
2713.00091157	5832.79
2713.00093197	6924.92
2713.00095238	8298.02
2713.00097279	9906.62
2713.0010068	11112.1
2713.0010136	11368.9
2713.00104082	11638.7
2713.00105442	11827.1
2713.00107483	11907.7
2713.00111565	11988.8
2713.00122449	11907.7
2713.0012585	11560.0
2713.00129252	11411.1
2713.00133333	11153.3
2713.00136735	10236.1
2713.00140136	9279.07
2713.00144218	8380.39
2713.00147619	7743.63
2713.0015102	6835.71
2713.00155102	6277.45
2713.00158503	5725.75
2713.00161905	5466.68
2713.00165986	4970.87
2713.00169388	4459.06
2713.00172789	4148.32
2713.00176871	3885.54
2713.00180272	3614.77
2713.00183673	3419.4
2713.00187075	3088.23
2713.00191157	2910.52
2713.00194558	2778.82
2713.00197959	2646.54
2713.00202041	2501.96
2713.00205442	2357.98
2713.00208843	2252.68
2713.00212925	2123.05
2713.00216327	1975.1
2713.00219728	1819.4
2713.00223809	1748.92
2713.00227211	1638.13
2713.00230612	1543.86
2713.00238095	1427.44
2713.0024898	1316.53
2713.00256463	1249.23
2713.00263265	1200.83
2713.0027415	1143.67
2713.00285034	1102.76
2713.00295918	1070.56
2713.00306803	1039.3
2713.00321088	1015.83
2713.00331973	999.037
2713.00342857	986.168
2713.00353742	973.465
2713.00361224	966.877
2713.00372109	957.373
2713.00386395	951.48
2713.00404762	942.128
2713.00419048	932.867
2713.00437415	926.554
2713.00455102	923.698
2713.00484354	920.283
2713.005	920.283
2811.0	980.099
2811.00004082	983.736
2811.00012245	991.663
2811.0002517	1006.47
2811.00029252	1022.12
2811.00033333	1033.54
2811.00037415	1045.74
2811.00041497	1077.86
2811.00046259	1102.76
2811.0005034	1123.38
2811.00052381	1149.33
2811.00054422	1332.89
2811.00058503	1368.75
2811.00062585	1460.42
2811.00063946	1575.64
2811.00064626	1720.0
2811.00065986	1757.57
2811.00068027	1854.56
2811.00070068	1949.66
2811.00073469	2203.16
2811.0007551	2304.73
2811.00077551	2431.9
2811.00078912	2658.01
2811.00080952	2785.69
2811.00082993	2843.03
2811.00084354	3266.7
2811.00086395	3972.87
2811.00087075	4220.66
2811.00089116	5032.63
2811.00091157	5832.79
2811.00093197	6924.92
2811.00095238	8298.02
2811.00097279	9906.62
2811.0010068	11112.1
2811.0010136	11368.9
2811.00104082	11638.7
2811.00105442	11827.1
2811.00107483	11907.7
2811.00111565	11988.8
2811.00122449	11907.7
2811.0012585	11560.0
2811.00129252	11411.1
2811.00133333	11153.3
2811.00136735	10236.1
2811.00140136	9279.07
2811.00144218	8380.39
2811.00147619	7743.63
2811.0015102	6835.71
2811.00155102	6277.45
2811.00158503	5725.75
2811.00161905	5466.68
2811.00165986	4970.87
2811.00169388	4459.06
2811.00172789	4148.32
2811.00176871	3885.54
2811.00180272	3614.77
2811.00183673	3419.4
2811.00187075	3088.23
2811.00191157	2910.52
2811.00194558	2778.82
2811.00197959	2646.54
2811.00202041	2501.96
2811.00205442	2357.98
2811.00208843	2252.68
2811.00212925	2123.05
2811.00216327	1975.1
2811.00219728	1819.4
2811.00223809	1748.92
2811.00227211	1638.13
2811.00230612	1543.86
2811.00238095	1427.44
2811.0024898	1316.53
2811.00256463	1249.23
2811.00263265	1200.83
2811.0027415	1143.67
2811.00285034	1102.76
2811.00295918	1070.56
2811.00306803	1039.3
2811.00321088	1015.83
2811.00331973	999.037
2811.00342857	986.168
2811.00353742	973.465
2811.00361224	966.877
2811.00372109	957.373
2811.00386395	951.48
2811.00404762	942.128
2811.00419048	932.867
2811.00437415	926.554
2811.00455102	923.698
2811.00484354	920.283
2811.005	920.283
2925.0	980.099
2925.00004082	983.736
2925.00012245	991.663
2925.0002517	1006.47
2925.00029252	1022.12
2925.00033333	1033.54
2925.00037415	1045.74
2925.00041497	1077.86
2925.00046259	1102.76
2925.0005034	1123.38
2925.00052381	1149.33
2925.00054422	1332.89
2925.00058503	1368.75
2925.00062585	1460.42
2925.00063946	1575.64
2925.00064626	1720.0
2925.00065986	1757.57
2925.00068027	1854.56
2925.00070068	1949.66
2925.00073469	2203.16
2925.0007551	2304.73
2925.00077551	2431.9
2925.00078912	2658.01
2925.00080952	2785.69
2925.00082993	2843.03
2925.00084354	3266.7
2925.00086395	3972.87
2925.00087075	4220.66
2925.00089116	5032.63
2925.00091157	5832.79
2925.00093197	6924.92
2925.00095238	8298.02
2925.00097279	9906.62
2925.0010068	11112.1
2925.0010136	11368.9
2925.00104082	11638.7
2925.00105442	11827.1
2925.00107483	11907.7
2925.00111565	11988.8
2925.00122449	11907.7
2925.0012585	11560.0
2925.00129252	11411.1
2925.00133333	11153.3
2925.00136735	10236.1
2925.00140136	9279.07
2925.00144218	8380.39
2925.00147619	7743.63
2925.0015102	6835.71
2925.00155102	6277.45
2925.00158503	5725.75
2925.00161905	5466.68
2925.00165986	4970.87
2925.00169388	4459.06
2925.00172789	4148.32
2925.00176871	3885.54
2925.00180272	3614.77
2925.00183673	3419.4
2925.00187075	3088.23
2925.00191157	2910.52
2925.00194558	2778.82
2925.00197959	2646.54
2925.00202041	2501.96
2925.00205442	2357.98
2925.00208843	2252.68
2925.00212925	2123.05
2925.00216327	1975.1
2925.00219728	1819.4
2925.00223809	1748.92
2925.00227211	1638.13
2925.00230612	1543.86
2925.00238095	1427.44
2925.0024898	1316.53
2925.00256463	1249.23
2925.00263265	1200.83
2925.0027415	1143.67
2925.00285034	1102.76
2925.00295918	1070.56
2925.00306803	1039.3
2925.00321088	1015.83
2925.00331973	999.037
2925.00342857	986.168
2925.00353742	973.465
2925.00361224	966.877
2925.00372109	957.373
2925.00386395	951.48
2925.00404762	942.128
2925.00419048	932.867
2925.00437415	926.554
2925.00455102	923.698
2925.00484354	920.283
2925.005	920.283
3037.0	980.099
3037.00004082	983.736
3037.00012245	991.663
3037.0002517	1006.47
3037.00029252	1022.12
3037.00033333	1033.54
3037.00037415	1045.74
3037.00041497	1077.86
3037.00046259	1102.76
3037.0005034	1123.38
3037.00052381	1149.33
3037.00054422	1332.89
3037.00058503	1368.75
3037.00062585	1460.42
3037.00063946	1575.64
3037.00064626	1720.0
3037.00065986	1757.57
3037.00068027	1854.56
3037.00070068	1949.66
3037.00073469	2203.16
3037.0007551	2304.73
3037.00077551	2431.9
3037.00078912	2658.01
3037.00080952	2785.69
3037.00082993	2843.03
3037.00084354	3266.7
3037.00086395	3972.87
3037.00087075	4220.66
3037.00089116	5032.63
3037.00091157	5832.79
3037.00093197	6924.92
3037.00095238	8298.02
3037.00097279	9906.62
3037.0010068	11112.1
3037.0010136	11368.9
3037.00104082	11638.7
3037.00105442	11827.1
3037.00107483	11907.7
3037.00111565	11988.8
3037.00122449	11907.7
3037.0012585	11560.0
3037.00129252	11411.1
3037.00133333	11153.3
3037.00136735	10236.1
3037.00140136	9279.07
3037.00144218	8380.39
3037.00147619	7743.63
3037.0015102	6835.71
3037.00155102	6277.45
3037.00158503	5725.75
3037.00161905	5466.68
3037.00165986	4970.87
3037.00169388	4459.06
3037.00172789	4148.32
3037.00176871	3885.54
3037.00180272	3614.77
3037.00183673	3419.4
3037.00187075	3088.23
3037.00191157	2910.52
3037.00194558	2778.82
3037.00197959	2646.54
3037.00202041	2501.96
3037.00205442	2357.98
3037.00208843	2252.68
3037.00212925	2123.05
3037.00216327	1975.1
3037.00219728	1819.4
3037.00223809	1748.92
3037.00227211	1638.13
3037.00230612	1543.86
3037.00238095	1427.44
3037.0024898	1316.53
3037.00256463	1249.23
3037.00263265	1200.83
3037.0027415	1143.67
3037.00285034	1102.76
3037.00295918	1070.56
3037.00306803	1039.3
3037.00321088	1015.83
3037.00331973	999.037
3037.00342857	986.168
3037.00353742	973.465
3037.00361224	966.877
3037.00372109	957.373
3037.00386395	951.48
3037.00404762	942.128
3037.00419048	932.867
3037.00437415	926.554
3037.00455102	923.698
3037.00484354	920.283
3037.005	920.283
