85.0	25283.0
85.000041	25110.2
85.000123	24740.0
85.000252	24070.7
85.000293	23392.8
85.000333	22916.6
85.000374	22424.4
85.000415	21203.4
85.000463	20325.6
85.000504	19640.6
85.000524	18827.6
85.000544	14311.8
85.000585	13625.6
85.000626	12085.0
85.00064	10500.5
85.000646	8927.7
85.00066	8577.7
85.00068	7765.99
85.000701	7079.46
85.000735	5646.01
85.000755	5194.16
85.000776	4702.63
85.000789	3989.15
85.00081	3657.34
85.00083	3521.99
85.000844	2723.52
85.000864	1895.91
85.000871	1695.06
85.000891	1223.92
85.000912	931.425
85.000932	677.936
85.000953	485.05
85.000973	349.431
85.001007	282.525
85.001014	270.83
85.001041	259.321
85.001055	251.731
85.001075	248.586
85.001116	245.481
85.001225	248.586
85.001259	262.602
85.001293	268.979
85.001333	280.595
85.001367	328.897
85.001401	394.425
85.001442	476.262
85.001476	551.273
85.00151	694.401
85.001551	813.005
85.001585	963.907
85.001619	1050.16
85.00166	1252.21
85.001694	1531.15
85.001728	1750.17
85.001769	1975.53
85.001803	2258.11
85.001837	2502.7
85.001871	3021.97
85.001912	3372.33
85.001946	3674.09
85.00198	4021.18
85.002021	4461.83
85.002055	4979.13
85.002089	5418.47
85.002129	6046.68
85.002163	6911.6
85.002197	8046.01
85.002238	8656.47
85.002272	9771.11
85.002306	10904.0
85.002381	12606.9
85.00249	14642.6
85.002565	16136.1
85.002633	17360.4
85.002742	19000.5
85.00285	20325.6
85.002959	21471.6
85.003068	22682.1
85.003211	23661.7
85.00332	24403.0
85.003429	24995.7
85.003538	25602.8
85.003612	25926.6
85.003721	26405.0
85.003864	26708.4
85.004048	27201.2
85.004191	27703.1
85.004374	28053.5
85.004551	28214.2
85.004844	28408.3
85.005	28408.3
186.0	25283.0
186.000041	25110.2
186.000123	24740.0
186.000252	24070.7
186.000293	23392.8
186.000333	22916.6
186.000374	22424.4
186.000415	21203.4
186.000463	20325.6
186.000504	19640.6
186.000524	18827.6
186.000544	14311.8
186.000585	13625.6
186.000626	12085.0
186.00064	10500.5
186.000646	8927.7
186.00066	8577.7
186.00068	7765.99
186.000701	7079.46
186.000735	5646.01
186.000755	5194.16
186.000776	4702.63
186.000789	3989.15
186.00081	3657.34
186.00083	3521.99
186.000844	2723.52
186.000864	1895.91
186.000871	1695.06
186.000891	1223.92
186.000912	931.425
186.000932	677.936
186.000953	485.05
186.000973	349.431
186.001007	282.525
186.001014	270.83
186.001041	259.321
186.001055	251.731
186.001075	248.586
186.001116	245.481
186.001225	248.586
186.001259	262.602
186.001293	268.979
186.001333	280.595
186.001367	328.897
186.001401	394.425
186.001442	476.262
186.001476	551.273
186.00151	694.401
186.001551	813.005
186.001585	963.907
186.001619	1050.16
186.00166	1252.21
186.001694	1531.15
186.001728	1750.17
186.001769	1975.53
186.001803	2258.11
186.001837	2502.7
186.001871	3021.97
186.001912	3372.33
186.001946	3674.09
186.00198	4021.18
186.002021	4461.83
186.002055	4979.13
186.002089	5418.47
186.002129	6046.68
186.002163	6911.6
186.002197	8046.01
186.002238	8656.47
186.002272	9771.11
186.002306	10904.0
186.002381	12606.9
186.00249	14642.6
186.002565	16136.1
186.002633	17360.4
186.002742	19000.5
186.00285	20325.6
186.002959	21471.6
186.003068	22682.1
186.003211	23661.7
186.00332	24403.0
186.003429	24995.7
186.003538	25602.8
186.003612	25926.6
186.003721	26405.0
186.003864	26708.4
186.004048	27201.2
186.004191	27703.1
186.004374	28053.5
186.004551	28214.2
186.004844	28408.3
186.005	28408.3
268.0	25283.0
268.000041	25110.2
268.000123	24740.0
268.000252	24070.7
268.000293	23392.8
268.000333	22916.6
268.000374	22424.4
268.000415	21203.4
268.000463	20325.6
268.000504	19640.6
268.000524	18827.6
268.000544	14311.8
268.000585	13625.6
268.000626	12085.0
268.00064	10500.5
268.000646	8927.7
268.00066	8577.7
268.00068	7765.99
268.000701	7079.46
268.000735	5646.01
268.000755	5194.16
268.000776	4702.63
268.000789	3989.15
268.00081	3657.34
268.00083	3521.99
268.000844	2723.52
268.000864	1895.91
268.000871	1695.06
268.000891	1223.92
268.000912	931.425
268.000932	677.936
268.000953	485.05
268.000973	349.431
268.001007	282.525
268.001014	270.83
268.001041	259.321
268.001055	251.731
268.001075	248.586
268.001116	245.481
268.001225	248.586
268.001259	262.602
268.001293	268.979
268.001333	280.595
268.001367	328.897
268.001401	394.425
268.001442	476.262
268.001476	551.273
268.00151	694.401
268.001551	813.005
268.001585	963.907
268.001619	1050.16
268.00166	1252.21
268.001694	1531.15
268.001728	1750.17
268.001769	1975.53
268.001803	2258.11
268.001837	2502.7
268.001871	3021.97
268.001912	3372.33
268.001946	3674.09
268.00198	4021.18
268.002021	4461.83
268.002055	4979.13
268.002089	5418.47
268.002129	6046.68
268.002163	6911.6
268.002197	8046.01
268.002238	8656.47
268.002272	9771.11
268.002306	10904.0
268.002381	12606.9
268.00249	14642.6
268.002565	16136.1
268.002633	17360.4
268.002742	19000.5
268.00285	20325.6
268.002959	21471.6
268.003068	22682.1
268.003211	23661.7
268.00332	24403.0
268.003429	24995.7
268.003538	25602.8
268.003612	25926.6
268.003721	26405.0
268.003864	26708.4
268.004048	27201.2
268.004191	27703.1
268.004374	28053.5
268.004551	28214.2
268.004844	28408.3
268.005	28408.3
365.0	25283.0
365.000041	25110.2
365.000123	24740.0
365.000252	24070.7
365.000293	23392.8
365.000333	22916.6
365.000374	22424.4
365.000415	21203.4
365.000463	20325.6
365.000504	19640.6
365.000524	18827.6
365.000544	14311.8
365.000585	13625.6
365.000626	12085.0
365.00064	10500.5
365.000646	8927.7
365.00066	8577.7
365.00068	7765.99
365.000701	7079.46
365.000735	5646.01
365.000755	5194.16
365.000776	4702.63
365.000789	3989.15
365.00081	3657.34
365.00083	3521.99
365.000844	2723.52
365.000864	1895.91
365.000871	1695.06
365.000891	1223.92
365.000912	931.425
365.000932	677.936
365.000953	485.05
365.000973	349.431
365.001007	282.525
365.001014	270.83
365.001041	259.321
365.001055	251.731
365.001075	248.586
365.001116	245.481
365.001225	248.586
365.001259	262.602
365.001293	268.979
365.001333	280.595
365.001367	328.897
365.001401	394.425
365.001442	476.262
365.001476	551.273
365.00151	694.401
365.001551	813.005
365.001585	963.907
365.001619	1050.16
365.00166	1252.21
365.001694	1531.15
365.001728	1750.17
365.001769	1975.53
365.001803	2258.11
365.001837	2502.7
365.001871	3021.97
365.001912	3372.33
365.001946	3674.09
365.00198	4021.18
365.002021	4461.83
365.002055	4979.13
365.002089	5418.47
365.002129	6046.68
365.002163	6911.6
365.002197	8046.01
365.002238	8656.47
365.002272	9771.11
365.002306	10904.0
365.002381	12606.9
365.00249	14642.6
365.002565	16136.1
365.002633	17360.4
365.002742	19000.5
365.00285	20325.6
365.002959	21471.6
365.003068	22682.1
365.003211	23661.7
365.00332	24403.0
365.003429	24995.7
365.003538	25602.8
365.003612	25926.6
365.003721	26405.0
365.003864	26708.4
365.004048	27201.2
365.004191	27703.1
365.004374	28053.5
365.004551	28214.2
365.004844	28408.3
365.005	28408.3
466.0	25283.0
466.000041	25110.2
466.000123	24740.0
466.000252	24070.7
466.000293	23392.8
466.000333	22916.6
466.000374	22424.4
466.000415	21203.4
466.000463	20325.6
466.000504	19640.6
466.000524	18827.6
466.000544	14311.8
466.000585	13625.6
466.000626	12085.0
466.00064	10500.5
466.000646	8927.7
466.00066	8577.7
466.00068	7765.99
466.000701	7079.46
466.000735	5646.01
466.000755	5194.16
466.000776	4702.63
466.000789	3989.15
466.00081	3657.34
466.00083	3521.99
466.000844	2723.52
466.000864	1895.91
466.000871	1695.06
466.000891	1223.92
466.000912	931.425
466.000932	677.936
466.000953	485.05
466.000973	349.431
466.001007	282.525
466.001014	270.83
466.001041	259.321
466.001055	251.731
466.001075	248.586
466.001116	245.481
466.001225	248.586
466.001259	262.602
466.001293	268.979
466.001333	280.595
466.001367	328.897
466.001401	394.425
466.001442	476.262
466.001476	551.273
466.00151	694.401
466.001551	813.005
466.001585	963.907
466.001619	1050.16
466.00166	1252.21
466.001694	1531.15
466.001728	1750.17
466.001769	1975.53
466.001803	2258.11
466.001837	2502.7
466.001871	3021.97
466.001912	3372.33
466.001946	3674.09
466.00198	4021.18
466.002021	4461.83
466.002055	4979.13
466.002089	5418.47
466.002129	6046.68
466.002163	6911.6
466.002197	8046.01
466.002238	8656.47
466.002272	9771.11
466.002306	10904.0
466.002381	12606.9
466.00249	14642.6
466.002565	16136.1
466.002633	17360.4
466.002742	19000.5
466.00285	20325.6
466.002959	21471.6
466.003068	22682.1
466.003211	23661.7
466.00332	24403.0
466.003429	24995.7
466.003538	25602.8
466.003612	25926.6
466.003721	26405.0
466.003864	26708.4
466.004048	27201.2
466.004191	27703.1
466.004374	28053.5
466.004551	28214.2
466.004844	28408.3
466.005	28408.3
571.0	25283.0
571.000041	25110.2
571.000123	24740.0
571.000252	24070.7
571.000293	23392.8
571.000333	22916.6
571.000374	22424.4
571.000415	21203.4
571.000463	20325.6
571.000504	19640.6
571.000524	18827.6
571.000544	14311.8
571.000585	13625.6
571.000626	12085.0
571.00064	10500.5
571.000646	8927.7
571.00066	8577.7
571.00068	7765.99
571.000701	7079.46
571.000735	5646.01
571.000755	5194.16
571.000776	4702.63
571.000789	3989.15
571.00081	3657.34
571.00083	3521.99
571.000844	2723.52
571.000864	1895.91
571.000871	1695.06
571.000891	1223.92
571.000912	931.425
571.000932	677.936
571.000953	485.05
571.000973	349.431
571.001007	282.525
571.001014	270.83
571.001041	259.321
571.001055	251.731
571.001075	248.586
571.001116	245.481
571.001225	248.586
571.001259	262.602
571.001293	268.979
571.001333	280.595
571.001367	328.897
571.001401	394.425
571.001442	476.262
571.001476	551.273
571.00151	694.401
571.001551	813.005
571.001585	963.907
571.001619	1050.16
571.00166	1252.21
571.001694	1531.15
571.001728	1750.17
571.001769	1975.53
571.001803	2258.11
571.001837	2502.7
571.001871	3021.97
571.001912	3372.33
571.001946	3674.09
571.00198	4021.18
571.002021	4461.83
571.002055	4979.13
571.002089	5418.47
571.002129	6046.68
571.002163	6911.6
571.002197	8046.01
571.002238	8656.47
571.002272	9771.11
571.002306	10904.0
571.002381	12606.9
571.00249	14642.6
571.002565	16136.1
571.002633	17360.4
571.002742	19000.5
571.00285	20325.6
571.002959	21471.6
571.003068	22682.1
571.003211	23661.7
571.00332	24403.0
571.003429	24995.7
571.003538	25602.8
571.003612	25926.6
571.003721	26405.0
571.003864	26708.4
571.004048	27201.2
571.004191	27703.1
571.004374	28053.5
571.004551	28214.2
571.004844	28408.3
571.005	28408.3
677.0	25283.0
677.000041	25110.2
677.000123	24740.0
677.000252	24070.7
677.000293	23392.8
677.000333	22916.6
677.000374	22424.4
677.000415	21203.4
677.000463	20325.6
677.000504	19640.6
677.000524	18827.6
677.000544	14311.8
677.000585	13625.6
677.000626	12085.0
677.00064	10500.5
677.000646	8927.7
677.00066	8577.7
677.00068	7765.99
677.000701	7079.46
677.000735	5646.01
677.000755	5194.16
677.000776	4702.63
677.000789	3989.15
677.00081	3657.34
677.00083	3521.99
677.000844	2723.52
677.000864	1895.91
677.000871	1695.06
677.000891	1223.92
677.000912	931.425
677.000932	677.936
677.000953	485.05
677.000973	349.431
677.001007	282.525
677.001014	270.83
677.001041	259.321
677.001055	251.731
677.001075	248.586
677.001116	245.481
677.001225	248.586
677.001259	262.602
677.001293	268.979
677.001333	280.595
677.001367	328.897
677.001401	394.425
677.001442	476.262
677.001476	551.273
677.00151	694.401
677.001551	813.005
677.001585	963.907
677.001619	1050.16
677.00166	1252.21
677.001694	1531.15
677.001728	1750.17
677.001769	1975.53
677.001803	2258.11
677.001837	2502.7
677.001871	3021.97
677.001912	3372.33
677.001946	3674.09
677.00198	4021.18
677.002021	4461.83
677.002055	4979.13
677.002089	5418.47
677.002129	6046.68
677.002163	6911.6
677.002197	8046.01
677.002238	8656.47
677.002272	9771.11
677.002306	10904.0
677.002381	12606.9
677.00249	14642.6
677.002565	16136.1
677.002633	17360.4
677.002742	19000.5
677.00285	20325.6
677.002959	21471.6
677.003068	22682.1
677.003211	23661.7
677.00332	24403.0
677.003429	24995.7
677.003538	25602.8
677.003612	25926.6
677.003721	26405.0
677.003864	26708.4
677.004048	27201.2
677.004191	27703.1
677.004374	28053.5
677.004551	28214.2
677.004844	28408.3
677.005	28408.3
785.0	25283.0
785.000041	25110.2
785.000123	24740.0
785.000252	24070.7
785.000293	23392.8
785.000333	22916.6
785.000374	22424.4
785.000415	21203.4
785.000463	20325.6
785.000504	19640.6
785.000524	18827.6
785.000544	14311.8
785.000585	13625.6
785.000626	12085.0
785.00064	10500.5
785.000646	8927.7
785.00066	8577.7
785.00068	7765.99
785.000701	7079.46
785.000735	5646.01
785.000755	5194.16
785.000776	4702.63
785.000789	3989.15
785.00081	3657.34
785.00083	3521.99
785.000844	2723.52
785.000864	1895.91
785.000871	1695.06
785.000891	1223.92
785.000912	931.425
785.000932	677.936
785.000953	485.05
785.000973	349.431
785.001007	282.525
785.001014	270.83
785.001041	259.321
785.001055	251.731
785.001075	248.586
785.001116	245.481
785.001225	248.586
785.001259	262.602
785.001293	268.979
785.001333	280.595
785.001367	328.897
785.001401	394.425
785.001442	476.262
785.001476	551.273
785.00151	694.401
785.001551	813.005
785.001585	963.907
785.001619	1050.16
785.00166	1252.21
785.001694	1531.15
785.001728	1750.17
785.001769	1975.53
785.001803	2258.11
785.001837	2502.7
785.001871	3021.97
785.001912	3372.33
785.001946	3674.09
785.00198	4021.18
785.002021	4461.83
785.002055	4979.13
785.002089	5418.47
785.002129	6046.68
785.002163	6911.6
785.002197	8046.01
785.002238	8656.47
785.002272	9771.11
785.002306	10904.0
785.002381	12606.9
785.00249	14642.6
785.002565	16136.1
785.002633	17360.4
785.002742	19000.5
785.00285	20325.6
785.002959	21471.6
785.003068	22682.1
785.003211	23661.7
785.00332	24403.0
785.003429	24995.7
785.003538	25602.8
785.003612	25926.6
785.003721	26405.0
785.003864	26708.4
785.004048	27201.2
785.004191	27703.1
785.004374	28053.5
785.004551	28214.2
785.004844	28408.3
785.005	28408.3
881.0	25283.0
881.000041	25110.2
881.000123	24740.0
881.000252	24070.7
881.000293	23392.8
881.000333	22916.6
881.000374	22424.4
881.000415	21203.4
881.000463	20325.6
881.000504	19640.6
881.000524	18827.6
881.000544	14311.8
881.000585	13625.6
881.000626	12085.0
881.00064	10500.5
881.000646	8927.7
881.00066	8577.7
881.00068	7765.99
881.000701	7079.46
881.000735	5646.01
881.000755	5194.16
881.000776	4702.63
881.000789	3989.15
881.00081	3657.34
881.00083	3521.99
881.000844	2723.52
881.000864	1895.91
881.000871	1695.06
881.000891	1223.92
881.000912	931.425
881.000932	677.936
881.000953	485.05
881.000973	349.431
881.001007	282.525
881.001014	270.83
881.001041	259.321
881.001055	251.731
881.001075	248.586
881.001116	245.481
881.001225	248.586
881.001259	262.602
881.001293	268.979
881.001333	280.595
881.001367	328.897
881.001401	394.425
881.001442	476.262
881.001476	551.273
881.00151	694.401
881.001551	813.005
881.001585	963.907
881.001619	1050.16
881.00166	1252.21
881.001694	1531.15
881.001728	1750.17
881.001769	1975.53
881.001803	2258.11
881.001837	2502.7
881.001871	3021.97
881.001912	3372.33
881.001946	3674.09
881.00198	4021.18
881.002021	4461.83
881.002055	4979.13
881.002089	5418.47
881.002129	6046.68
881.002163	6911.6
881.002197	8046.01
881.002238	8656.47
881.002272	9771.11
881.002306	10904.0
881.002381	12606.9
881.00249	14642.6
881.002565	16136.1
881.002633	17360.4
881.002742	19000.5
881.00285	20325.6
881.002959	21471.6
881.003068	22682.1
881.003211	23661.7
881.00332	24403.0
881.003429	24995.7
881.003538	25602.8
881.003612	25926.6
881.003721	26405.0
881.003864	26708.4
881.004048	27201.2
881.004191	27703.1
881.004374	28053.5
881.004551	28214.2
881.004844	28408.3
881.005	28408.3
978.0	25283.0
978.000041	25110.2
978.000123	24740.0
978.000252	24070.7
978.000293	23392.8
978.000333	22916.6
978.000374	22424.4
978.000415	21203.4
978.000463	20325.6
978.000504	19640.6
978.000524	18827.6
978.000544	14311.8
978.000585	13625.6
978.000626	12085.0
978.00064	10500.5
978.000646	8927.7
978.00066	8577.7
978.00068	7765.99
978.000701	7079.46
978.000735	5646.01
978.000755	5194.16
978.000776	4702.63
978.000789	3989.15
978.00081	3657.34
978.00083	3521.99
978.000844	2723.52
978.000864	1895.91
978.000871	1695.06
978.000891	1223.92
978.000912	931.425
978.000932	677.936
978.000953	485.05
978.000973	349.431
978.001007	282.525
978.001014	270.83
978.001041	259.321
978.001055	251.731
978.001075	248.586
978.001116	245.481
978.001225	248.586
978.001259	262.602
978.001293	268.979
978.001333	280.595
978.001367	328.897
978.001401	394.425
978.001442	476.262
978.001476	551.273
978.00151	694.401
978.001551	813.005
978.001585	963.907
978.001619	1050.16
978.00166	1252.21
978.001694	1531.15
978.001728	1750.17
978.001769	1975.53
978.001803	2258.11
978.001837	2502.7
978.001871	3021.97
978.001912	3372.33
978.001946	3674.09
978.00198	4021.18
978.002021	4461.83
978.002055	4979.13
978.002089	5418.47
978.002129	6046.68
978.002163	6911.6
978.002197	8046.01
978.002238	8656.47
978.002272	9771.11
978.002306	10904.0
978.002381	12606.9
978.00249	14642.6
978.002565	16136.1
978.002633	17360.4
978.002742	19000.5
978.00285	20325.6
978.002959	21471.6
978.003068	22682.1
978.003211	23661.7
978.00332	24403.0
978.003429	24995.7
978.003538	25602.8
978.003612	25926.6
978.003721	26405.0
978.003864	26708.4
978.004048	27201.2
978.004191	27703.1
978.004374	28053.5
978.004551	28214.2
978.004844	28408.3
978.005	28408.3
1094.0	25283.0
1094.000041	25110.2
1094.000123	24740.0
1094.000252	24070.7
1094.000293	23392.8
1094.000333	22916.6
1094.000374	22424.4
1094.000415	21203.4
1094.000463	20325.6
1094.000504	19640.6
1094.000524	18827.6
1094.000544	14311.8
1094.000585	13625.6
1094.000626	12085.0
1094.00064	10500.5
1094.000646	8927.7
1094.00066	8577.7
1094.00068	7765.99
1094.000701	7079.46
1094.000735	5646.01
1094.000755	5194.16
1094.000776	4702.63
1094.000789	3989.15
1094.00081	3657.34
1094.00083	3521.99
1094.000844	2723.52
1094.000864	1895.91
1094.000871	1695.06
1094.000891	1223.92
1094.000912	931.425
1094.000932	677.936
1094.000953	485.05
1094.000973	349.431
1094.001007	282.525
1094.001014	270.83
1094.001041	259.321
1094.001055	251.731
1094.001075	248.586
1094.001116	245.481
1094.001225	248.586
1094.001259	262.602
1094.001293	268.979
1094.001333	280.595
1094.001367	328.897
1094.001401	394.425
1094.001442	476.262
1094.001476	551.273
1094.00151	694.401
1094.001551	813.005
1094.001585	963.907
1094.001619	1050.16
1094.00166	1252.21
1094.001694	1531.15
1094.001728	1750.17
1094.001769	1975.53
1094.001803	2258.11
1094.001837	2502.7
1094.001871	3021.97
1094.001912	3372.33
1094.001946	3674.09
1094.00198	4021.18
1094.002021	4461.83
1094.002055	4979.13
1094.002089	5418.47
1094.002129	6046.68
1094.002163	6911.6
1094.002197	8046.01
1094.002238	8656.47
1094.002272	9771.11
1094.002306	10904.0
1094.002381	12606.9
1094.00249	14642.6
1094.002565	16136.1
1094.002633	17360.4
1094.002742	19000.5
1094.00285	20325.6
1094.002959	21471.6
1094.003068	22682.1
1094.003211	23661.7
1094.00332	24403.0
1094.003429	24995.7
1094.003538	25602.8
1094.003612	25926.6
1094.003721	26405.0
1094.003864	26708.4
1094.004048	27201.2
1094.004191	27703.1
1094.004374	28053.5
1094.004551	28214.2
1094.004844	28408.3
1094.005	28408.3
1207.0	25283.0
1207.000041	25110.2
1207.000123	24740.0
1207.000252	24070.7
1207.000293	23392.8
1207.000333	22916.6
1207.000374	22424.4
1207.000415	21203.4
1207.000463	20325.6
1207.000504	19640.6
1207.000524	18827.6
1207.000544	14311.8
1207.000585	13625.6
1207.000626	12085.0
1207.00064	10500.5
1207.000646	8927.7
1207.00066	8577.7
1207.00068	7765.99
1207.000701	7079.46
1207.000735	5646.01
1207.000755	5194.16
1207.000776	4702.63
1207.000789	3989.15
1207.00081	3657.34
1207.00083	3521.99
1207.000844	2723.52
1207.000864	1895.91
1207.000871	1695.06
1207.000891	1223.92
1207.000912	931.425
1207.000932	677.936
1207.000953	485.05
1207.000973	349.431
1207.001007	282.525
1207.001014	270.83
1207.001041	259.321
1207.001055	251.731
1207.001075	248.586
1207.001116	245.481
1207.001225	248.586
1207.001259	262.602
1207.001293	268.979
1207.001333	280.595
1207.001367	328.897
1207.001401	394.425
1207.001442	476.262
1207.001476	551.273
1207.00151	694.401
1207.001551	813.005
1207.001585	963.907
1207.001619	1050.16
1207.00166	1252.21
1207.001694	1531.15
1207.001728	1750.17
1207.001769	1975.53
1207.001803	2258.11
1207.001837	2502.7
1207.001871	3021.97
1207.001912	3372.33
1207.001946	3674.09
1207.00198	4021.18
1207.002021	4461.83
1207.002055	4979.13
1207.002089	5418.47
1207.002129	6046.68
1207.002163	6911.6
1207.002197	8046.01
1207.002238	8656.47
1207.002272	9771.11
1207.002306	10904.0
1207.002381	12606.9
1207.00249	14642.6
1207.002565	16136.1
1207.002633	17360.4
1207.002742	19000.5
1207.00285	20325.6
1207.002959	21471.6
1207.003068	22682.1
1207.003211	23661.7
1207.00332	24403.0
1207.003429	24995.7
1207.003538	25602.8
1207.003612	25926.6
1207.003721	26405.0
1207.003864	26708.4
1207.004048	27201.2
1207.004191	27703.1
1207.004374	28053.5
1207.004551	28214.2
1207.004844	28408.3
1207.005	28408.3
1304.0	25283.0
1304.000041	25110.2
1304.000123	24740.0
1304.000252	24070.7
1304.000293	23392.8
1304.000333	22916.6
1304.000374	22424.4
1304.000415	21203.4
1304.000463	20325.6
1304.000504	19640.6
1304.000524	18827.6
1304.000544	14311.8
1304.000585	13625.6
1304.000626	12085.0
1304.00064	10500.5
1304.000646	8927.7
1304.00066	8577.7
1304.00068	7765.99
1304.000701	7079.46
1304.000735	5646.01
1304.000755	5194.16
1304.000776	4702.63
1304.000789	3989.15
1304.00081	3657.34
1304.00083	3521.99
1304.000844	2723.52
1304.000864	1895.91
1304.000871	1695.06
1304.000891	1223.92
1304.000912	931.425
1304.000932	677.936
1304.000953	485.05
1304.000973	349.431
1304.001007	282.525
1304.001014	270.83
1304.001041	259.321
1304.001055	251.731
1304.001075	248.586
1304.001116	245.481
1304.001225	248.586
1304.001259	262.602
1304.001293	268.979
1304.001333	280.595
1304.001367	328.897
1304.001401	394.425
1304.001442	476.262
1304.001476	551.273
1304.00151	694.401
1304.001551	813.005
1304.001585	963.907
1304.001619	1050.16
1304.00166	1252.21
1304.001694	1531.15
1304.001728	1750.17
1304.001769	1975.53
1304.001803	2258.11
1304.001837	2502.7
1304.001871	3021.97
1304.001912	3372.33
1304.001946	3674.09
1304.00198	4021.18
1304.002021	4461.83
1304.002055	4979.13
1304.002089	5418.47
1304.002129	6046.68
1304.002163	6911.6
1304.002197	8046.01
1304.002238	8656.47
1304.002272	9771.11
1304.002306	10904.0
1304.002381	12606.9
1304.00249	14642.6
1304.002565	16136.1
1304.002633	17360.4
1304.002742	19000.5
1304.00285	20325.6
1304.002959	21471.6
1304.003068	22682.1
1304.003211	23661.7
1304.00332	24403.0
1304.003429	24995.7
1304.003538	25602.8
1304.003612	25926.6
1304.003721	26405.0
1304.003864	26708.4
1304.004048	27201.2
1304.004191	27703.1
1304.004374	28053.5
1304.004551	28214.2
1304.004844	28408.3
1304.005	28408.3
1397.0	25283.0
1397.000041	25110.2
1397.000123	24740.0
1397.000252	24070.7
1397.000293	23392.8
1397.000333	22916.6
1397.000374	22424.4
1397.000415	21203.4
1397.000463	20325.6
1397.000504	19640.6
1397.000524	18827.6
1397.000544	14311.8
1397.000585	13625.6
1397.000626	12085.0
1397.00064	10500.5
1397.000646	8927.7
1397.00066	8577.7
1397.00068	7765.99
1397.000701	7079.46
1397.000735	5646.01
1397.000755	5194.16
1397.000776	4702.63
1397.000789	3989.15
1397.00081	3657.34
1397.00083	3521.99
1397.000844	2723.52
1397.000864	1895.91
1397.000871	1695.06
1397.000891	1223.92
1397.000912	931.425
1397.000932	677.936
1397.000953	485.05
1397.000973	349.431
1397.001007	282.525
1397.001014	270.83
1397.001041	259.321
1397.001055	251.731
1397.001075	248.586
1397.001116	245.481
1397.001225	248.586
1397.001259	262.602
1397.001293	268.979
1397.001333	280.595
1397.001367	328.897
1397.001401	394.425
1397.001442	476.262
1397.001476	551.273
1397.00151	694.401
1397.001551	813.005
1397.001585	963.907
1397.001619	1050.16
1397.00166	1252.21
1397.001694	1531.15
1397.001728	1750.17
1397.001769	1975.53
1397.001803	2258.11
1397.001837	2502.7
1397.001871	3021.97
1397.001912	3372.33
1397.001946	3674.09
1397.00198	4021.18
1397.002021	4461.83
1397.002055	4979.13
1397.002089	5418.47
1397.002129	6046.68
1397.002163	6911.6
1397.002197	8046.01
1397.002238	8656.47
1397.002272	9771.11
1397.002306	10904.0
1397.002381	12606.9
1397.00249	14642.6
1397.002565	16136.1
1397.002633	17360.4
1397.002742	19000.5
1397.00285	20325.6
1397.002959	21471.6
1397.003068	22682.1
1397.003211	23661.7
1397.00332	24403.0
1397.003429	24995.7
1397.003538	25602.8
1397.003612	25926.6
1397.003721	26405.0
1397.003864	26708.4
1397.004048	27201.2
1397.004191	27703.1
1397.004374	28053.5
1397.004551	28214.2
1397.004844	28408.3
1397.005	28408.3
1500.0	25283.0
1500.000041	25110.2
1500.000123	24740.0
1500.000252	24070.7
1500.000293	23392.8
1500.000333	22916.6
1500.000374	22424.4
1500.000415	21203.4
1500.000463	20325.6
1500.000504	19640.6
1500.000524	18827.6
1500.000544	14311.8
1500.000585	13625.6
1500.000626	12085.0
1500.00064	10500.5
1500.000646	8927.7
1500.00066	8577.7
1500.00068	7765.99
1500.000701	7079.46
1500.000735	5646.01
1500.000755	5194.16
1500.000776	4702.63
1500.000789	3989.15
1500.00081	3657.34
1500.00083	3521.99
1500.000844	2723.52
1500.000864	1895.91
1500.000871	1695.06
1500.000891	1223.92
1500.000912	931.425
1500.000932	677.936
1500.000953	485.05
1500.000973	349.431
1500.001007	282.525
1500.001014	270.83
1500.001041	259.321
1500.001055	251.731
1500.001075	248.586
1500.001116	245.481
1500.001225	248.586
1500.001259	262.602
1500.001293	268.979
1500.001333	280.595
1500.001367	328.897
1500.001401	394.425
1500.001442	476.262
1500.001476	551.273
1500.00151	694.401
1500.001551	813.005
1500.001585	963.907
1500.001619	1050.16
1500.00166	1252.21
1500.001694	1531.15
1500.001728	1750.17
1500.001769	1975.53
1500.001803	2258.11
1500.001837	2502.7
1500.001871	3021.97
1500.001912	3372.33
1500.001946	3674.09
1500.00198	4021.18
1500.002021	4461.83
1500.002055	4979.13
1500.002089	5418.47
1500.002129	6046.68
1500.002163	6911.6
1500.002197	8046.01
1500.002238	8656.47
1500.002272	9771.11
1500.002306	10904.0
1500.002381	12606.9
1500.00249	14642.6
1500.002565	16136.1
1500.002633	17360.4
1500.002742	19000.5
1500.00285	20325.6
1500.002959	21471.6
1500.003068	22682.1
1500.003211	23661.7
1500.00332	24403.0
1500.003429	24995.7
1500.003538	25602.8
1500.003612	25926.6
1500.003721	26405.0
1500.003864	26708.4
1500.004048	27201.2
1500.004191	27703.1
1500.004374	28053.5
1500.004551	28214.2
1500.004844	28408.3
1500.005	28408.3
1596.0	25283.0
1596.000041	25110.2
1596.000123	24740.0
1596.000252	24070.7
1596.000293	23392.8
1596.000333	22916.6
1596.000374	22424.4
1596.000415	21203.4
1596.000463	20325.6
1596.000504	19640.6
1596.000524	18827.6
1596.000544	14311.8
1596.000585	13625.6
1596.000626	12085.0
1596.00064	10500.5
1596.000646	8927.7
1596.00066	8577.7
1596.00068	7765.99
1596.000701	7079.46
1596.000735	5646.01
1596.000755	5194.16
1596.000776	4702.63
1596.000789	3989.15
1596.00081	3657.34
1596.00083	3521.99
1596.000844	2723.52
1596.000864	1895.91
1596.000871	1695.06
1596.000891	1223.92
1596.000912	931.425
1596.000932	677.936
1596.000953	485.05
1596.000973	349.431
1596.001007	282.525
1596.001014	270.83
1596.001041	259.321
1596.001055	251.731
1596.001075	248.586
1596.001116	245.481
1596.001225	248.586
1596.001259	262.602
1596.001293	268.979
1596.001333	280.595
1596.001367	328.897
1596.001401	394.425
1596.001442	476.262
1596.001476	551.273
1596.00151	694.401
1596.001551	813.005
1596.001585	963.907
1596.001619	1050.16
1596.00166	1252.21
1596.001694	1531.15
1596.001728	1750.17
1596.001769	1975.53
1596.001803	2258.11
1596.001837	2502.7
1596.001871	3021.97
1596.001912	3372.33
1596.001946	3674.09
1596.00198	4021.18
1596.002021	4461.83
1596.002055	4979.13
1596.002089	5418.47
1596.002129	6046.68
1596.002163	6911.6
1596.002197	8046.01
1596.002238	8656.47
1596.002272	9771.11
1596.002306	10904.0
1596.002381	12606.9
1596.00249	14642.6
1596.002565	16136.1
1596.002633	17360.4
1596.002742	19000.5
1596.00285	20325.6
1596.002959	21471.6
1596.003068	22682.1
1596.003211	23661.7
1596.00332	24403.0
1596.003429	24995.7
1596.003538	25602.8
1596.003612	25926.6
1596.003721	26405.0
1596.003864	26708.4
1596.004048	27201.2
1596.004191	27703.1
1596.004374	28053.5
1596.004551	28214.2
1596.004844	28408.3
1596.005	28408.3
1688.0	25283.0
1688.000041	25110.2
1688.000123	24740.0
1688.000252	24070.7
1688.000293	23392.8
1688.000333	22916.6
1688.000374	22424.4
1688.000415	21203.4
1688.000463	20325.6
1688.000504	19640.6
1688.000524	18827.6
1688.000544	14311.8
1688.000585	13625.6
1688.000626	12085.0
1688.00064	10500.5
1688.000646	8927.7
1688.00066	8577.7
1688.00068	7765.99
1688.000701	7079.46
1688.000735	5646.01
1688.000755	5194.16
1688.000776	4702.63
1688.000789	3989.15
1688.00081	3657.34
1688.00083	3521.99
1688.000844	2723.52
1688.000864	1895.91
1688.000871	1695.06
1688.000891	1223.92
1688.000912	931.425
1688.000932	677.936
1688.000953	485.05
1688.000973	349.431
1688.001007	282.525
1688.001014	270.83
1688.001041	259.321
1688.001055	251.731
1688.001075	248.586
1688.001116	245.481
1688.001225	248.586
1688.001259	262.602
1688.001293	268.979
1688.001333	280.595
1688.001367	328.897
1688.001401	394.425
1688.001442	476.262
1688.001476	551.273
1688.00151	694.401
1688.001551	813.005
1688.001585	963.907
1688.001619	1050.16
1688.00166	1252.21
1688.001694	1531.15
1688.001728	1750.17
1688.001769	1975.53
1688.001803	2258.11
1688.001837	2502.7
1688.001871	3021.97
1688.001912	3372.33
1688.001946	3674.09
1688.00198	4021.18
1688.002021	4461.83
1688.002055	4979.13
1688.002089	5418.47
1688.002129	6046.68
1688.002163	6911.6
1688.002197	8046.01
1688.002238	8656.47
1688.002272	9771.11
1688.002306	10904.0
1688.002381	12606.9
1688.00249	14642.6
1688.002565	16136.1
1688.002633	17360.4
1688.002742	19000.5
1688.00285	20325.6
1688.002959	21471.6
1688.003068	22682.1
1688.003211	23661.7
1688.00332	24403.0
1688.003429	24995.7
1688.003538	25602.8
1688.003612	25926.6
1688.003721	26405.0
1688.003864	26708.4
1688.004048	27201.2
1688.004191	27703.1
1688.004374	28053.5
1688.004551	28214.2
1688.004844	28408.3
1688.005	28408.3
1786.0	25283.0
1786.000041	25110.2
1786.000123	24740.0
1786.000252	24070.7
1786.000293	23392.8
1786.000333	22916.6
1786.000374	22424.4
1786.000415	21203.4
1786.000463	20325.6
1786.000504	19640.6
1786.000524	18827.6
1786.000544	14311.8
1786.000585	13625.6
1786.000626	12085.0
1786.00064	10500.5
1786.000646	8927.7
1786.00066	8577.7
1786.00068	7765.99
1786.000701	7079.46
1786.000735	5646.01
1786.000755	5194.16
1786.000776	4702.63
1786.000789	3989.15
1786.00081	3657.34
1786.00083	3521.99
1786.000844	2723.52
1786.000864	1895.91
1786.000871	1695.06
1786.000891	1223.92
1786.000912	931.425
1786.000932	677.936
1786.000953	485.05
1786.000973	349.431
1786.001007	282.525
1786.001014	270.83
1786.001041	259.321
1786.001055	251.731
1786.001075	248.586
1786.001116	245.481
1786.001225	248.586
1786.001259	262.602
1786.001293	268.979
1786.001333	280.595
1786.001367	328.897
1786.001401	394.425
1786.001442	476.262
1786.001476	551.273
1786.00151	694.401
1786.001551	813.005
1786.001585	963.907
1786.001619	1050.16
1786.00166	1252.21
1786.001694	1531.15
1786.001728	1750.17
1786.001769	1975.53
1786.001803	2258.11
1786.001837	2502.7
1786.001871	3021.97
1786.001912	3372.33
1786.001946	3674.09
1786.00198	4021.18
1786.002021	4461.83
1786.002055	4979.13
1786.002089	5418.47
1786.002129	6046.68
1786.002163	6911.6
1786.002197	8046.01
1786.002238	8656.47
1786.002272	9771.11
1786.002306	10904.0
1786.002381	12606.9
1786.00249	14642.6
1786.002565	16136.1
1786.002633	17360.4
1786.002742	19000.5
1786.00285	20325.6
1786.002959	21471.6
1786.003068	22682.1
1786.003211	23661.7
1786.00332	24403.0
1786.003429	24995.7
1786.003538	25602.8
1786.003612	25926.6
1786.003721	26405.0
1786.003864	26708.4
1786.004048	27201.2
1786.004191	27703.1
1786.004374	28053.5
1786.004551	28214.2
1786.004844	28408.3
1786.005	28408.3
1896.0	25283.0
1896.000041	25110.2
1896.000123	24740.0
1896.000252	24070.7
1896.000293	23392.8
1896.000333	22916.6
1896.000374	22424.4
1896.000415	21203.4
1896.000463	20325.6
1896.000504	19640.6
1896.000524	18827.6
1896.000544	14311.8
1896.000585	13625.6
1896.000626	12085.0
1896.00064	10500.5
1896.000646	8927.7
1896.00066	8577.7
1896.00068	7765.99
1896.000701	7079.46
1896.000735	5646.01
1896.000755	5194.16
1896.000776	4702.63
1896.000789	3989.15
1896.00081	3657.34
1896.00083	3521.99
1896.000844	2723.52
1896.000864	1895.91
1896.000871	1695.06
1896.000891	1223.92
1896.000912	931.425
1896.000932	677.936
1896.000953	485.05
1896.000973	349.431
1896.001007	282.525
1896.001014	270.83
1896.001041	259.321
1896.001055	251.731
1896.001075	248.586
1896.001116	245.481
1896.001225	248.586
1896.001259	262.602
1896.001293	268.979
1896.001333	280.595
1896.001367	328.897
1896.001401	394.425
1896.001442	476.262
1896.001476	551.273
1896.00151	694.401
1896.001551	813.005
1896.001585	963.907
1896.001619	1050.16
1896.00166	1252.21
1896.001694	1531.15
1896.001728	1750.17
1896.001769	1975.53
1896.001803	2258.11
1896.001837	2502.7
1896.001871	3021.97
1896.001912	3372.33
1896.001946	3674.09
1896.00198	4021.18
1896.002021	4461.83
1896.002055	4979.13
1896.002089	5418.47
1896.002129	6046.68
1896.002163	6911.6
1896.002197	8046.01
1896.002238	8656.47
1896.002272	9771.11
1896.002306	10904.0
1896.002381	12606.9
1896.00249	14642.6
1896.002565	16136.1
1896.002633	17360.4
1896.002742	19000.5
1896.00285	20325.6
1896.002959	21471.6
1896.003068	22682.1
1896.003211	23661.7
1896.00332	24403.0
1896.003429	24995.7
1896.003538	25602.8
1896.003612	25926.6
1896.003721	26405.0
1896.003864	26708.4
1896.004048	27201.2
1896.004191	27703.1
1896.004374	28053.5
1896.004551	28214.2
1896.004844	28408.3
1896.005	28408.3
1998.0	25283.0
1998.000041	25110.2
1998.000123	24740.0
1998.000252	24070.7
1998.000293	23392.8
1998.000333	22916.6
1998.000374	22424.4
1998.000415	21203.4
1998.000463	20325.6
1998.000504	19640.6
1998.000524	18827.6
1998.000544	14311.8
1998.000585	13625.6
1998.000626	12085.0
1998.00064	10500.5
1998.000646	8927.7
1998.00066	8577.7
1998.00068	7765.99
1998.000701	7079.46
1998.000735	5646.01
1998.000755	5194.16
1998.000776	4702.63
1998.000789	3989.15
1998.00081	3657.34
1998.00083	3521.99
1998.000844	2723.52
1998.000864	1895.91
1998.000871	1695.06
1998.000891	1223.92
1998.000912	931.425
1998.000932	677.936
1998.000953	485.05
1998.000973	349.431
1998.001007	282.525
1998.001014	270.83
1998.001041	259.321
1998.001055	251.731
1998.001075	248.586
1998.001116	245.481
1998.001225	248.586
1998.001259	262.602
1998.001293	268.979
1998.001333	280.595
1998.001367	328.897
1998.001401	394.425
1998.001442	476.262
1998.001476	551.273
1998.00151	694.401
1998.001551	813.005
1998.001585	963.907
1998.001619	1050.16
1998.00166	1252.21
1998.001694	1531.15
1998.001728	1750.17
1998.001769	1975.53
1998.001803	2258.11
1998.001837	2502.7
1998.001871	3021.97
1998.001912	3372.33
1998.001946	3674.09
1998.00198	4021.18
1998.002021	4461.83
1998.002055	4979.13
1998.002089	5418.47
1998.002129	6046.68
1998.002163	6911.6
1998.002197	8046.01
1998.002238	8656.47
1998.002272	9771.11
1998.002306	10904.0
1998.002381	12606.9
1998.00249	14642.6
1998.002565	16136.1
1998.002633	17360.4
1998.002742	19000.5
1998.00285	20325.6
1998.002959	21471.6
1998.003068	22682.1
1998.003211	23661.7
1998.00332	24403.0
1998.003429	24995.7
1998.003538	25602.8
1998.003612	25926.6
1998.003721	26405.0
1998.003864	26708.4
1998.004048	27201.2
1998.004191	27703.1
1998.004374	28053.5
1998.004551	28214.2
1998.004844	28408.3
1998.005	28408.3
2092.0	25283.0
2092.000041	25110.2
2092.000123	24740.0
2092.000252	24070.7
2092.000293	23392.8
2092.000333	22916.6
2092.000374	22424.4
2092.000415	21203.4
2092.000463	20325.6
2092.000504	19640.6
2092.000524	18827.6
2092.000544	14311.8
2092.000585	13625.6
2092.000626	12085.0
2092.00064	10500.5
2092.000646	8927.7
2092.00066	8577.7
2092.00068	7765.99
2092.000701	7079.46
2092.000735	5646.01
2092.000755	5194.16
2092.000776	4702.63
2092.000789	3989.15
2092.00081	3657.34
2092.00083	3521.99
2092.000844	2723.52
2092.000864	1895.91
2092.000871	1695.06
2092.000891	1223.92
2092.000912	931.425
2092.000932	677.936
2092.000953	485.05
2092.000973	349.431
2092.001007	282.525
2092.001014	270.83
2092.001041	259.321
2092.001055	251.731
2092.001075	248.586
2092.001116	245.481
2092.001225	248.586
2092.001259	262.602
2092.001293	268.979
2092.001333	280.595
2092.001367	328.897
2092.001401	394.425
2092.001442	476.262
2092.001476	551.273
2092.00151	694.401
2092.001551	813.005
2092.001585	963.907
2092.001619	1050.16
2092.00166	1252.21
2092.001694	1531.15
2092.001728	1750.17
2092.001769	1975.53
2092.001803	2258.11
2092.001837	2502.7
2092.001871	3021.97
2092.001912	3372.33
2092.001946	3674.09
2092.00198	4021.18
2092.002021	4461.83
2092.002055	4979.13
2092.002089	5418.47
2092.002129	6046.68
2092.002163	6911.6
2092.002197	8046.01
2092.002238	8656.47
2092.002272	9771.11
2092.002306	10904.0
2092.002381	12606.9
2092.00249	14642.6
2092.002565	16136.1
2092.002633	17360.4
2092.002742	19000.5
2092.00285	20325.6
2092.002959	21471.6
2092.003068	22682.1
2092.003211	23661.7
2092.00332	24403.0
2092.003429	24995.7
2092.003538	25602.8
2092.003612	25926.6
2092.003721	26405.0
2092.003864	26708.4
2092.004048	27201.2
2092.004191	27703.1
2092.004374	28053.5
2092.004551	28214.2
2092.004844	28408.3
2092.005	28408.3
2188.0	25283.0
2188.000041	25110.2
2188.000123	24740.0
2188.000252	24070.7
2188.000293	23392.8
2188.000333	22916.6
2188.000374	22424.4
2188.000415	21203.4
2188.000463	20325.6
2188.000504	19640.6
2188.000524	18827.6
2188.000544	14311.8
2188.000585	13625.6
2188.000626	12085.0
2188.00064	10500.5
2188.000646	8927.7
2188.00066	8577.7
2188.00068	7765.99
2188.000701	7079.46
2188.000735	5646.01
2188.000755	5194.16
2188.000776	4702.63
2188.000789	3989.15
2188.00081	3657.34
2188.00083	3521.99
2188.000844	2723.52
2188.000864	1895.91
2188.000871	1695.06
2188.000891	1223.92
2188.000912	931.425
2188.000932	677.936
2188.000953	485.05
2188.000973	349.431
2188.001007	282.525
2188.001014	270.83
2188.001041	259.321
2188.001055	251.731
2188.001075	248.586
2188.001116	245.481
2188.001225	248.586
2188.001259	262.602
2188.001293	268.979
2188.001333	280.595
2188.001367	328.897
2188.001401	394.425
2188.001442	476.262
2188.001476	551.273
2188.00151	694.401
2188.001551	813.005
2188.001585	963.907
2188.001619	1050.16
2188.00166	1252.21
2188.001694	1531.15
2188.001728	1750.17
2188.001769	1975.53
2188.001803	2258.11
2188.001837	2502.7
2188.001871	3021.97
2188.001912	3372.33
2188.001946	3674.09
2188.00198	4021.18
2188.002021	4461.83
2188.002055	4979.13
2188.002089	5418.47
2188.002129	6046.68
2188.002163	6911.6
2188.002197	8046.01
2188.002238	8656.47
2188.002272	9771.11
2188.002306	10904.0
2188.002381	12606.9
2188.00249	14642.6
2188.002565	16136.1
2188.002633	17360.4
2188.002742	19000.5
2188.00285	20325.6
2188.002959	21471.6
2188.003068	22682.1
2188.003211	23661.7
2188.00332	24403.0
2188.003429	24995.7
2188.003538	25602.8
2188.003612	25926.6
2188.003721	26405.0
2188.003864	26708.4
2188.004048	27201.2
2188.004191	27703.1
2188.004374	28053.5
2188.004551	28214.2
2188.004844	28408.3
2188.005	28408.3
2292.0	25283.0
2292.000041	25110.2
2292.000123	24740.0
2292.000252	24070.7
2292.000293	23392.8
2292.000333	22916.6
2292.000374	22424.4
2292.000415	21203.4
2292.000463	20325.6
2292.000504	19640.6
2292.000524	18827.6
2292.000544	14311.8
2292.000585	13625.6
2292.000626	12085.0
2292.00064	10500.5
2292.000646	8927.7
2292.00066	8577.7
2292.00068	7765.99
2292.000701	7079.46
2292.000735	5646.01
2292.000755	5194.16
2292.000776	4702.63
2292.000789	3989.15
2292.00081	3657.34
2292.00083	3521.99
2292.000844	2723.52
2292.000864	1895.91
2292.000871	1695.06
2292.000891	1223.92
2292.000912	931.425
2292.000932	677.936
2292.000953	485.05
2292.000973	349.431
2292.001007	282.525
2292.001014	270.83
2292.001041	259.321
2292.001055	251.731
2292.001075	248.586
2292.001116	245.481
2292.001225	248.586
2292.001259	262.602
2292.001293	268.979
2292.001333	280.595
2292.001367	328.897
2292.001401	394.425
2292.001442	476.262
2292.001476	551.273
2292.00151	694.401
2292.001551	813.005
2292.001585	963.907
2292.001619	1050.16
2292.00166	1252.21
2292.001694	1531.15
2292.001728	1750.17
2292.001769	1975.53
2292.001803	2258.11
2292.001837	2502.7
2292.001871	3021.97
2292.001912	3372.33
2292.001946	3674.09
2292.00198	4021.18
2292.002021	4461.83
2292.002055	4979.13
2292.002089	5418.47
2292.002129	6046.68
2292.002163	6911.6
2292.002197	8046.01
2292.002238	8656.47
2292.002272	9771.11
2292.002306	10904.0
2292.002381	12606.9
2292.00249	14642.6
2292.002565	16136.1
2292.002633	17360.4
2292.002742	19000.5
2292.00285	20325.6
2292.002959	21471.6
2292.003068	22682.1
2292.003211	23661.7
2292.00332	24403.0
2292.003429	24995.7
2292.003538	25602.8
2292.003612	25926.6
2292.003721	26405.0
2292.003864	26708.4
2292.004048	27201.2
2292.004191	27703.1
2292.004374	28053.5
2292.004551	28214.2
2292.004844	28408.3
2292.005	28408.3
2374.0	25283.0
2374.000041	25110.2
2374.000123	24740.0
2374.000252	24070.7
2374.000293	23392.8
2374.000333	22916.6
2374.000374	22424.4
2374.000415	21203.4
2374.000463	20325.6
2374.000504	19640.6
2374.000524	18827.6
2374.000544	14311.8
2374.000585	13625.6
2374.000626	12085.0
2374.00064	10500.5
2374.000646	8927.7
2374.00066	8577.7
2374.00068	7765.99
2374.000701	7079.46
2374.000735	5646.01
2374.000755	5194.16
2374.000776	4702.63
2374.000789	3989.15
2374.00081	3657.34
2374.00083	3521.99
2374.000844	2723.52
2374.000864	1895.91
2374.000871	1695.06
2374.000891	1223.92
2374.000912	931.425
2374.000932	677.936
2374.000953	485.05
2374.000973	349.431
2374.001007	282.525
2374.001014	270.83
2374.001041	259.321
2374.001055	251.731
2374.001075	248.586
2374.001116	245.481
2374.001225	248.586
2374.001259	262.602
2374.001293	268.979
2374.001333	280.595
2374.001367	328.897
2374.001401	394.425
2374.001442	476.262
2374.001476	551.273
2374.00151	694.401
2374.001551	813.005
2374.001585	963.907
2374.001619	1050.16
2374.00166	1252.21
2374.001694	1531.15
2374.001728	1750.17
2374.001769	1975.53
2374.001803	2258.11
2374.001837	2502.7
2374.001871	3021.97
2374.001912	3372.33
2374.001946	3674.09
2374.00198	4021.18
2374.002021	4461.83
2374.002055	4979.13
2374.002089	5418.47
2374.002129	6046.68
2374.002163	6911.6
2374.002197	8046.01
2374.002238	8656.47
2374.002272	9771.11
2374.002306	10904.0
2374.002381	12606.9
2374.00249	14642.6
2374.002565	16136.1
2374.002633	17360.4
2374.002742	19000.5
2374.00285	20325.6
2374.002959	21471.6
2374.003068	22682.1
2374.003211	23661.7
2374.00332	24403.0
2374.003429	24995.7
2374.003538	25602.8
2374.003612	25926.6
2374.003721	26405.0
2374.003864	26708.4
2374.004048	27201.2
2374.004191	27703.1
2374.004374	28053.5
2374.004551	28214.2
2374.004844	28408.3
2374.005	28408.3
2486.0	25283.0
2486.000041	25110.2
2486.000123	24740.0
2486.000252	24070.7
2486.000293	23392.8
2486.000333	22916.6
2486.000374	22424.4
2486.000415	21203.4
2486.000463	20325.6
2486.000504	19640.6
2486.000524	18827.6
2486.000544	14311.8
2486.000585	13625.6
2486.000626	12085.0
2486.00064	10500.5
2486.000646	8927.7
2486.00066	8577.7
2486.00068	7765.99
2486.000701	7079.46
2486.000735	5646.01
2486.000755	5194.16
2486.000776	4702.63
2486.000789	3989.15
2486.00081	3657.34
2486.00083	3521.99
2486.000844	2723.52
2486.000864	1895.91
2486.000871	1695.06
2486.000891	1223.92
2486.000912	931.425
2486.000932	677.936
2486.000953	485.05
2486.000973	349.431
2486.001007	282.525
2486.001014	270.83
2486.001041	259.321
2486.001055	251.731
2486.001075	248.586
2486.001116	245.481
2486.001225	248.586
2486.001259	262.602
2486.001293	268.979
2486.001333	280.595
2486.001367	328.897
2486.001401	394.425
2486.001442	476.262
2486.001476	551.273
2486.00151	694.401
2486.001551	813.005
2486.001585	963.907
2486.001619	1050.16
2486.00166	1252.21
2486.001694	1531.15
2486.001728	1750.17
2486.001769	1975.53
2486.001803	2258.11
2486.001837	2502.7
2486.001871	3021.97
2486.001912	3372.33
2486.001946	3674.09
2486.00198	4021.18
2486.002021	4461.83
2486.002055	4979.13
2486.002089	5418.47
2486.002129	6046.68
2486.002163	6911.6
2486.002197	8046.01
2486.002238	8656.47
2486.002272	9771.11
2486.002306	10904.0
2486.002381	12606.9
2486.00249	14642.6
2486.002565	16136.1
2486.002633	17360.4
2486.002742	19000.5
2486.00285	20325.6
2486.002959	21471.6
2486.003068	22682.1
2486.003211	23661.7
2486.00332	24403.0
2486.003429	24995.7
2486.003538	25602.8
2486.003612	25926.6
2486.003721	26405.0
2486.003864	26708.4
2486.004048	27201.2
2486.004191	27703.1
2486.004374	28053.5
2486.004551	28214.2
2486.004844	28408.3
2486.005	28408.3
2598.0	25283.0
2598.000041	25110.2
2598.000123	24740.0
2598.000252	24070.7
2598.000293	23392.8
2598.000333	22916.6
2598.000374	22424.4
2598.000415	21203.4
2598.000463	20325.6
2598.000504	19640.6
2598.000524	18827.6
2598.000544	14311.8
2598.000585	13625.6
2598.000626	12085.0
2598.00064	10500.5
2598.000646	8927.7
2598.00066	8577.7
2598.00068	7765.99
2598.000701	7079.46
2598.000735	5646.01
2598.000755	5194.16
2598.000776	4702.63
2598.000789	3989.15
2598.00081	3657.34
2598.00083	3521.99
2598.000844	2723.52
2598.000864	1895.91
2598.000871	1695.06
2598.000891	1223.92
2598.000912	931.425
2598.000932	677.936
2598.000953	485.05
2598.000973	349.431
2598.001007	282.525
2598.001014	270.83
2598.001041	259.321
2598.001055	251.731
2598.001075	248.586
2598.001116	245.481
2598.001225	248.586
2598.001259	262.602
2598.001293	268.979
2598.001333	280.595
2598.001367	328.897
2598.001401	394.425
2598.001442	476.262
2598.001476	551.273
2598.00151	694.401
2598.001551	813.005
2598.001585	963.907
2598.001619	1050.16
2598.00166	1252.21
2598.001694	1531.15
2598.001728	1750.17
2598.001769	1975.53
2598.001803	2258.11
2598.001837	2502.7
2598.001871	3021.97
2598.001912	3372.33
2598.001946	3674.09
2598.00198	4021.18
2598.002021	4461.83
2598.002055	4979.13
2598.002089	5418.47
2598.002129	6046.68
2598.002163	6911.6
2598.002197	8046.01
2598.002238	8656.47
2598.002272	9771.11
2598.002306	10904.0
2598.002381	12606.9
2598.00249	14642.6
2598.002565	16136.1
2598.002633	17360.4
2598.002742	19000.5
2598.00285	20325.6
2598.002959	21471.6
2598.003068	22682.1
2598.003211	23661.7
2598.00332	24403.0
2598.003429	24995.7
2598.003538	25602.8
2598.003612	25926.6
2598.003721	26405.0
2598.003864	26708.4
2598.004048	27201.2
2598.004191	27703.1
2598.004374	28053.5
2598.004551	28214.2
2598.004844	28408.3
2598.005	28408.3
2713.0	25283.0
2713.000041	25110.2
2713.000123	24740.0
2713.000252	24070.7
2713.000293	23392.8
2713.000333	22916.6
2713.000374	22424.4
2713.000415	21203.4
2713.000463	20325.6
2713.000504	19640.6
2713.000524	18827.6
2713.000544	14311.8
2713.000585	13625.6
2713.000626	12085.0
2713.00064	10500.5
2713.000646	8927.7
2713.00066	8577.7
2713.00068	7765.99
2713.000701	7079.46
2713.000735	5646.01
2713.000755	5194.16
2713.000776	4702.63
2713.000789	3989.15
2713.00081	3657.34
2713.00083	3521.99
2713.000844	2723.52
2713.000864	1895.91
2713.000871	1695.06
2713.000891	1223.92
2713.000912	931.425
2713.000932	677.936
2713.000953	485.05
2713.000973	349.431
2713.001007	282.525
2713.001014	270.83
2713.001041	259.321
2713.001055	251.731
2713.001075	248.586
2713.001116	245.481
2713.001225	248.586
2713.001259	262.602
2713.001293	268.979
2713.001333	280.595
2713.001367	328.897
2713.001401	394.425
2713.001442	476.262
2713.001476	551.273
2713.00151	694.401
2713.001551	813.005
2713.001585	963.907
2713.001619	1050.16
2713.00166	1252.21
2713.001694	1531.15
2713.001728	1750.17
2713.001769	1975.53
2713.001803	2258.11
2713.001837	2502.7
2713.001871	3021.97
2713.001912	3372.33
2713.001946	3674.09
2713.00198	4021.18
2713.002021	4461.83
2713.002055	4979.13
2713.002089	5418.47
2713.002129	6046.68
2713.002163	6911.6
2713.002197	8046.01
2713.002238	8656.47
2713.002272	9771.11
2713.002306	10904.0
2713.002381	12606.9
2713.00249	14642.6
2713.002565	16136.1
2713.002633	17360.4
2713.002742	19000.5
2713.00285	20325.6
2713.002959	21471.6
2713.003068	22682.1
2713.003211	23661.7
2713.00332	24403.0
2713.003429	24995.7
2713.003538	25602.8
2713.003612	25926.6
2713.003721	26405.0
2713.003864	26708.4
2713.004048	27201.2
2713.004191	27703.1
2713.004374	28053.5
2713.004551	28214.2
2713.004844	28408.3
2713.005	28408.3
2811.0	25283.0
2811.000041	25110.2
2811.000123	24740.0
2811.000252	24070.7
2811.000293	23392.8
2811.000333	22916.6
2811.000374	22424.4
2811.000415	21203.4
2811.000463	20325.6
2811.000504	19640.6
2811.000524	18827.6
2811.000544	14311.8
2811.000585	13625.6
2811.000626	12085.0
2811.00064	10500.5
2811.000646	8927.7
2811.00066	8577.7
2811.00068	7765.99
2811.000701	7079.46
2811.000735	5646.01
2811.000755	5194.16
2811.000776	4702.63
2811.000789	3989.15
2811.00081	3657.34
2811.00083	3521.99
2811.000844	2723.52
2811.000864	1895.91
2811.000871	1695.06
2811.000891	1223.92
2811.000912	931.425
2811.000932	677.936
2811.000953	485.05
2811.000973	349.431
2811.001007	282.525
2811.001014	270.83
2811.001041	259.321
2811.001055	251.731
2811.001075	248.586
2811.001116	245.481
2811.001225	248.586
2811.001259	262.602
2811.001293	268.979
2811.001333	280.595
2811.001367	328.897
2811.001401	394.425
2811.001442	476.262
2811.001476	551.273
2811.00151	694.401
2811.001551	813.005
2811.001585	963.907
2811.001619	1050.16
2811.00166	1252.21
2811.001694	1531.15
2811.001728	1750.17
2811.001769	1975.53
2811.001803	2258.11
2811.001837	2502.7
2811.001871	3021.97
2811.001912	3372.33
2811.001946	3674.09
2811.00198	4021.18
2811.002021	4461.83
2811.002055	4979.13
2811.002089	5418.47
2811.002129	6046.68
2811.002163	6911.6
2811.002197	8046.01
2811.002238	8656.47
2811.002272	9771.11
2811.002306	10904.0
2811.002381	12606.9
2811.00249	14642.6
2811.002565	16136.1
2811.002633	17360.4
2811.002742	19000.5
2811.00285	20325.6
2811.002959	21471.6
2811.003068	22682.1
2811.003211	23661.7
2811.00332	24403.0
2811.003429	24995.7
2811.003538	25602.8
2811.003612	25926.6
2811.003721	26405.0
2811.003864	26708.4
2811.004048	27201.2
2811.004191	27703.1
2811.004374	28053.5
2811.004551	28214.2
2811.004844	28408.3
2811.005	28408.3
2925.0	25283.0
2925.000041	25110.2
2925.000123	24740.0
2925.000252	24070.7
2925.000293	23392.8
2925.000333	22916.6
2925.000374	22424.4
2925.000415	21203.4
2925.000463	20325.6
2925.000504	19640.6
2925.000524	18827.6
2925.000544	14311.8
2925.000585	13625.6
2925.000626	12085.0
2925.00064	10500.5
2925.000646	8927.7
2925.00066	8577.7
2925.00068	7765.99
2925.000701	7079.46
2925.000735	5646.01
2925.000755	5194.16
2925.000776	4702.63
2925.000789	3989.15
2925.00081	3657.34
2925.00083	3521.99
2925.000844	2723.52
2925.000864	1895.91
2925.000871	1695.06
2925.000891	1223.92
2925.000912	931.425
2925.000932	677.936
2925.000953	485.05
2925.000973	349.431
2925.001007	282.525
2925.001014	270.83
2925.001041	259.321
2925.001055	251.731
2925.001075	248.586
2925.001116	245.481
2925.001225	248.586
2925.001259	262.602
2925.001293	268.979
2925.001333	280.595
2925.001367	328.897
2925.001401	394.425
2925.001442	476.262
2925.001476	551.273
2925.00151	694.401
2925.001551	813.005
2925.001585	963.907
2925.001619	1050.16
2925.00166	1252.21
2925.001694	1531.15
2925.001728	1750.17
2925.001769	1975.53
2925.001803	2258.11
2925.001837	2502.7
2925.001871	3021.97
2925.001912	3372.33
2925.001946	3674.09
2925.00198	4021.18
2925.002021	4461.83
2925.002055	4979.13
2925.002089	5418.47
2925.002129	6046.68
2925.002163	6911.6
2925.002197	8046.01
2925.002238	8656.47
2925.002272	9771.11
2925.002306	10904.0
2925.002381	12606.9
2925.00249	14642.6
2925.002565	16136.1
2925.002633	17360.4
2925.002742	19000.5
2925.00285	20325.6
2925.002959	21471.6
2925.003068	22682.1
2925.003211	23661.7
2925.00332	24403.0
2925.003429	24995.7
2925.003538	25602.8
2925.003612	25926.6
2925.003721	26405.0
2925.003864	26708.4
2925.004048	27201.2
2925.004191	27703.1
2925.004374	28053.5
2925.004551	28214.2
2925.004844	28408.3
2925.005	28408.3
3037.0	25283.0
3037.000041	25110.2
3037.000123	24740.0
3037.000252	24070.7
3037.000293	23392.8
3037.000333	22916.6
3037.000374	22424.4
3037.000415	21203.4
3037.000463	20325.6
3037.000504	19640.6
3037.000524	18827.6
3037.000544	14311.8
3037.000585	13625.6
3037.000626	12085.0
3037.00064	10500.5
3037.000646	8927.7
3037.00066	8577.7
3037.00068	7765.99
3037.000701	7079.46
3037.000735	5646.01
3037.000755	5194.16
3037.000776	4702.63
3037.000789	3989.15
3037.00081	3657.34
3037.00083	3521.99
3037.000844	2723.52
3037.000864	1895.91
3037.000871	1695.06
3037.000891	1223.92
3037.000912	931.425
3037.000932	677.936
3037.000953	485.05
3037.000973	349.431
3037.001007	282.525
3037.001014	270.83
3037.001041	259.321
3037.001055	251.731
3037.001075	248.586
3037.001116	245.481
3037.001225	248.586
3037.001259	262.602
3037.001293	268.979
3037.001333	280.595
3037.001367	328.897
3037.001401	394.425
3037.001442	476.262
3037.001476	551.273
3037.00151	694.401
3037.001551	813.005
3037.001585	963.907
3037.001619	1050.16
3037.00166	1252.21
3037.001694	1531.15
3037.001728	1750.17
3037.001769	1975.53
3037.001803	2258.11
3037.001837	2502.7
3037.001871	3021.97
3037.001912	3372.33
3037.001946	3674.09
3037.00198	4021.18
3037.002021	4461.83
3037.002055	4979.13
3037.002089	5418.47
3037.002129	6046.68
3037.002163	6911.6
3037.002197	8046.01
3037.002238	8656.47
3037.002272	9771.11
3037.002306	10904.0
3037.002381	12606.9
3037.00249	14642.6
3037.002565	16136.1
3037.002633	17360.4
3037.002742	19000.5
3037.00285	20325.6
3037.002959	21471.6
3037.003068	22682.1
3037.003211	23661.7
3037.00332	24403.0
3037.003429	24995.7
3037.003538	25602.8
3037.003612	25926.6
3037.003721	26405.0
3037.003864	26708.4
3037.004048	27201.2
3037.004191	27703.1
3037.004374	28053.5
3037.004551	28214.2
3037.004844	28408.3
3037.005	28408.3
