85.0	11866.0
85.000040816	11822.1
85.000122449	11727.6
85.000251701	11555.1
85.000292517	11378.1
85.000333333	11252.4
85.00037415	11121.2
85.000414966	10789.8
85.000462585	10546.1
85.000503401	10352.6
85.00052381	10118.8
85.000544218	8725.26
85.000585034	8496.67
85.00062585	7963.35
85.000639456	7381.03
85.000646259	6761.51
85.000659864	6616.97
85.000680272	6270.94
85.00070068	5965.06
85.000734694	5278.69
85.000755102	5046.07
85.00077551	4782.19
85.000789116	4375.39
85.000809524	4174.84
85.000829932	4090.64
85.000843537	3560.11
85.000863946	2927.31
85.000870748	2755.45
85.000891156	2310.88
85.000911565	1993.87
85.000931973	1679.42
85.000952381	1401.52
85.000972789	1173.94
85.0010068	1046.59
85.0010136	1022.95
85.00104082	999.234
85.00105442	983.323
85.00107483	976.667
85.00111565	970.057
85.00122449	976.667
85.0012585	1006.04
85.00129252	1019.17
85.00133333	1042.72
85.00136735	1136.15
85.00140136	1253.34
85.00144218	1387.74
85.00147619	1501.86
85.0015102	1701.33
85.00155102	1852.64
85.00158503	2031.14
85.00161905	2127.4
85.00165986	2339.59
85.00169388	2608.13
85.00172789	2803.5
85.00176871	2993.1
85.00180272	3217.3
85.00183673	3401.13
85.00187075	3765.85
85.00191157	3995.79
85.00194558	4185.16
85.00197959	4394.34
85.00202041	4648.29
85.00205442	4932.11
85.00208843	5162.66
85.00212925	5477.89
85.00216327	5888.22
85.00219728	6392.11
85.00223809	6649.73
85.00227211	7099.46
85.00230612	7532.95
85.00238095	8147.35
85.0024898	8833.66
85.00256463	9309.6
85.00263265	9684.81
85.0027415	10168.9
85.00285034	10546.1
85.00295918	10863.3
85.00306803	11190.0
85.00321088	11448.6
85.00331973	11641.0
85.00342857	11792.9
85.00353742	11946.8
85.00361224	12028.2
85.00372109	12147.6
85.00386395	12222.9
85.00404762	12344.2
85.00419048	12466.7
85.00437415	12551.7
85.00455102	12590.5
85.00484354	12637.2
85.005	12637.2
186.0	11866.0
186.000040816	11822.1
186.000122449	11727.6
186.000251701	11555.1
186.000292517	11378.1
186.000333333	11252.4
186.00037415	11121.2
186.000414966	10789.8
186.000462585	10546.1
186.000503401	10352.6
186.00052381	10118.8
186.000544218	8725.26
186.000585034	8496.67
186.00062585	7963.35
186.000639456	7381.03
186.000646259	6761.51
186.000659864	6616.97
186.000680272	6270.94
186.00070068	5965.06
186.000734694	5278.69
186.000755102	5046.07
186.00077551	4782.19
186.000789116	4375.39
186.000809524	4174.84
186.000829932	4090.64
186.000843537	3560.11
186.000863946	2927.31
186.000870748	2755.45
186.000891156	2310.88
186.000911565	1993.87
186.000931973	1679.42
186.000952381	1401.52
186.000972789	1173.94
186.0010068	1046.59
186.0010136	1022.95
186.00104082	999.234
186.00105442	983.323
186.00107483	976.667
186.00111565	970.057
186.00122449	976.667
186.0012585	1006.04
186.00129252	1019.17
186.00133333	1042.72
186.00136735	1136.15
186.00140136	1253.34
186.00144218	1387.74
186.00147619	1501.86
186.0015102	1701.33
186.00155102	1852.64
186.00158503	2031.14
186.00161905	2127.4
186.00165986	2339.59
186.00169388	2608.13
186.00172789	2803.5
186.00176871	2993.1
186.00180272	3217.3
186.00183673	3401.13
186.00187075	3765.85
186.00191157	3995.79
186.00194558	4185.16
186.00197959	4394.34
186.00202041	4648.29
186.00205442	4932.11
186.00208843	5162.66
186.00212925	5477.89
186.00216327	5888.22
186.00219728	6392.11
186.00223809	6649.73
186.00227211	7099.46
186.00230612	7532.95
186.00238095	8147.35
186.0024898	8833.66
186.00256463	9309.6
186.00263265	9684.81
186.0027415	10168.9
186.00285034	10546.1
186.00295918	10863.3
186.00306803	11190.0
186.00321088	11448.6
186.00331973	11641.0
186.00342857	11792.9
186.00353742	11946.8
186.00361224	12028.2
186.00372109	12147.6
186.00386395	12222.9
186.00404762	12344.2
186.00419048	12466.7
186.00437415	12551.7
186.00455102	12590.5
186.00484354	12637.2
186.005	12637.2
268.0	11866.0
268.000040816	11822.1
268.000122449	11727.6
268.000251701	11555.1
268.000292517	11378.1
268.000333333	11252.4
268.00037415	11121.2
268.000414966	10789.8
268.000462585	10546.1
268.000503401	10352.6
268.00052381	10118.8
268.000544218	8725.26
268.000585034	8496.67
268.00062585	7963.35
268.000639456	7381.03
268.000646259	6761.51
268.000659864	6616.97
268.000680272	6270.94
268.00070068	5965.06
268.000734694	5278.69
268.000755102	5046.07
268.00077551	4782.19
268.000789116	4375.39
268.000809524	4174.84
268.000829932	4090.64
268.000843537	3560.11
268.000863946	2927.31
268.000870748	2755.45
268.000891156	2310.88
268.000911565	1993.87
268.000931973	1679.42
268.000952381	1401.52
268.000972789	1173.94
268.0010068	1046.59
268.0010136	1022.95
268.00104082	999.234
268.00105442	983.323
268.00107483	976.667
268.00111565	970.057
268.00122449	976.667
268.0012585	1006.04
268.00129252	1019.17
268.00133333	1042.72
268.00136735	1136.15
268.00140136	1253.34
268.00144218	1387.74
268.00147619	1501.86
268.0015102	1701.33
268.00155102	1852.64
268.00158503	2031.14
268.00161905	2127.4
268.00165986	2339.59
268.00169388	2608.13
268.00172789	2803.5
268.00176871	2993.1
268.00180272	3217.3
268.00183673	3401.13
268.00187075	3765.85
268.00191157	3995.79
268.00194558	4185.16
268.00197959	4394.34
268.00202041	4648.29
268.00205442	4932.11
268.00208843	5162.66
268.00212925	5477.89
268.00216327	5888.22
268.00219728	6392.11
268.00223809	6649.73
268.00227211	7099.46
268.00230612	7532.95
268.00238095	8147.35
268.0024898	8833.66
268.00256463	9309.6
268.00263265	9684.81
268.0027415	10168.9
268.00285034	10546.1
268.00295918	10863.3
268.00306803	11190.0
268.00321088	11448.6
268.00331973	11641.0
268.00342857	11792.9
268.00353742	11946.8
268.00361224	12028.2
268.00372109	12147.6
268.00386395	12222.9
268.00404762	12344.2
268.00419048	12466.7
268.00437415	12551.7
268.00455102	12590.5
268.00484354	12637.2
268.005	12637.2
365.0	11866.0
365.000040816	11822.1
365.000122449	11727.6
365.000251701	11555.1
365.000292517	11378.1
365.000333333	11252.4
365.00037415	11121.2
365.000414966	10789.8
365.000462585	10546.1
365.000503401	10352.6
365.00052381	10118.8
365.000544218	8725.26
365.000585034	8496.67
365.00062585	7963.35
365.000639456	7381.03
365.000646259	6761.51
365.000659864	6616.97
365.000680272	6270.94
365.00070068	5965.06
365.000734694	5278.69
365.000755102	5046.07
365.00077551	4782.19
365.000789116	4375.39
365.000809524	4174.84
365.000829932	4090.64
365.000843537	3560.11
365.000863946	2927.31
365.000870748	2755.45
365.000891156	2310.88
365.000911565	1993.87
365.000931973	1679.42
365.000952381	1401.52
365.000972789	1173.94
365.0010068	1046.59
365.0010136	1022.95
365.00104082	999.234
365.00105442	983.323
365.00107483	976.667
365.00111565	970.057
365.00122449	976.667
365.0012585	1006.04
365.00129252	1019.17
365.00133333	1042.72
365.00136735	1136.15
365.00140136	1253.34
365.00144218	1387.74
365.00147619	1501.86
365.0015102	1701.33
365.00155102	1852.64
365.00158503	2031.14
365.00161905	2127.4
365.00165986	2339.59
365.00169388	2608.13
365.00172789	2803.5
365.00176871	2993.1
365.00180272	3217.3
365.00183673	3401.13
365.00187075	3765.85
365.00191157	3995.79
365.00194558	4185.16
365.00197959	4394.34
365.00202041	4648.29
365.00205442	4932.11
365.00208843	5162.66
365.00212925	5477.89
365.00216327	5888.22
365.00219728	6392.11
365.00223809	6649.73
365.00227211	7099.46
365.00230612	7532.95
365.00238095	8147.35
365.0024898	8833.66
365.00256463	9309.6
365.00263265	9684.81
365.0027415	10168.9
365.00285034	10546.1
365.00295918	10863.3
365.00306803	11190.0
365.00321088	11448.6
365.00331973	11641.0
365.00342857	11792.9
365.00353742	11946.8
365.00361224	12028.2
365.00372109	12147.6
365.00386395	12222.9
365.00404762	12344.2
365.00419048	12466.7
365.00437415	12551.7
365.00455102	12590.5
365.00484354	12637.2
365.005	12637.2
466.0	11866.0
466.000040816	11822.1
466.000122449	11727.6
466.000251701	11555.1
466.000292517	11378.1
466.000333333	11252.4
466.00037415	11121.2
466.000414966	10789.8
466.000462585	10546.1
466.000503401	10352.6
466.00052381	10118.8
466.000544218	8725.26
466.000585034	8496.67
466.00062585	7963.35
466.000639456	7381.03
466.000646259	6761.51
466.000659864	6616.97
466.000680272	6270.94
466.00070068	5965.06
466.000734694	5278.69
466.000755102	5046.07
466.00077551	4782.19
466.000789116	4375.39
466.000809524	4174.84
466.000829932	4090.64
466.000843537	3560.11
466.000863946	2927.31
466.000870748	2755.45
466.000891156	2310.88
466.000911565	1993.87
466.000931973	1679.42
466.000952381	1401.52
466.000972789	1173.94
466.0010068	1046.59
466.0010136	1022.95
466.00104082	999.234
466.00105442	983.323
466.00107483	976.667
466.00111565	970.057
466.00122449	976.667
466.0012585	1006.04
466.00129252	1019.17
466.00133333	1042.72
466.00136735	1136.15
466.00140136	1253.34
466.00144218	1387.74
466.00147619	1501.86
466.0015102	1701.33
466.00155102	1852.64
466.00158503	2031.14
466.00161905	2127.4
466.00165986	2339.59
466.00169388	2608.13
466.00172789	2803.5
466.00176871	2993.1
466.00180272	3217.3
466.00183673	3401.13
466.00187075	3765.85
466.00191157	3995.79
466.00194558	4185.16
466.00197959	4394.34
466.00202041	4648.29
466.00205442	4932.11
466.00208843	5162.66
466.00212925	5477.89
466.00216327	5888.22
466.00219728	6392.11
466.00223809	6649.73
466.00227211	7099.46
466.00230612	7532.95
466.00238095	8147.35
466.0024898	8833.66
466.00256463	9309.6
466.00263265	9684.81
466.0027415	10168.9
466.00285034	10546.1
466.00295918	10863.3
466.00306803	11190.0
466.00321088	11448.6
466.00331973	11641.0
466.00342857	11792.9
466.00353742	11946.8
466.00361224	12028.2
466.00372109	12147.6
466.00386395	12222.9
466.00404762	12344.2
466.00419048	12466.7
466.00437415	12551.7
466.00455102	12590.5
466.00484354	12637.2
466.005	12637.2
571.0	11866.0
571.000040816	11822.1
571.000122449	11727.6
571.000251701	11555.1
571.000292517	11378.1
571.000333333	11252.4
571.00037415	11121.2
571.000414966	10789.8
571.000462585	10546.1
571.000503401	10352.6
571.00052381	10118.8
571.000544218	8725.26
571.000585034	8496.67
571.00062585	7963.35
571.000639456	7381.03
571.000646259	6761.51
571.000659864	6616.97
571.000680272	6270.94
571.00070068	5965.06
571.000734694	5278.69
571.000755102	5046.07
571.00077551	4782.19
571.000789116	4375.39
571.000809524	4174.84
571.000829932	4090.64
571.000843537	3560.11
571.000863946	2927.31
571.000870748	2755.45
571.000891156	2310.88
571.000911565	1993.87
571.000931973	1679.42
571.000952381	1401.52
571.000972789	1173.94
571.0010068	1046.59
571.0010136	1022.95
571.00104082	999.234
571.00105442	983.323
571.00107483	976.667
571.00111565	970.057
571.00122449	976.667
571.0012585	1006.04
571.00129252	1019.17
571.00133333	1042.72
571.00136735	1136.15
571.00140136	1253.34
571.00144218	1387.74
571.00147619	1501.86
571.0015102	1701.33
571.00155102	1852.64
571.00158503	2031.14
571.00161905	2127.4
571.00165986	2339.59
571.00169388	2608.13
571.00172789	2803.5
571.00176871	2993.1
571.00180272	3217.3
571.00183673	3401.13
571.00187075	3765.85
571.00191157	3995.79
571.00194558	4185.16
571.00197959	4394.34
571.00202041	4648.29
571.00205442	4932.11
571.00208843	5162.66
571.00212925	5477.89
571.00216327	5888.22
571.00219728	6392.11
571.00223809	6649.73
571.00227211	7099.46
571.00230612	7532.95
571.00238095	8147.35
571.0024898	8833.66
571.00256463	9309.6
571.00263265	9684.81
571.0027415	10168.9
571.00285034	10546.1
571.00295918	10863.3
571.00306803	11190.0
571.00321088	11448.6
571.00331973	11641.0
571.00342857	11792.9
571.00353742	11946.8
571.00361224	12028.2
571.00372109	12147.6
571.00386395	12222.9
571.00404762	12344.2
571.00419048	12466.7
571.00437415	12551.7
571.00455102	12590.5
571.00484354	12637.2
571.005	12637.2
677.0	11866.0
677.000040816	11822.1
677.000122449	11727.6
677.000251701	11555.1
677.000292517	11378.1
677.000333333	11252.4
677.00037415	11121.2
677.000414966	10789.8
677.000462585	10546.1
677.000503401	10352.6
677.00052381	10118.8
677.000544218	8725.26
677.000585034	8496.67
677.00062585	7963.35
677.000639456	7381.03
677.000646259	6761.51
677.000659864	6616.97
677.000680272	6270.94
677.00070068	5965.06
677.000734694	5278.69
677.000755102	5046.07
677.00077551	4782.19
677.000789116	4375.39
677.000809524	4174.84
677.000829932	4090.64
677.000843537	3560.11
677.000863946	2927.31
677.000870748	2755.45
677.000891156	2310.88
677.000911565	1993.87
677.000931973	1679.42
677.000952381	1401.52
677.000972789	1173.94
677.0010068	1046.59
677.0010136	1022.95
677.00104082	999.234
677.00105442	983.323
677.00107483	976.667
677.00111565	970.057
677.00122449	976.667
677.0012585	1006.04
677.00129252	1019.17
677.00133333	1042.72
677.00136735	1136.15
677.00140136	1253.34
677.00144218	1387.74
677.00147619	1501.86
677.0015102	1701.33
677.00155102	1852.64
677.00158503	2031.14
677.00161905	2127.4
677.00165986	2339.59
677.00169388	2608.13
677.00172789	2803.5
677.00176871	2993.1
677.00180272	3217.3
677.00183673	3401.13
677.00187075	3765.85
677.00191157	3995.79
677.00194558	4185.16
677.00197959	4394.34
677.00202041	4648.29
677.00205442	4932.11
677.00208843	5162.66
677.00212925	5477.89
677.00216327	5888.22
677.00219728	6392.11
677.00223809	6649.73
677.00227211	7099.46
677.00230612	7532.95
677.00238095	8147.35
677.0024898	8833.66
677.00256463	9309.6
677.00263265	9684.81
677.0027415	10168.9
677.00285034	10546.1
677.00295918	10863.3
677.00306803	11190.0
677.00321088	11448.6
677.00331973	11641.0
677.00342857	11792.9
677.00353742	11946.8
677.00361224	12028.2
677.00372109	12147.6
677.00386395	12222.9
677.00404762	12344.2
677.00419048	12466.7
677.00437415	12551.7
677.00455102	12590.5
677.00484354	12637.2
677.005	12637.2
785.0	11866.0
785.000040816	11822.1
785.000122449	11727.6
785.000251701	11555.1
785.000292517	11378.1
785.000333333	11252.4
785.00037415	11121.2
785.000414966	10789.8
785.000462585	10546.1
785.000503401	10352.6
785.00052381	10118.8
785.000544218	8725.26
785.000585034	8496.67
785.00062585	7963.35
785.000639456	7381.03
785.000646259	6761.51
785.000659864	6616.97
785.000680272	6270.94
785.00070068	5965.06
785.000734694	5278.69
785.000755102	5046.07
785.00077551	4782.19
785.000789116	4375.39
785.000809524	4174.84
785.000829932	4090.64
785.000843537	3560.11
785.000863946	2927.31
785.000870748	2755.45
785.000891156	2310.88
785.000911565	1993.87
785.000931973	1679.42
785.000952381	1401.52
785.000972789	1173.94
785.0010068	1046.59
785.0010136	1022.95
785.00104082	999.234
785.00105442	983.323
785.00107483	976.667
785.00111565	970.057
785.00122449	976.667
785.0012585	1006.04
785.00129252	1019.17
785.00133333	1042.72
785.00136735	1136.15
785.00140136	1253.34
785.00144218	1387.74
785.00147619	1501.86
785.0015102	1701.33
785.00155102	1852.64
785.00158503	2031.14
785.00161905	2127.4
785.00165986	2339.59
785.00169388	2608.13
785.00172789	2803.5
785.00176871	2993.1
785.00180272	3217.3
785.00183673	3401.13
785.00187075	3765.85
785.00191157	3995.79
785.00194558	4185.16
785.00197959	4394.34
785.00202041	4648.29
785.00205442	4932.11
785.00208843	5162.66
785.00212925	5477.89
785.00216327	5888.22
785.00219728	6392.11
785.00223809	6649.73
785.00227211	7099.46
785.00230612	7532.95
785.00238095	8147.35
785.0024898	8833.66
785.00256463	9309.6
785.00263265	9684.81
785.0027415	10168.9
785.00285034	10546.1
785.00295918	10863.3
785.00306803	11190.0
785.00321088	11448.6
785.00331973	11641.0
785.00342857	11792.9
785.00353742	11946.8
785.00361224	12028.2
785.00372109	12147.6
785.00386395	12222.9
785.00404762	12344.2
785.00419048	12466.7
785.00437415	12551.7
785.00455102	12590.5
785.00484354	12637.2
785.005	12637.2
881.0	11866.0
881.000040816	11822.1
881.000122449	11727.6
881.000251701	11555.1
881.000292517	11378.1
881.000333333	11252.4
881.00037415	11121.2
881.000414966	10789.8
881.000462585	10546.1
881.000503401	10352.6
881.00052381	10118.8
881.000544218	8725.26
881.000585034	8496.67
881.00062585	7963.35
881.000639456	7381.03
881.000646259	6761.51
881.000659864	6616.97
881.000680272	6270.94
881.00070068	5965.06
881.000734694	5278.69
881.000755102	5046.07
881.00077551	4782.19
881.000789116	4375.39
881.000809524	4174.84
881.000829932	4090.64
881.000843537	3560.11
881.000863946	2927.31
881.000870748	2755.45
881.000891156	2310.88
881.000911565	1993.87
881.000931973	1679.42
881.000952381	1401.52
881.000972789	1173.94
881.0010068	1046.59
881.0010136	1022.95
881.00104082	999.234
881.00105442	983.323
881.00107483	976.667
881.00111565	970.057
881.00122449	976.667
881.0012585	1006.04
881.00129252	1019.17
881.00133333	1042.72
881.00136735	1136.15
881.00140136	1253.34
881.00144218	1387.74
881.00147619	1501.86
881.0015102	1701.33
881.00155102	1852.64
881.00158503	2031.14
881.00161905	2127.4
881.00165986	2339.59
881.00169388	2608.13
881.00172789	2803.5
881.00176871	2993.1
881.00180272	3217.3
881.00183673	3401.13
881.00187075	3765.85
881.00191157	3995.79
881.00194558	4185.16
881.00197959	4394.34
881.00202041	4648.29
881.00205442	4932.11
881.00208843	5162.66
881.00212925	5477.89
881.00216327	5888.22
881.00219728	6392.11
881.00223809	6649.73
881.00227211	7099.46
881.00230612	7532.95
881.00238095	8147.35
881.0024898	8833.66
881.00256463	9309.6
881.00263265	9684.81
881.0027415	10168.9
881.00285034	10546.1
881.00295918	10863.3
881.00306803	11190.0
881.00321088	11448.6
881.00331973	11641.0
881.00342857	11792.9
881.00353742	11946.8
881.00361224	12028.2
881.00372109	12147.6
881.00386395	12222.9
881.00404762	12344.2
881.00419048	12466.7
881.00437415	12551.7
881.00455102	12590.5
881.00484354	12637.2
881.005	12637.2
978.0	11866.0
978.000040816	11822.1
978.000122449	11727.6
978.000251701	11555.1
978.000292517	11378.1
978.000333333	11252.4
978.00037415	11121.2
978.000414966	10789.8
978.000462585	10546.1
978.000503401	10352.6
978.00052381	10118.8
978.000544218	8725.26
978.000585034	8496.67
978.00062585	7963.35
978.000639456	7381.03
978.000646259	6761.51
978.000659864	6616.97
978.000680272	6270.94
978.00070068	5965.06
978.000734694	5278.69
978.000755102	5046.07
978.00077551	4782.19
978.000789116	4375.39
978.000809524	4174.84
978.000829932	4090.64
978.000843537	3560.11
978.000863946	2927.31
978.000870748	2755.45
978.000891156	2310.88
978.000911565	1993.87
978.000931973	1679.42
978.000952381	1401.52
978.000972789	1173.94
978.0010068	1046.59
978.0010136	1022.95
978.00104082	999.234
978.00105442	983.323
978.00107483	976.667
978.00111565	970.057
978.00122449	976.667
978.0012585	1006.04
978.00129252	1019.17
978.00133333	1042.72
978.00136735	1136.15
978.00140136	1253.34
978.00144218	1387.74
978.00147619	1501.86
978.0015102	1701.33
978.00155102	1852.64
978.00158503	2031.14
978.00161905	2127.4
978.00165986	2339.59
978.00169388	2608.13
978.00172789	2803.5
978.00176871	2993.1
978.00180272	3217.3
978.00183673	3401.13
978.00187075	3765.85
978.00191157	3995.79
978.00194558	4185.16
978.00197959	4394.34
978.00202041	4648.29
978.00205442	4932.11
978.00208843	5162.66
978.00212925	5477.89
978.00216327	5888.22
978.00219728	6392.11
978.00223809	6649.73
978.00227211	7099.46
978.00230612	7532.95
978.00238095	8147.35
978.0024898	8833.66
978.00256463	9309.6
978.00263265	9684.81
978.0027415	10168.9
978.00285034	10546.1
978.00295918	10863.3
978.00306803	11190.0
978.00321088	11448.6
978.00331973	11641.0
978.00342857	11792.9
978.00353742	11946.8
978.00361224	12028.2
978.00372109	12147.6
978.00386395	12222.9
978.00404762	12344.2
978.00419048	12466.7
978.00437415	12551.7
978.00455102	12590.5
978.00484354	12637.2
978.005	12637.2
1094.0	11866.0
1094.00004082	11822.1
1094.00012245	11727.6
1094.0002517	11555.1
1094.00029252	11378.1
1094.00033333	11252.4
1094.00037415	11121.2
1094.00041497	10789.8
1094.00046258	10546.1
1094.0005034	10352.6
1094.00052381	10118.8
1094.00054422	8725.26
1094.00058503	8496.67
1094.00062585	7963.35
1094.00063946	7381.03
1094.00064626	6761.51
1094.00065986	6616.97
1094.00068027	6270.94
1094.00070068	5965.06
1094.00073469	5278.69
1094.0007551	5046.07
1094.00077551	4782.19
1094.00078912	4375.39
1094.00080952	4174.84
1094.00082993	4090.64
1094.00084354	3560.11
1094.00086395	2927.31
1094.00087075	2755.45
1094.00089116	2310.88
1094.00091157	1993.87
1094.00093197	1679.42
1094.00095238	1401.52
1094.00097279	1173.94
1094.0010068	1046.59
1094.0010136	1022.95
1094.00104082	999.234
1094.00105442	983.323
1094.00107483	976.667
1094.00111565	970.057
1094.00122449	976.667
1094.0012585	1006.04
1094.00129252	1019.17
1094.00133333	1042.72
1094.00136735	1136.15
1094.00140136	1253.34
1094.00144218	1387.74
1094.00147619	1501.86
1094.0015102	1701.33
1094.00155102	1852.64
1094.00158503	2031.14
1094.00161905	2127.4
1094.00165986	2339.59
1094.00169388	2608.13
1094.00172789	2803.5
1094.00176871	2993.1
1094.00180272	3217.3
1094.00183673	3401.13
1094.00187075	3765.85
1094.00191157	3995.79
1094.00194558	4185.16
1094.00197959	4394.34
1094.00202041	4648.29
1094.00205442	4932.11
1094.00208843	5162.66
1094.00212925	5477.89
1094.00216327	5888.22
1094.00219728	6392.11
1094.00223809	6649.73
1094.00227211	7099.46
1094.00230612	7532.95
1094.00238095	8147.35
1094.0024898	8833.66
1094.00256463	9309.6
1094.00263265	9684.81
1094.0027415	10168.9
1094.00285034	10546.1
1094.00295918	10863.3
1094.00306803	11190.0
1094.00321088	11448.6
1094.00331973	11641.0
1094.00342857	11792.9
1094.00353742	11946.8
1094.00361224	12028.2
1094.00372109	12147.6
1094.00386395	12222.9
1094.00404762	12344.2
1094.00419048	12466.7
1094.00437415	12551.7
1094.00455102	12590.5
1094.00484354	12637.2
1094.005	12637.2
1207.0	11866.0
1207.00004082	11822.1
1207.00012245	11727.6
1207.0002517	11555.1
1207.00029252	11378.1
1207.00033333	11252.4
1207.00037415	11121.2
1207.00041497	10789.8
1207.00046258	10546.1
1207.0005034	10352.6
1207.00052381	10118.8
1207.00054422	8725.26
1207.00058503	8496.67
1207.00062585	7963.35
1207.00063946	7381.03
1207.00064626	6761.51
1207.00065986	6616.97
1207.00068027	6270.94
1207.00070068	5965.06
1207.00073469	5278.69
1207.0007551	5046.07
1207.00077551	4782.19
1207.00078912	4375.39
1207.00080952	4174.84
1207.00082993	4090.64
1207.00084354	3560.11
1207.00086395	2927.31
1207.00087075	2755.45
1207.00089116	2310.88
1207.00091157	1993.87
1207.00093197	1679.42
1207.00095238	1401.52
1207.00097279	1173.94
1207.0010068	1046.59
1207.0010136	1022.95
1207.00104082	999.234
1207.00105442	983.323
1207.00107483	976.667
1207.00111565	970.057
1207.00122449	976.667
1207.0012585	1006.04
1207.00129252	1019.17
1207.00133333	1042.72
1207.00136735	1136.15
1207.00140136	1253.34
1207.00144218	1387.74
1207.00147619	1501.86
1207.0015102	1701.33
1207.00155102	1852.64
1207.00158503	2031.14
1207.00161905	2127.4
1207.00165986	2339.59
1207.00169388	2608.13
1207.00172789	2803.5
1207.00176871	2993.1
1207.00180272	3217.3
1207.00183673	3401.13
1207.00187075	3765.85
1207.00191157	3995.79
1207.00194558	4185.16
1207.00197959	4394.34
1207.00202041	4648.29
1207.00205442	4932.11
1207.00208843	5162.66
1207.00212925	5477.89
1207.00216327	5888.22
1207.00219728	6392.11
1207.00223809	6649.73
1207.00227211	7099.46
1207.00230612	7532.95
1207.00238095	8147.35
1207.0024898	8833.66
1207.00256463	9309.6
1207.00263265	9684.81
1207.0027415	10168.9
1207.00285034	10546.1
1207.00295918	10863.3
1207.00306803	11190.0
1207.00321088	11448.6
1207.00331973	11641.0
1207.00342857	11792.9
1207.00353742	11946.8
1207.00361224	12028.2
1207.00372109	12147.6
1207.00386395	12222.9
1207.00404762	12344.2
1207.00419048	12466.7
1207.00437415	12551.7
1207.00455102	12590.5
1207.00484354	12637.2
1207.005	12637.2
1304.0	11866.0
1304.00004082	11822.1
1304.00012245	11727.6
1304.0002517	11555.1
1304.00029252	11378.1
1304.00033333	11252.4
1304.00037415	11121.2
1304.00041497	10789.8
1304.00046258	10546.1
1304.0005034	10352.6
1304.00052381	10118.8
1304.00054422	8725.26
1304.00058503	8496.67
1304.00062585	7963.35
1304.00063946	7381.03
1304.00064626	6761.51
1304.00065986	6616.97
1304.00068027	6270.94
1304.00070068	5965.06
1304.00073469	5278.69
1304.0007551	5046.07
1304.00077551	4782.19
1304.00078912	4375.39
1304.00080952	4174.84
1304.00082993	4090.64
1304.00084354	3560.11
1304.00086395	2927.31
1304.00087075	2755.45
1304.00089116	2310.88
1304.00091157	1993.87
1304.00093197	1679.42
1304.00095238	1401.52
1304.00097279	1173.94
1304.0010068	1046.59
1304.0010136	1022.95
1304.00104082	999.234
1304.00105442	983.323
1304.00107483	976.667
1304.00111565	970.057
1304.00122449	976.667
1304.0012585	1006.04
1304.00129252	1019.17
1304.00133333	1042.72
1304.00136735	1136.15
1304.00140136	1253.34
1304.00144218	1387.74
1304.00147619	1501.86
1304.0015102	1701.33
1304.00155102	1852.64
1304.00158503	2031.14
1304.00161905	2127.4
1304.00165986	2339.59
1304.00169388	2608.13
1304.00172789	2803.5
1304.00176871	2993.1
1304.00180272	3217.3
1304.00183673	3401.13
1304.00187075	3765.85
1304.00191157	3995.79
1304.00194558	4185.16
1304.00197959	4394.34
1304.00202041	4648.29
1304.00205442	4932.11
1304.00208843	5162.66
1304.00212925	5477.89
1304.00216327	5888.22
1304.00219728	6392.11
1304.00223809	6649.73
1304.00227211	7099.46
1304.00230612	7532.95
1304.00238095	8147.35
1304.0024898	8833.66
1304.00256463	9309.6
1304.00263265	9684.81
1304.0027415	10168.9
1304.00285034	10546.1
1304.00295918	10863.3
1304.00306803	11190.0
1304.00321088	11448.6
1304.00331973	11641.0
1304.00342857	11792.9
1304.00353742	11946.8
1304.00361224	12028.2
1304.00372109	12147.6
1304.00386395	12222.9
1304.00404762	12344.2
1304.00419048	12466.7
1304.00437415	12551.7
1304.00455102	12590.5
1304.00484354	12637.2
1304.005	12637.2
1397.0	11866.0
1397.00004082	11822.1
1397.00012245	11727.6
1397.0002517	11555.1
1397.00029252	11378.1
1397.00033333	11252.4
1397.00037415	11121.2
1397.00041497	10789.8
1397.00046258	10546.1
1397.0005034	10352.6
1397.00052381	10118.8
1397.00054422	8725.26
1397.00058503	8496.67
1397.00062585	7963.35
1397.00063946	7381.03
1397.00064626	6761.51
1397.00065986	6616.97
1397.00068027	6270.94
1397.00070068	5965.06
1397.00073469	5278.69
1397.0007551	5046.07
1397.00077551	4782.19
1397.00078912	4375.39
1397.00080952	4174.84
1397.00082993	4090.64
1397.00084354	3560.11
1397.00086395	2927.31
1397.00087075	2755.45
1397.00089116	2310.88
1397.00091157	1993.87
1397.00093197	1679.42
1397.00095238	1401.52
1397.00097279	1173.94
1397.0010068	1046.59
1397.0010136	1022.95
1397.00104082	999.234
1397.00105442	983.323
1397.00107483	976.667
1397.00111565	970.057
1397.00122449	976.667
1397.0012585	1006.04
1397.00129252	1019.17
1397.00133333	1042.72
1397.00136735	1136.15
1397.00140136	1253.34
1397.00144218	1387.74
1397.00147619	1501.86
1397.0015102	1701.33
1397.00155102	1852.64
1397.00158503	2031.14
1397.00161905	2127.4
1397.00165986	2339.59
1397.00169388	2608.13
1397.00172789	2803.5
1397.00176871	2993.1
1397.00180272	3217.3
1397.00183673	3401.13
1397.00187075	3765.85
1397.00191157	3995.79
1397.00194558	4185.16
1397.00197959	4394.34
1397.00202041	4648.29
1397.00205442	4932.11
1397.00208843	5162.66
1397.00212925	5477.89
1397.00216327	5888.22
1397.00219728	6392.11
1397.00223809	6649.73
1397.00227211	7099.46
1397.00230612	7532.95
1397.00238095	8147.35
1397.0024898	8833.66
1397.00256463	9309.6
1397.00263265	9684.81
1397.0027415	10168.9
1397.00285034	10546.1
1397.00295918	10863.3
1397.00306803	11190.0
1397.00321088	11448.6
1397.00331973	11641.0
1397.00342857	11792.9
1397.00353742	11946.8
1397.00361224	12028.2
1397.00372109	12147.6
1397.00386395	12222.9
1397.00404762	12344.2
1397.00419048	12466.7
1397.00437415	12551.7
1397.00455102	12590.5
1397.00484354	12637.2
1397.005	12637.2
1500.0	11866.0
1500.00004082	11822.1
1500.00012245	11727.6
1500.0002517	11555.1
1500.00029252	11378.1
1500.00033333	11252.4
1500.00037415	11121.2
1500.00041497	10789.8
1500.00046258	10546.1
1500.0005034	10352.6
1500.00052381	10118.8
1500.00054422	8725.26
1500.00058503	8496.67
1500.00062585	7963.35
1500.00063946	7381.03
1500.00064626	6761.51
1500.00065986	6616.97
1500.00068027	6270.94
1500.00070068	5965.06
1500.00073469	5278.69
1500.0007551	5046.07
1500.00077551	4782.19
1500.00078912	4375.39
1500.00080952	4174.84
1500.00082993	4090.64
1500.00084354	3560.11
1500.00086395	2927.31
1500.00087075	2755.45
1500.00089116	2310.88
1500.00091157	1993.87
1500.00093197	1679.42
1500.00095238	1401.52
1500.00097279	1173.94
1500.0010068	1046.59
1500.0010136	1022.95
1500.00104082	999.234
1500.00105442	983.323
1500.00107483	976.667
1500.00111565	970.057
1500.00122449	976.667
1500.0012585	1006.04
1500.00129252	1019.17
1500.00133333	1042.72
1500.00136735	1136.15
1500.00140136	1253.34
1500.00144218	1387.74
1500.00147619	1501.86
1500.0015102	1701.33
1500.00155102	1852.64
1500.00158503	2031.14
1500.00161905	2127.4
1500.00165986	2339.59
1500.00169388	2608.13
1500.00172789	2803.5
1500.00176871	2993.1
1500.00180272	3217.3
1500.00183673	3401.13
1500.00187075	3765.85
1500.00191157	3995.79
1500.00194558	4185.16
1500.00197959	4394.34
1500.00202041	4648.29
1500.00205442	4932.11
1500.00208843	5162.66
1500.00212925	5477.89
1500.00216327	5888.22
1500.00219728	6392.11
1500.00223809	6649.73
1500.00227211	7099.46
1500.00230612	7532.95
1500.00238095	8147.35
1500.0024898	8833.66
1500.00256463	9309.6
1500.00263265	9684.81
1500.0027415	10168.9
1500.00285034	10546.1
1500.00295918	10863.3
1500.00306803	11190.0
1500.00321088	11448.6
1500.00331973	11641.0
1500.00342857	11792.9
1500.00353742	11946.8
1500.00361224	12028.2
1500.00372109	12147.6
1500.00386395	12222.9
1500.00404762	12344.2
1500.00419048	12466.7
1500.00437415	12551.7
1500.00455102	12590.5
1500.00484354	12637.2
1500.005	12637.2
1596.0	11866.0
1596.00004082	11822.1
1596.00012245	11727.6
1596.0002517	11555.1
1596.00029252	11378.1
1596.00033333	11252.4
1596.00037415	11121.2
1596.00041497	10789.8
1596.00046258	10546.1
1596.0005034	10352.6
1596.00052381	10118.8
1596.00054422	8725.26
1596.00058503	8496.67
1596.00062585	7963.35
1596.00063946	7381.03
1596.00064626	6761.51
1596.00065986	6616.97
1596.00068027	6270.94
1596.00070068	5965.06
1596.00073469	5278.69
1596.0007551	5046.07
1596.00077551	4782.19
1596.00078912	4375.39
1596.00080952	4174.84
1596.00082993	4090.64
1596.00084354	3560.11
1596.00086395	2927.31
1596.00087075	2755.45
1596.00089116	2310.88
1596.00091157	1993.87
1596.00093197	1679.42
1596.00095238	1401.52
1596.00097279	1173.94
1596.0010068	1046.59
1596.0010136	1022.95
1596.00104082	999.234
1596.00105442	983.323
1596.00107483	976.667
1596.00111565	970.057
1596.00122449	976.667
1596.0012585	1006.04
1596.00129252	1019.17
1596.00133333	1042.72
1596.00136735	1136.15
1596.00140136	1253.34
1596.00144218	1387.74
1596.00147619	1501.86
1596.0015102	1701.33
1596.00155102	1852.64
1596.00158503	2031.14
1596.00161905	2127.4
1596.00165986	2339.59
1596.00169388	2608.13
1596.00172789	2803.5
1596.00176871	2993.1
1596.00180272	3217.3
1596.00183673	3401.13
1596.00187075	3765.85
1596.00191157	3995.79
1596.00194558	4185.16
1596.00197959	4394.34
1596.00202041	4648.29
1596.00205442	4932.11
1596.00208843	5162.66
1596.00212925	5477.89
1596.00216327	5888.22
1596.00219728	6392.11
1596.00223809	6649.73
1596.00227211	7099.46
1596.00230612	7532.95
1596.00238095	8147.35
1596.0024898	8833.66
1596.00256463	9309.6
1596.00263265	9684.81
1596.0027415	10168.9
1596.00285034	10546.1
1596.00295918	10863.3
1596.00306803	11190.0
1596.00321088	11448.6
1596.00331973	11641.0
1596.00342857	11792.9
1596.00353742	11946.8
1596.00361224	12028.2
1596.00372109	12147.6
1596.00386395	12222.9
1596.00404762	12344.2
1596.00419048	12466.7
1596.00437415	12551.7
1596.00455102	12590.5
1596.00484354	12637.2
1596.005	12637.2
1688.0	11866.0
1688.00004082	11822.1
1688.00012245	11727.6
1688.0002517	11555.1
1688.00029252	11378.1
1688.00033333	11252.4
1688.00037415	11121.2
1688.00041497	10789.8
1688.00046258	10546.1
1688.0005034	10352.6
1688.00052381	10118.8
1688.00054422	8725.26
1688.00058503	8496.67
1688.00062585	7963.35
1688.00063946	7381.03
1688.00064626	6761.51
1688.00065986	6616.97
1688.00068027	6270.94
1688.00070068	5965.06
1688.00073469	5278.69
1688.0007551	5046.07
1688.00077551	4782.19
1688.00078912	4375.39
1688.00080952	4174.84
1688.00082993	4090.64
1688.00084354	3560.11
1688.00086395	2927.31
1688.00087075	2755.45
1688.00089116	2310.88
1688.00091157	1993.87
1688.00093197	1679.42
1688.00095238	1401.52
1688.00097279	1173.94
1688.0010068	1046.59
1688.0010136	1022.95
1688.00104082	999.234
1688.00105442	983.323
1688.00107483	976.667
1688.00111565	970.057
1688.00122449	976.667
1688.0012585	1006.04
1688.00129252	1019.17
1688.00133333	1042.72
1688.00136735	1136.15
1688.00140136	1253.34
1688.00144218	1387.74
1688.00147619	1501.86
1688.0015102	1701.33
1688.00155102	1852.64
1688.00158503	2031.14
1688.00161905	2127.4
1688.00165986	2339.59
1688.00169388	2608.13
1688.00172789	2803.5
1688.00176871	2993.1
1688.00180272	3217.3
1688.00183673	3401.13
1688.00187075	3765.85
1688.00191157	3995.79
1688.00194558	4185.16
1688.00197959	4394.34
1688.00202041	4648.29
1688.00205442	4932.11
1688.00208843	5162.66
1688.00212925	5477.89
1688.00216327	5888.22
1688.00219728	6392.11
1688.00223809	6649.73
1688.00227211	7099.46
1688.00230612	7532.95
1688.00238095	8147.35
1688.0024898	8833.66
1688.00256463	9309.6
1688.00263265	9684.81
1688.0027415	10168.9
1688.00285034	10546.1
1688.00295918	10863.3
1688.00306803	11190.0
1688.00321088	11448.6
1688.00331973	11641.0
1688.00342857	11792.9
1688.00353742	11946.8
1688.00361224	12028.2
1688.00372109	12147.6
1688.00386395	12222.9
1688.00404762	12344.2
1688.00419048	12466.7
1688.00437415	12551.7
1688.00455102	12590.5
1688.00484354	12637.2
1688.005	12637.2
1786.0	11866.0
1786.00004082	11822.1
1786.00012245	11727.6
1786.0002517	11555.1
1786.00029252	11378.1
1786.00033333	11252.4
1786.00037415	11121.2
1786.00041497	10789.8
1786.00046258	10546.1
1786.0005034	10352.6
1786.00052381	10118.8
1786.00054422	8725.26
1786.00058503	8496.67
1786.00062585	7963.35
1786.00063946	7381.03
1786.00064626	6761.51
1786.00065986	6616.97
1786.00068027	6270.94
1786.00070068	5965.06
1786.00073469	5278.69
1786.0007551	5046.07
1786.00077551	4782.19
1786.00078912	4375.39
1786.00080952	4174.84
1786.00082993	4090.64
1786.00084354	3560.11
1786.00086395	2927.31
1786.00087075	2755.45
1786.00089116	2310.88
1786.00091157	1993.87
1786.00093197	1679.42
1786.00095238	1401.52
1786.00097279	1173.94
1786.0010068	1046.59
1786.0010136	1022.95
1786.00104082	999.234
1786.00105442	983.323
1786.00107483	976.667
1786.00111565	970.057
1786.00122449	976.667
1786.0012585	1006.04
1786.00129252	1019.17
1786.00133333	1042.72
1786.00136735	1136.15
1786.00140136	1253.34
1786.00144218	1387.74
1786.00147619	1501.86
1786.0015102	1701.33
1786.00155102	1852.64
1786.00158503	2031.14
1786.00161905	2127.4
1786.00165986	2339.59
1786.00169388	2608.13
1786.00172789	2803.5
1786.00176871	2993.1
1786.00180272	3217.3
1786.00183673	3401.13
1786.00187075	3765.85
1786.00191157	3995.79
1786.00194558	4185.16
1786.00197959	4394.34
1786.00202041	4648.29
1786.00205442	4932.11
1786.00208843	5162.66
1786.00212925	5477.89
1786.00216327	5888.22
1786.00219728	6392.11
1786.00223809	6649.73
1786.00227211	7099.46
1786.00230612	7532.95
1786.00238095	8147.35
1786.0024898	8833.66
1786.00256463	9309.6
1786.00263265	9684.81
1786.0027415	10168.9
1786.00285034	10546.1
1786.00295918	10863.3
1786.00306803	11190.0
1786.00321088	11448.6
1786.00331973	11641.0
1786.00342857	11792.9
1786.00353742	11946.8
1786.00361224	12028.2
1786.00372109	12147.6
1786.00386395	12222.9
1786.00404762	12344.2
1786.00419048	12466.7
1786.00437415	12551.7
1786.00455102	12590.5
1786.00484354	12637.2
1786.005	12637.2
1896.0	11866.0
1896.00004082	11822.1
1896.00012245	11727.6
1896.0002517	11555.1
1896.00029252	11378.1
1896.00033333	11252.4
1896.00037415	11121.2
1896.00041497	10789.8
1896.00046258	10546.1
1896.0005034	10352.6
1896.00052381	10118.8
1896.00054422	8725.26
1896.00058503	8496.67
1896.00062585	7963.35
1896.00063946	7381.03
1896.00064626	6761.51
1896.00065986	6616.97
1896.00068027	6270.94
1896.00070068	5965.06
1896.00073469	5278.69
1896.0007551	5046.07
1896.00077551	4782.19
1896.00078912	4375.39
1896.00080952	4174.84
1896.00082993	4090.64
1896.00084354	3560.11
1896.00086395	2927.31
1896.00087075	2755.45
1896.00089116	2310.88
1896.00091157	1993.87
1896.00093197	1679.42
1896.00095238	1401.52
1896.00097279	1173.94
1896.0010068	1046.59
1896.0010136	1022.95
1896.00104082	999.234
1896.00105442	983.323
1896.00107483	976.667
1896.00111565	970.057
1896.00122449	976.667
1896.0012585	1006.04
1896.00129252	1019.17
1896.00133333	1042.72
1896.00136735	1136.15
1896.00140136	1253.34
1896.00144218	1387.74
1896.00147619	1501.86
1896.0015102	1701.33
1896.00155102	1852.64
1896.00158503	2031.14
1896.00161905	2127.4
1896.00165986	2339.59
1896.00169388	2608.13
1896.00172789	2803.5
1896.00176871	2993.1
1896.00180272	3217.3
1896.00183673	3401.13
1896.00187075	3765.85
1896.00191157	3995.79
1896.00194558	4185.16
1896.00197959	4394.34
1896.00202041	4648.29
1896.00205442	4932.11
1896.00208843	5162.66
1896.00212925	5477.89
1896.00216327	5888.22
1896.00219728	6392.11
1896.00223809	6649.73
1896.00227211	7099.46
1896.00230612	7532.95
1896.00238095	8147.35
1896.0024898	8833.66
1896.00256463	9309.6
1896.00263265	9684.81
1896.0027415	10168.9
1896.00285034	10546.1
1896.00295918	10863.3
1896.00306803	11190.0
1896.00321088	11448.6
1896.00331973	11641.0
1896.00342857	11792.9
1896.00353742	11946.8
1896.00361224	12028.2
1896.00372109	12147.6
1896.00386395	12222.9
1896.00404762	12344.2
1896.00419048	12466.7
1896.00437415	12551.7
1896.00455102	12590.5
1896.00484354	12637.2
1896.005	12637.2
1998.0	11866.0
1998.00004082	11822.1
1998.00012245	11727.6
1998.0002517	11555.1
1998.00029252	11378.1
1998.00033333	11252.4
1998.00037415	11121.2
1998.00041497	10789.8
1998.00046258	10546.1
1998.0005034	10352.6
1998.00052381	10118.8
1998.00054422	8725.26
1998.00058503	8496.67
1998.00062585	7963.35
1998.00063946	7381.03
1998.00064626	6761.51
1998.00065986	6616.97
1998.00068027	6270.94
1998.00070068	5965.06
1998.00073469	5278.69
1998.0007551	5046.07
1998.00077551	4782.19
1998.00078912	4375.39
1998.00080952	4174.84
1998.00082993	4090.64
1998.00084354	3560.11
1998.00086395	2927.31
1998.00087075	2755.45
1998.00089116	2310.88
1998.00091157	1993.87
1998.00093197	1679.42
1998.00095238	1401.52
1998.00097279	1173.94
1998.0010068	1046.59
1998.0010136	1022.95
1998.00104082	999.234
1998.00105442	983.323
1998.00107483	976.667
1998.00111565	970.057
1998.00122449	976.667
1998.0012585	1006.04
1998.00129252	1019.17
1998.00133333	1042.72
1998.00136735	1136.15
1998.00140136	1253.34
1998.00144218	1387.74
1998.00147619	1501.86
1998.0015102	1701.33
1998.00155102	1852.64
1998.00158503	2031.14
1998.00161905	2127.4
1998.00165986	2339.59
1998.00169388	2608.13
1998.00172789	2803.5
1998.00176871	2993.1
1998.00180272	3217.3
1998.00183673	3401.13
1998.00187075	3765.85
1998.00191157	3995.79
1998.00194558	4185.16
1998.00197959	4394.34
1998.00202041	4648.29
1998.00205442	4932.11
1998.00208843	5162.66
1998.00212925	5477.89
1998.00216327	5888.22
1998.00219728	6392.11
1998.00223809	6649.73
1998.00227211	7099.46
1998.00230612	7532.95
1998.00238095	8147.35
1998.0024898	8833.66
1998.00256463	9309.6
1998.00263265	9684.81
1998.0027415	10168.9
1998.00285034	10546.1
1998.00295918	10863.3
1998.00306803	11190.0
1998.00321088	11448.6
1998.00331973	11641.0
1998.00342857	11792.9
1998.00353742	11946.8
1998.00361224	12028.2
1998.00372109	12147.6
1998.00386395	12222.9
1998.00404762	12344.2
1998.00419048	12466.7
1998.00437415	12551.7
1998.00455102	12590.5
1998.00484354	12637.2
1998.005	12637.2
2092.0	11866.0
2092.00004082	11822.1
2092.00012245	11727.6
2092.0002517	11555.1
2092.00029252	11378.1
2092.00033333	11252.4
2092.00037415	11121.2
2092.00041497	10789.8
2092.00046259	10546.1
2092.0005034	10352.6
2092.00052381	10118.8
2092.00054422	8725.26
2092.00058503	8496.67
2092.00062585	7963.35
2092.00063946	7381.03
2092.00064626	6761.51
2092.00065986	6616.97
2092.00068027	6270.94
2092.00070068	5965.06
2092.00073469	5278.69
2092.0007551	5046.07
2092.00077551	4782.19
2092.00078912	4375.39
2092.00080952	4174.84
2092.00082993	4090.64
2092.00084354	3560.11
2092.00086395	2927.31
2092.00087075	2755.45
2092.00089116	2310.88
2092.00091157	1993.87
2092.00093197	1679.42
2092.00095238	1401.52
2092.00097279	1173.94
2092.0010068	1046.59
2092.0010136	1022.95
2092.00104082	999.234
2092.00105442	983.323
2092.00107483	976.667
2092.00111565	970.057
2092.00122449	976.667
2092.0012585	1006.04
2092.00129252	1019.17
2092.00133333	1042.72
2092.00136735	1136.15
2092.00140136	1253.34
2092.00144218	1387.74
2092.00147619	1501.86
2092.0015102	1701.33
2092.00155102	1852.64
2092.00158503	2031.14
2092.00161905	2127.4
2092.00165986	2339.59
2092.00169388	2608.13
2092.00172789	2803.5
2092.00176871	2993.1
2092.00180272	3217.3
2092.00183673	3401.13
2092.00187075	3765.85
2092.00191157	3995.79
2092.00194558	4185.16
2092.00197959	4394.34
2092.00202041	4648.29
2092.00205442	4932.11
2092.00208843	5162.66
2092.00212925	5477.89
2092.00216327	5888.22
2092.00219728	6392.11
2092.00223809	6649.73
2092.00227211	7099.46
2092.00230612	7532.95
2092.00238095	8147.35
2092.0024898	8833.66
2092.00256463	9309.6
2092.00263265	9684.81
2092.0027415	10168.9
2092.00285034	10546.1
2092.00295918	10863.3
2092.00306803	11190.0
2092.00321088	11448.6
2092.00331973	11641.0
2092.00342857	11792.9
2092.00353742	11946.8
2092.00361224	12028.2
2092.00372109	12147.6
2092.00386395	12222.9
2092.00404762	12344.2
2092.00419048	12466.7
2092.00437415	12551.7
2092.00455102	12590.5
2092.00484354	12637.2
2092.005	12637.2
2188.0	11866.0
2188.00004082	11822.1
2188.00012245	11727.6
2188.0002517	11555.1
2188.00029252	11378.1
2188.00033333	11252.4
2188.00037415	11121.2
2188.00041497	10789.8
2188.00046259	10546.1
2188.0005034	10352.6
2188.00052381	10118.8
2188.00054422	8725.26
2188.00058503	8496.67
2188.00062585	7963.35
2188.00063946	7381.03
2188.00064626	6761.51
2188.00065986	6616.97
2188.00068027	6270.94
2188.00070068	5965.06
2188.00073469	5278.69
2188.0007551	5046.07
2188.00077551	4782.19
2188.00078912	4375.39
2188.00080952	4174.84
2188.00082993	4090.64
2188.00084354	3560.11
2188.00086395	2927.31
2188.00087075	2755.45
2188.00089116	2310.88
2188.00091157	1993.87
2188.00093197	1679.42
2188.00095238	1401.52
2188.00097279	1173.94
2188.0010068	1046.59
2188.0010136	1022.95
2188.00104082	999.234
2188.00105442	983.323
2188.00107483	976.667
2188.00111565	970.057
2188.00122449	976.667
2188.0012585	1006.04
2188.00129252	1019.17
2188.00133333	1042.72
2188.00136735	1136.15
2188.00140136	1253.34
2188.00144218	1387.74
2188.00147619	1501.86
2188.0015102	1701.33
2188.00155102	1852.64
2188.00158503	2031.14
2188.00161905	2127.4
2188.00165986	2339.59
2188.00169388	2608.13
2188.00172789	2803.5
2188.00176871	2993.1
2188.00180272	3217.3
2188.00183673	3401.13
2188.00187075	3765.85
2188.00191157	3995.79
2188.00194558	4185.16
2188.00197959	4394.34
2188.00202041	4648.29
2188.00205442	4932.11
2188.00208843	5162.66
2188.00212925	5477.89
2188.00216327	5888.22
2188.00219728	6392.11
2188.00223809	6649.73
2188.00227211	7099.46
2188.00230612	7532.95
2188.00238095	8147.35
2188.0024898	8833.66
2188.00256463	9309.6
2188.00263265	9684.81
2188.0027415	10168.9
2188.00285034	10546.1
2188.00295918	10863.3
2188.00306803	11190.0
2188.00321088	11448.6
2188.00331973	11641.0
2188.00342857	11792.9
2188.00353742	11946.8
2188.00361224	12028.2
2188.00372109	12147.6
2188.00386395	12222.9
2188.00404762	12344.2
2188.00419048	12466.7
2188.00437415	12551.7
2188.00455102	12590.5
2188.00484354	12637.2
2188.005	12637.2
2292.0	11866.0
2292.00004082	11822.1
2292.00012245	11727.6
2292.0002517	11555.1
2292.00029252	11378.1
2292.00033333	11252.4
2292.00037415	11121.2
2292.00041497	10789.8
2292.00046259	10546.1
2292.0005034	10352.6
2292.00052381	10118.8
2292.00054422	8725.26
2292.00058503	8496.67
2292.00062585	7963.35
2292.00063946	7381.03
2292.00064626	6761.51
2292.00065986	6616.97
2292.00068027	6270.94
2292.00070068	5965.06
2292.00073469	5278.69
2292.0007551	5046.07
2292.00077551	4782.19
2292.00078912	4375.39
2292.00080952	4174.84
2292.00082993	4090.64
2292.00084354	3560.11
2292.00086395	2927.31
2292.00087075	2755.45
2292.00089116	2310.88
2292.00091157	1993.87
2292.00093197	1679.42
2292.00095238	1401.52
2292.00097279	1173.94
2292.0010068	1046.59
2292.0010136	1022.95
2292.00104082	999.234
2292.00105442	983.323
2292.00107483	976.667
2292.00111565	970.057
2292.00122449	976.667
2292.0012585	1006.04
2292.00129252	1019.17
2292.00133333	1042.72
2292.00136735	1136.15
2292.00140136	1253.34
2292.00144218	1387.74
2292.00147619	1501.86
2292.0015102	1701.33
2292.00155102	1852.64
2292.00158503	2031.14
2292.00161905	2127.4
2292.00165986	2339.59
2292.00169388	2608.13
2292.00172789	2803.5
2292.00176871	2993.1
2292.00180272	3217.3
2292.00183673	3401.13
2292.00187075	3765.85
2292.00191157	3995.79
2292.00194558	4185.16
2292.00197959	4394.34
2292.00202041	4648.29
2292.00205442	4932.11
2292.00208843	5162.66
2292.00212925	5477.89
2292.00216327	5888.22
2292.00219728	6392.11
2292.00223809	6649.73
2292.00227211	7099.46
2292.00230612	7532.95
2292.00238095	8147.35
2292.0024898	8833.66
2292.00256463	9309.6
2292.00263265	9684.81
2292.0027415	10168.9
2292.00285034	10546.1
2292.00295918	10863.3
2292.00306803	11190.0
2292.00321088	11448.6
2292.00331973	11641.0
2292.00342857	11792.9
2292.00353742	11946.8
2292.00361224	12028.2
2292.00372109	12147.6
2292.00386395	12222.9
2292.00404762	12344.2
2292.00419048	12466.7
2292.00437415	12551.7
2292.00455102	12590.5
2292.00484354	12637.2
2292.005	12637.2
2374.0	11866.0
2374.00004082	11822.1
2374.00012245	11727.6
2374.0002517	11555.1
2374.00029252	11378.1
2374.00033333	11252.4
2374.00037415	11121.2
2374.00041497	10789.8
2374.00046259	10546.1
2374.0005034	10352.6
2374.00052381	10118.8
2374.00054422	8725.26
2374.00058503	8496.67
2374.00062585	7963.35
2374.00063946	7381.03
2374.00064626	6761.51
2374.00065986	6616.97
2374.00068027	6270.94
2374.00070068	5965.06
2374.00073469	5278.69
2374.0007551	5046.07
2374.00077551	4782.19
2374.00078912	4375.39
2374.00080952	4174.84
2374.00082993	4090.64
2374.00084354	3560.11
2374.00086395	2927.31
2374.00087075	2755.45
2374.00089116	2310.88
2374.00091157	1993.87
2374.00093197	1679.42
2374.00095238	1401.52
2374.00097279	1173.94
2374.0010068	1046.59
2374.0010136	1022.95
2374.00104082	999.234
2374.00105442	983.323
2374.00107483	976.667
2374.00111565	970.057
2374.00122449	976.667
2374.0012585	1006.04
2374.00129252	1019.17
2374.00133333	1042.72
2374.00136735	1136.15
2374.00140136	1253.34
2374.00144218	1387.74
2374.00147619	1501.86
2374.0015102	1701.33
2374.00155102	1852.64
2374.00158503	2031.14
2374.00161905	2127.4
2374.00165986	2339.59
2374.00169388	2608.13
2374.00172789	2803.5
2374.00176871	2993.1
2374.00180272	3217.3
2374.00183673	3401.13
2374.00187075	3765.85
2374.00191157	3995.79
2374.00194558	4185.16
2374.00197959	4394.34
2374.00202041	4648.29
2374.00205442	4932.11
2374.00208843	5162.66
2374.00212925	5477.89
2374.00216327	5888.22
2374.00219728	6392.11
2374.00223809	6649.73
2374.00227211	7099.46
2374.00230612	7532.95
2374.00238095	8147.35
2374.0024898	8833.66
2374.00256463	9309.6
2374.00263265	9684.81
2374.0027415	10168.9
2374.00285034	10546.1
2374.00295918	10863.3
2374.00306803	11190.0
2374.00321088	11448.6
2374.00331973	11641.0
2374.00342857	11792.9
2374.00353742	11946.8
2374.00361224	12028.2
2374.00372109	12147.6
2374.00386395	12222.9
2374.00404762	12344.2
2374.00419048	12466.7
2374.00437415	12551.7
2374.00455102	12590.5
2374.00484354	12637.2
2374.005	12637.2
2486.0	11866.0
2486.00004082	11822.1
2486.00012245	11727.6
2486.0002517	11555.1
2486.00029252	11378.1
2486.00033333	11252.4
2486.00037415	11121.2
2486.00041497	10789.8
2486.00046259	10546.1
2486.0005034	10352.6
2486.00052381	10118.8
2486.00054422	8725.26
2486.00058503	8496.67
2486.00062585	7963.35
2486.00063946	7381.03
2486.00064626	6761.51
2486.00065986	6616.97
2486.00068027	6270.94
2486.00070068	5965.06
2486.00073469	5278.69
2486.0007551	5046.07
2486.00077551	4782.19
2486.00078912	4375.39
2486.00080952	4174.84
2486.00082993	4090.64
2486.00084354	3560.11
2486.00086395	2927.31
2486.00087075	2755.45
2486.00089116	2310.88
2486.00091157	1993.87
2486.00093197	1679.42
2486.00095238	1401.52
2486.00097279	1173.94
2486.0010068	1046.59
2486.0010136	1022.95
2486.00104082	999.234
2486.00105442	983.323
2486.00107483	976.667
2486.00111565	970.057
2486.00122449	976.667
2486.0012585	1006.04
2486.00129252	1019.17
2486.00133333	1042.72
2486.00136735	1136.15
2486.00140136	1253.34
2486.00144218	1387.74
2486.00147619	1501.86
2486.0015102	1701.33
2486.00155102	1852.64
2486.00158503	2031.14
2486.00161905	2127.4
2486.00165986	2339.59
2486.00169388	2608.13
2486.00172789	2803.5
2486.00176871	2993.1
2486.00180272	3217.3
2486.00183673	3401.13
2486.00187075	3765.85
2486.00191157	3995.79
2486.00194558	4185.16
2486.00197959	4394.34
2486.00202041	4648.29
2486.00205442	4932.11
2486.00208843	5162.66
2486.00212925	5477.89
2486.00216327	5888.22
2486.00219728	6392.11
2486.00223809	6649.73
2486.00227211	7099.46
2486.00230612	7532.95
2486.00238095	8147.35
2486.0024898	8833.66
2486.00256463	9309.6
2486.00263265	9684.81
2486.0027415	10168.9
2486.00285034	10546.1
2486.00295918	10863.3
2486.00306803	11190.0
2486.00321088	11448.6
2486.00331973	11641.0
2486.00342857	11792.9
2486.00353742	11946.8
2486.00361224	12028.2
2486.00372109	12147.6
2486.00386395	12222.9
2486.00404762	12344.2
2486.00419048	12466.7
2486.00437415	12551.7
2486.00455102	12590.5
2486.00484354	12637.2
2486.005	12637.2
2598.0	11866.0
2598.00004082	11822.1
2598.00012245	11727.6
2598.0002517	11555.1
2598.00029252	11378.1
2598.00033333	11252.4
2598.00037415	11121.2
2598.00041497	10789.8
2598.00046259	10546.1
2598.0005034	10352.6
2598.00052381	10118.8
2598.00054422	8725.26
2598.00058503	8496.67
2598.00062585	7963.35
2598.00063946	7381.03
2598.00064626	6761.51
2598.00065986	6616.97
2598.00068027	6270.94
2598.00070068	5965.06
2598.00073469	5278.69
2598.0007551	5046.07
2598.00077551	4782.19
2598.00078912	4375.39
2598.00080952	4174.84
2598.00082993	4090.64
2598.00084354	3560.11
2598.00086395	2927.31
2598.00087075	2755.45
2598.00089116	2310.88
2598.00091157	1993.87
2598.00093197	1679.42
2598.00095238	1401.52
2598.00097279	1173.94
2598.0010068	1046.59
2598.0010136	1022.95
2598.00104082	999.234
2598.00105442	983.323
2598.00107483	976.667
2598.00111565	970.057
2598.00122449	976.667
2598.0012585	1006.04
2598.00129252	1019.17
2598.00133333	1042.72
2598.00136735	1136.15
2598.00140136	1253.34
2598.00144218	1387.74
2598.00147619	1501.86
2598.0015102	1701.33
2598.00155102	1852.64
2598.00158503	2031.14
2598.00161905	2127.4
2598.00165986	2339.59
2598.00169388	2608.13
2598.00172789	2803.5
2598.00176871	2993.1
2598.00180272	3217.3
2598.00183673	3401.13
2598.00187075	3765.85
2598.00191157	3995.79
2598.00194558	4185.16
2598.00197959	4394.34
2598.00202041	4648.29
2598.00205442	4932.11
2598.00208843	5162.66
2598.00212925	5477.89
2598.00216327	5888.22
2598.00219728	6392.11
2598.00223809	6649.73
2598.00227211	7099.46
2598.00230612	7532.95
2598.00238095	8147.35
2598.0024898	8833.66
2598.00256463	9309.6
2598.00263265	9684.81
2598.0027415	10168.9
2598.00285034	10546.1
2598.00295918	10863.3
2598.00306803	11190.0
2598.00321088	11448.6
2598.00331973	11641.0
2598.00342857	11792.9
2598.00353742	11946.8
2598.00361224	12028.2
2598.00372109	12147.6
2598.00386395	12222.9
2598.00404762	12344.2
2598.00419048	12466.7
2598.00437415	12551.7
2598.00455102	12590.5
2598.00484354	12637.2
2598.005	12637.2
2713.0	11866.0
2713.00004082	11822.1
2713.00012245	11727.6
2713.0002517	11555.1
2713.00029252	11378.1
2713.00033333	11252.4
2713.00037415	11121.2
2713.00041497	10789.8
2713.00046259	10546.1
2713.0005034	10352.6
2713.00052381	10118.8
2713.00054422	8725.26
2713.00058503	8496.67
2713.00062585	7963.35
2713.00063946	7381.03
2713.00064626	6761.51
2713.00065986	6616.97
2713.00068027	6270.94
2713.00070068	5965.06
2713.00073469	5278.69
2713.0007551	5046.07
2713.00077551	4782.19
2713.00078912	4375.39
2713.00080952	4174.84
2713.00082993	4090.64
2713.00084354	3560.11
2713.00086395	2927.31
2713.00087075	2755.45
2713.00089116	2310.88
2713.00091157	1993.87
2713.00093197	1679.42
2713.00095238	1401.52
2713.00097279	1173.94
2713.0010068	1046.59
2713.0010136	1022.95
2713.00104082	999.234
2713.00105442	983.323
2713.00107483	976.667
2713.00111565	970.057
2713.00122449	976.667
2713.0012585	1006.04
2713.00129252	1019.17
2713.00133333	1042.72
2713.00136735	1136.15
2713.00140136	1253.34
2713.00144218	1387.74
2713.00147619	1501.86
2713.0015102	1701.33
2713.00155102	1852.64
2713.00158503	2031.14
2713.00161905	2127.4
2713.00165986	2339.59
2713.00169388	2608.13
2713.00172789	2803.5
2713.00176871	2993.1
2713.00180272	3217.3
2713.00183673	3401.13
2713.00187075	3765.85
2713.00191157	3995.79
2713.00194558	4185.16
2713.00197959	4394.34
2713.00202041	4648.29
2713.00205442	4932.11
2713.00208843	5162.66
2713.00212925	5477.89
2713.00216327	5888.22
2713.00219728	6392.11
2713.00223809	6649.73
2713.00227211	7099.46
2713.00230612	7532.95
2713.00238095	8147.35
2713.0024898	8833.66
2713.00256463	9309.6
2713.00263265	9684.81
2713.0027415	10168.9
2713.00285034	10546.1
2713.00295918	10863.3
2713.00306803	11190.0
2713.00321088	11448.6
2713.00331973	11641.0
2713.00342857	11792.9
2713.00353742	11946.8
2713.00361224	12028.2
2713.00372109	12147.6
2713.00386395	12222.9
2713.00404762	12344.2
2713.00419048	12466.7
2713.00437415	12551.7
2713.00455102	12590.5
2713.00484354	12637.2
2713.005	12637.2
2811.0	11866.0
2811.00004082	11822.1
2811.00012245	11727.6
2811.0002517	11555.1
2811.00029252	11378.1
2811.00033333	11252.4
2811.00037415	11121.2
2811.00041497	10789.8
2811.00046259	10546.1
2811.0005034	10352.6
2811.00052381	10118.8
2811.00054422	8725.26
2811.00058503	8496.67
2811.00062585	7963.35
2811.00063946	7381.03
2811.00064626	6761.51
2811.00065986	6616.97
2811.00068027	6270.94
2811.00070068	5965.06
2811.00073469	5278.69
2811.0007551	5046.07
2811.00077551	4782.19
2811.00078912	4375.39
2811.00080952	4174.84
2811.00082993	4090.64
2811.00084354	3560.11
2811.00086395	2927.31
2811.00087075	2755.45
2811.00089116	2310.88
2811.00091157	1993.87
2811.00093197	1679.42
2811.00095238	1401.52
2811.00097279	1173.94
2811.0010068	1046.59
2811.0010136	1022.95
2811.00104082	999.234
2811.00105442	983.323
2811.00107483	976.667
2811.00111565	970.057
2811.00122449	976.667
2811.0012585	1006.04
2811.00129252	1019.17
2811.00133333	1042.72
2811.00136735	1136.15
2811.00140136	1253.34
2811.00144218	1387.74
2811.00147619	1501.86
2811.0015102	1701.33
2811.00155102	1852.64
2811.00158503	2031.14
2811.00161905	2127.4
2811.00165986	2339.59
2811.00169388	2608.13
2811.00172789	2803.5
2811.00176871	2993.1
2811.00180272	3217.3
2811.00183673	3401.13
2811.00187075	3765.85
2811.00191157	3995.79
2811.00194558	4185.16
2811.00197959	4394.34
2811.00202041	4648.29
2811.00205442	4932.11
2811.00208843	5162.66
2811.00212925	5477.89
2811.00216327	5888.22
2811.00219728	6392.11
2811.00223809	6649.73
2811.00227211	7099.46
2811.00230612	7532.95
2811.00238095	8147.35
2811.0024898	8833.66
2811.00256463	9309.6
2811.00263265	9684.81
2811.0027415	10168.9
2811.00285034	10546.1
2811.00295918	10863.3
2811.00306803	11190.0
2811.00321088	11448.6
2811.00331973	11641.0
2811.00342857	11792.9
2811.00353742	11946.8
2811.00361224	12028.2
2811.00372109	12147.6
2811.00386395	12222.9
2811.00404762	12344.2
2811.00419048	12466.7
2811.00437415	12551.7
2811.00455102	12590.5
2811.00484354	12637.2
2811.005	12637.2
2925.0	11866.0
2925.00004082	11822.1
2925.00012245	11727.6
2925.0002517	11555.1
2925.00029252	11378.1
2925.00033333	11252.4
2925.00037415	11121.2
2925.00041497	10789.8
2925.00046259	10546.1
2925.0005034	10352.6
2925.00052381	10118.8
2925.00054422	8725.26
2925.00058503	8496.67
2925.00062585	7963.35
2925.00063946	7381.03
2925.00064626	6761.51
2925.00065986	6616.97
2925.00068027	6270.94
2925.00070068	5965.06
2925.00073469	5278.69
2925.0007551	5046.07
2925.00077551	4782.19
2925.00078912	4375.39
2925.00080952	4174.84
2925.00082993	4090.64
2925.00084354	3560.11
2925.00086395	2927.31
2925.00087075	2755.45
2925.00089116	2310.88
2925.00091157	1993.87
2925.00093197	1679.42
2925.00095238	1401.52
2925.00097279	1173.94
2925.0010068	1046.59
2925.0010136	1022.95
2925.00104082	999.234
2925.00105442	983.323
2925.00107483	976.667
2925.00111565	970.057
2925.00122449	976.667
2925.0012585	1006.04
2925.00129252	1019.17
2925.00133333	1042.72
2925.00136735	1136.15
2925.00140136	1253.34
2925.00144218	1387.74
2925.00147619	1501.86
2925.0015102	1701.33
2925.00155102	1852.64
2925.00158503	2031.14
2925.00161905	2127.4
2925.00165986	2339.59
2925.00169388	2608.13
2925.00172789	2803.5
2925.00176871	2993.1
2925.00180272	3217.3
2925.00183673	3401.13
2925.00187075	3765.85
2925.00191157	3995.79
2925.00194558	4185.16
2925.00197959	4394.34
2925.00202041	4648.29
2925.00205442	4932.11
2925.00208843	5162.66
2925.00212925	5477.89
2925.00216327	5888.22
2925.00219728	6392.11
2925.00223809	6649.73
2925.00227211	7099.46
2925.00230612	7532.95
2925.00238095	8147.35
2925.0024898	8833.66
2925.00256463	9309.6
2925.00263265	9684.81
2925.0027415	10168.9
2925.00285034	10546.1
2925.00295918	10863.3
2925.00306803	11190.0
2925.00321088	11448.6
2925.00331973	11641.0
2925.00342857	11792.9
2925.00353742	11946.8
2925.00361224	12028.2
2925.00372109	12147.6
2925.00386395	12222.9
2925.00404762	12344.2
2925.00419048	12466.7
2925.00437415	12551.7
2925.00455102	12590.5
2925.00484354	12637.2
2925.005	12637.2
3037.0	11866.0
3037.00004082	11822.1
3037.00012245	11727.6
3037.0002517	11555.1
3037.00029252	11378.1
3037.00033333	11252.4
3037.00037415	11121.2
3037.00041497	10789.8
3037.00046259	10546.1
3037.0005034	10352.6
3037.00052381	10118.8
3037.00054422	8725.26
3037.00058503	8496.67
3037.00062585	7963.35
3037.00063946	7381.03
3037.00064626	6761.51
3037.00065986	6616.97
3037.00068027	6270.94
3037.00070068	5965.06
3037.00073469	5278.69
3037.0007551	5046.07
3037.00077551	4782.19
3037.00078912	4375.39
3037.00080952	4174.84
3037.00082993	4090.64
3037.00084354	3560.11
3037.00086395	2927.31
3037.00087075	2755.45
3037.00089116	2310.88
3037.00091157	1993.87
3037.00093197	1679.42
3037.00095238	1401.52
3037.00097279	1173.94
3037.0010068	1046.59
3037.0010136	1022.95
3037.00104082	999.234
3037.00105442	983.323
3037.00107483	976.667
3037.00111565	970.057
3037.00122449	976.667
3037.0012585	1006.04
3037.00129252	1019.17
3037.00133333	1042.72
3037.00136735	1136.15
3037.00140136	1253.34
3037.00144218	1387.74
3037.00147619	1501.86
3037.0015102	1701.33
3037.00155102	1852.64
3037.00158503	2031.14
3037.00161905	2127.4
3037.00165986	2339.59
3037.00169388	2608.13
3037.00172789	2803.5
3037.00176871	2993.1
3037.00180272	3217.3
3037.00183673	3401.13
3037.00187075	3765.85
3037.00191157	3995.79
3037.00194558	4185.16
3037.00197959	4394.34
3037.00202041	4648.29
3037.00205442	4932.11
3037.00208843	5162.66
3037.00212925	5477.89
3037.00216327	5888.22
3037.00219728	6392.11
3037.00223809	6649.73
3037.00227211	7099.46
3037.00230612	7532.95
3037.00238095	8147.35
3037.0024898	8833.66
3037.00256463	9309.6
3037.00263265	9684.81
3037.0027415	10168.9
3037.00285034	10546.1
3037.00295918	10863.3
3037.00306803	11190.0
3037.00321088	11448.6
3037.00331973	11641.0
3037.00342857	11792.9
3037.00353742	11946.8
3037.00361224	12028.2
3037.00372109	12147.6
3037.00386395	12222.9
3037.00404762	12344.2
3037.00419048	12466.7
3037.00437415	12551.7
3037.00455102	12590.5
3037.00484354	12637.2
3037.005	12637.2
