94.0	25283.0
94.000041	25110.2
94.000123	24740.0
94.000252	24070.7
94.000293	23392.8
94.000333	22916.6
94.000374	22424.4
94.000415	21203.4
94.000463	20325.6
94.000504	19640.6
94.000524	18827.6
94.000544	14311.8
94.000585	13625.6
94.000626	12085.0
94.00064	10500.5
94.000646	8927.7
94.00066	8577.7
94.00068	7765.99
94.000701	7079.46
94.000735	5646.01
94.000755	5194.16
94.000776	4702.63
94.000789	3989.15
94.00081	3657.34
94.00083	3521.99
94.000844	2723.52
94.000864	1895.91
94.000871	1695.06
94.000891	1223.92
94.000912	931.425
94.000932	677.936
94.000953	485.05
94.000973	349.431
94.001007	282.525
94.001014	270.83
94.001041	259.321
94.001055	251.731
94.001075	248.586
94.001116	245.481
94.001225	248.586
94.001259	262.602
94.001293	268.979
94.001333	280.595
94.001367	328.897
94.001401	394.425
94.001442	476.262
94.001476	551.273
94.00151	694.401
94.001551	813.005
94.001585	963.907
94.001619	1050.16
94.00166	1252.21
94.001694	1531.15
94.001728	1750.17
94.001769	1975.53
94.001803	2258.11
94.001837	2502.7
94.001871	3021.97
94.001912	3372.33
94.001946	3674.09
94.00198	4021.18
94.002021	4461.83
94.002055	4979.13
94.002089	5418.47
94.002129	6046.68
94.002163	6911.6
94.002197	8046.01
94.002238	8656.47
94.002272	9771.11
94.002306	10904.0
94.002381	12606.9
94.00249	14642.6
94.002565	16136.1
94.002633	17360.4
94.002742	19000.5
94.00285	20325.6
94.002959	21471.6
94.003068	22682.1
94.003211	23661.7
94.00332	24403.0
94.003429	24995.7
94.003538	25602.8
94.003612	25926.6
94.003721	26405.0
94.003864	26708.4
94.004048	27201.2
94.004191	27703.1
94.004374	28053.5
94.004551	28214.2
94.004844	28408.3
94.005	28408.3
218.0	25283.0
218.000041	25110.2
218.000123	24740.0
218.000252	24070.7
218.000293	23392.8
218.000333	22916.6
218.000374	22424.4
218.000415	21203.4
218.000463	20325.6
218.000504	19640.6
218.000524	18827.6
218.000544	14311.8
218.000585	13625.6
218.000626	12085.0
218.00064	10500.5
218.000646	8927.7
218.00066	8577.7
218.00068	7765.99
218.000701	7079.46
218.000735	5646.01
218.000755	5194.16
218.000776	4702.63
218.000789	3989.15
218.00081	3657.34
218.00083	3521.99
218.000844	2723.52
218.000864	1895.91
218.000871	1695.06
218.000891	1223.92
218.000912	931.425
218.000932	677.936
218.000953	485.05
218.000973	349.431
218.001007	282.525
218.001014	270.83
218.001041	259.321
218.001055	251.731
218.001075	248.586
218.001116	245.481
218.001225	248.586
218.001259	262.602
218.001293	268.979
218.001333	280.595
218.001367	328.897
218.001401	394.425
218.001442	476.262
218.001476	551.273
218.00151	694.401
218.001551	813.005
218.001585	963.907
218.001619	1050.16
218.00166	1252.21
218.001694	1531.15
218.001728	1750.17
218.001769	1975.53
218.001803	2258.11
218.001837	2502.7
218.001871	3021.97
218.001912	3372.33
218.001946	3674.09
218.00198	4021.18
218.002021	4461.83
218.002055	4979.13
218.002089	5418.47
218.002129	6046.68
218.002163	6911.6
218.002197	8046.01
218.002238	8656.47
218.002272	9771.11
218.002306	10904.0
218.002381	12606.9
218.00249	14642.6
218.002565	16136.1
218.002633	17360.4
218.002742	19000.5
218.00285	20325.6
218.002959	21471.6
218.003068	22682.1
218.003211	23661.7
218.00332	24403.0
218.003429	24995.7
218.003538	25602.8
218.003612	25926.6
218.003721	26405.0
218.003864	26708.4
218.004048	27201.2
218.004191	27703.1
218.004374	28053.5
218.004551	28214.2
218.004844	28408.3
218.005	28408.3
298.0	25283.0
298.000041	25110.2
298.000123	24740.0
298.000252	24070.7
298.000293	23392.8
298.000333	22916.6
298.000374	22424.4
298.000415	21203.4
298.000463	20325.6
298.000504	19640.6
298.000524	18827.6
298.000544	14311.8
298.000585	13625.6
298.000626	12085.0
298.00064	10500.5
298.000646	8927.7
298.00066	8577.7
298.00068	7765.99
298.000701	7079.46
298.000735	5646.01
298.000755	5194.16
298.000776	4702.63
298.000789	3989.15
298.00081	3657.34
298.00083	3521.99
298.000844	2723.52
298.000864	1895.91
298.000871	1695.06
298.000891	1223.92
298.000912	931.425
298.000932	677.936
298.000953	485.05
298.000973	349.431
298.001007	282.525
298.001014	270.83
298.001041	259.321
298.001055	251.731
298.001075	248.586
298.001116	245.481
298.001225	248.586
298.001259	262.602
298.001293	268.979
298.001333	280.595
298.001367	328.897
298.001401	394.425
298.001442	476.262
298.001476	551.273
298.00151	694.401
298.001551	813.005
298.001585	963.907
298.001619	1050.16
298.00166	1252.21
298.001694	1531.15
298.001728	1750.17
298.001769	1975.53
298.001803	2258.11
298.001837	2502.7
298.001871	3021.97
298.001912	3372.33
298.001946	3674.09
298.00198	4021.18
298.002021	4461.83
298.002055	4979.13
298.002089	5418.47
298.002129	6046.68
298.002163	6911.6
298.002197	8046.01
298.002238	8656.47
298.002272	9771.11
298.002306	10904.0
298.002381	12606.9
298.00249	14642.6
298.002565	16136.1
298.002633	17360.4
298.002742	19000.5
298.00285	20325.6
298.002959	21471.6
298.003068	22682.1
298.003211	23661.7
298.00332	24403.0
298.003429	24995.7
298.003538	25602.8
298.003612	25926.6
298.003721	26405.0
298.003864	26708.4
298.004048	27201.2
298.004191	27703.1
298.004374	28053.5
298.004551	28214.2
298.004844	28408.3
298.005	28408.3
407.0	25283.0
407.000041	25110.2
407.000123	24740.0
407.000252	24070.7
407.000293	23392.8
407.000333	22916.6
407.000374	22424.4
407.000415	21203.4
407.000463	20325.6
407.000504	19640.6
407.000524	18827.6
407.000544	14311.8
407.000585	13625.6
407.000626	12085.0
407.00064	10500.5
407.000646	8927.7
407.00066	8577.7
407.00068	7765.99
407.000701	7079.46
407.000735	5646.01
407.000755	5194.16
407.000776	4702.63
407.000789	3989.15
407.00081	3657.34
407.00083	3521.99
407.000844	2723.52
407.000864	1895.91
407.000871	1695.06
407.000891	1223.92
407.000912	931.425
407.000932	677.936
407.000953	485.05
407.000973	349.431
407.001007	282.525
407.001014	270.83
407.001041	259.321
407.001055	251.731
407.001075	248.586
407.001116	245.481
407.001225	248.586
407.001259	262.602
407.001293	268.979
407.001333	280.595
407.001367	328.897
407.001401	394.425
407.001442	476.262
407.001476	551.273
407.00151	694.401
407.001551	813.005
407.001585	963.907
407.001619	1050.16
407.00166	1252.21
407.001694	1531.15
407.001728	1750.17
407.001769	1975.53
407.001803	2258.11
407.001837	2502.7
407.001871	3021.97
407.001912	3372.33
407.001946	3674.09
407.00198	4021.18
407.002021	4461.83
407.002055	4979.13
407.002089	5418.47
407.002129	6046.68
407.002163	6911.6
407.002197	8046.01
407.002238	8656.47
407.002272	9771.11
407.002306	10904.0
407.002381	12606.9
407.00249	14642.6
407.002565	16136.1
407.002633	17360.4
407.002742	19000.5
407.00285	20325.6
407.002959	21471.6
407.003068	22682.1
407.003211	23661.7
407.00332	24403.0
407.003429	24995.7
407.003538	25602.8
407.003612	25926.6
407.003721	26405.0
407.003864	26708.4
407.004048	27201.2
407.004191	27703.1
407.004374	28053.5
407.004551	28214.2
407.004844	28408.3
407.005	28408.3
496.0	25283.0
496.000041	25110.2
496.000123	24740.0
496.000252	24070.7
496.000293	23392.8
496.000333	22916.6
496.000374	22424.4
496.000415	21203.4
496.000463	20325.6
496.000504	19640.6
496.000524	18827.6
496.000544	14311.8
496.000585	13625.6
496.000626	12085.0
496.00064	10500.5
496.000646	8927.7
496.00066	8577.7
496.00068	7765.99
496.000701	7079.46
496.000735	5646.01
496.000755	5194.16
496.000776	4702.63
496.000789	3989.15
496.00081	3657.34
496.00083	3521.99
496.000844	2723.52
496.000864	1895.91
496.000871	1695.06
496.000891	1223.92
496.000912	931.425
496.000932	677.936
496.000953	485.05
496.000973	349.431
496.001007	282.525
496.001014	270.83
496.001041	259.321
496.001055	251.731
496.001075	248.586
496.001116	245.481
496.001225	248.586
496.001259	262.602
496.001293	268.979
496.001333	280.595
496.001367	328.897
496.001401	394.425
496.001442	476.262
496.001476	551.273
496.00151	694.401
496.001551	813.005
496.001585	963.907
496.001619	1050.16
496.00166	1252.21
496.001694	1531.15
496.001728	1750.17
496.001769	1975.53
496.001803	2258.11
496.001837	2502.7
496.001871	3021.97
496.001912	3372.33
496.001946	3674.09
496.00198	4021.18
496.002021	4461.83
496.002055	4979.13
496.002089	5418.47
496.002129	6046.68
496.002163	6911.6
496.002197	8046.01
496.002238	8656.47
496.002272	9771.11
496.002306	10904.0
496.002381	12606.9
496.00249	14642.6
496.002565	16136.1
496.002633	17360.4
496.002742	19000.5
496.00285	20325.6
496.002959	21471.6
496.003068	22682.1
496.003211	23661.7
496.00332	24403.0
496.003429	24995.7
496.003538	25602.8
496.003612	25926.6
496.003721	26405.0
496.003864	26708.4
496.004048	27201.2
496.004191	27703.1
496.004374	28053.5
496.004551	28214.2
496.004844	28408.3
496.005	28408.3
597.0	25283.0
597.000041	25110.2
597.000123	24740.0
597.000252	24070.7
597.000293	23392.8
597.000333	22916.6
597.000374	22424.4
597.000415	21203.4
597.000463	20325.6
597.000504	19640.6
597.000524	18827.6
597.000544	14311.8
597.000585	13625.6
597.000626	12085.0
597.00064	10500.5
597.000646	8927.7
597.00066	8577.7
597.00068	7765.99
597.000701	7079.46
597.000735	5646.01
597.000755	5194.16
597.000776	4702.63
597.000789	3989.15
597.00081	3657.34
597.00083	3521.99
597.000844	2723.52
597.000864	1895.91
597.000871	1695.06
597.000891	1223.92
597.000912	931.425
597.000932	677.936
597.000953	485.05
597.000973	349.431
597.001007	282.525
597.001014	270.83
597.001041	259.321
597.001055	251.731
597.001075	248.586
597.001116	245.481
597.001225	248.586
597.001259	262.602
597.001293	268.979
597.001333	280.595
597.001367	328.897
597.001401	394.425
597.001442	476.262
597.001476	551.273
597.00151	694.401
597.001551	813.005
597.001585	963.907
597.001619	1050.16
597.00166	1252.21
597.001694	1531.15
597.001728	1750.17
597.001769	1975.53
597.001803	2258.11
597.001837	2502.7
597.001871	3021.97
597.001912	3372.33
597.001946	3674.09
597.00198	4021.18
597.002021	4461.83
597.002055	4979.13
597.002089	5418.47
597.002129	6046.68
597.002163	6911.6
597.002197	8046.01
597.002238	8656.47
597.002272	9771.11
597.002306	10904.0
597.002381	12606.9
597.00249	14642.6
597.002565	16136.1
597.002633	17360.4
597.002742	19000.5
597.00285	20325.6
597.002959	21471.6
597.003068	22682.1
597.003211	23661.7
597.00332	24403.0
597.003429	24995.7
597.003538	25602.8
597.003612	25926.6
597.003721	26405.0
597.003864	26708.4
597.004048	27201.2
597.004191	27703.1
597.004374	28053.5
597.004551	28214.2
597.004844	28408.3
597.005	28408.3
673.0	25283.0
673.000041	25110.2
673.000123	24740.0
673.000252	24070.7
673.000293	23392.8
673.000333	22916.6
673.000374	22424.4
673.000415	21203.4
673.000463	20325.6
673.000504	19640.6
673.000524	18827.6
673.000544	14311.8
673.000585	13625.6
673.000626	12085.0
673.00064	10500.5
673.000646	8927.7
673.00066	8577.7
673.00068	7765.99
673.000701	7079.46
673.000735	5646.01
673.000755	5194.16
673.000776	4702.63
673.000789	3989.15
673.00081	3657.34
673.00083	3521.99
673.000844	2723.52
673.000864	1895.91
673.000871	1695.06
673.000891	1223.92
673.000912	931.425
673.000932	677.936
673.000953	485.05
673.000973	349.431
673.001007	282.525
673.001014	270.83
673.001041	259.321
673.001055	251.731
673.001075	248.586
673.001116	245.481
673.001225	248.586
673.001259	262.602
673.001293	268.979
673.001333	280.595
673.001367	328.897
673.001401	394.425
673.001442	476.262
673.001476	551.273
673.00151	694.401
673.001551	813.005
673.001585	963.907
673.001619	1050.16
673.00166	1252.21
673.001694	1531.15
673.001728	1750.17
673.001769	1975.53
673.001803	2258.11
673.001837	2502.7
673.001871	3021.97
673.001912	3372.33
673.001946	3674.09
673.00198	4021.18
673.002021	4461.83
673.002055	4979.13
673.002089	5418.47
673.002129	6046.68
673.002163	6911.6
673.002197	8046.01
673.002238	8656.47
673.002272	9771.11
673.002306	10904.0
673.002381	12606.9
673.00249	14642.6
673.002565	16136.1
673.002633	17360.4
673.002742	19000.5
673.00285	20325.6
673.002959	21471.6
673.003068	22682.1
673.003211	23661.7
673.00332	24403.0
673.003429	24995.7
673.003538	25602.8
673.003612	25926.6
673.003721	26405.0
673.003864	26708.4
673.004048	27201.2
673.004191	27703.1
673.004374	28053.5
673.004551	28214.2
673.004844	28408.3
673.005	28408.3
777.0	25283.0
777.000041	25110.2
777.000123	24740.0
777.000252	24070.7
777.000293	23392.8
777.000333	22916.6
777.000374	22424.4
777.000415	21203.4
777.000463	20325.6
777.000504	19640.6
777.000524	18827.6
777.000544	14311.8
777.000585	13625.6
777.000626	12085.0
777.00064	10500.5
777.000646	8927.7
777.00066	8577.7
777.00068	7765.99
777.000701	7079.46
777.000735	5646.01
777.000755	5194.16
777.000776	4702.63
777.000789	3989.15
777.00081	3657.34
777.00083	3521.99
777.000844	2723.52
777.000864	1895.91
777.000871	1695.06
777.000891	1223.92
777.000912	931.425
777.000932	677.936
777.000953	485.05
777.000973	349.431
777.001007	282.525
777.001014	270.83
777.001041	259.321
777.001055	251.731
777.001075	248.586
777.001116	245.481
777.001225	248.586
777.001259	262.602
777.001293	268.979
777.001333	280.595
777.001367	328.897
777.001401	394.425
777.001442	476.262
777.001476	551.273
777.00151	694.401
777.001551	813.005
777.001585	963.907
777.001619	1050.16
777.00166	1252.21
777.001694	1531.15
777.001728	1750.17
777.001769	1975.53
777.001803	2258.11
777.001837	2502.7
777.001871	3021.97
777.001912	3372.33
777.001946	3674.09
777.00198	4021.18
777.002021	4461.83
777.002055	4979.13
777.002089	5418.47
777.002129	6046.68
777.002163	6911.6
777.002197	8046.01
777.002238	8656.47
777.002272	9771.11
777.002306	10904.0
777.002381	12606.9
777.00249	14642.6
777.002565	16136.1
777.002633	17360.4
777.002742	19000.5
777.00285	20325.6
777.002959	21471.6
777.003068	22682.1
777.003211	23661.7
777.00332	24403.0
777.003429	24995.7
777.003538	25602.8
777.003612	25926.6
777.003721	26405.0
777.003864	26708.4
777.004048	27201.2
777.004191	27703.1
777.004374	28053.5
777.004551	28214.2
777.004844	28408.3
777.005	28408.3
878.0	25283.0
878.000041	25110.2
878.000123	24740.0
878.000252	24070.7
878.000293	23392.8
878.000333	22916.6
878.000374	22424.4
878.000415	21203.4
878.000463	20325.6
878.000504	19640.6
878.000524	18827.6
878.000544	14311.8
878.000585	13625.6
878.000626	12085.0
878.00064	10500.5
878.000646	8927.7
878.00066	8577.7
878.00068	7765.99
878.000701	7079.46
878.000735	5646.01
878.000755	5194.16
878.000776	4702.63
878.000789	3989.15
878.00081	3657.34
878.00083	3521.99
878.000844	2723.52
878.000864	1895.91
878.000871	1695.06
878.000891	1223.92
878.000912	931.425
878.000932	677.936
878.000953	485.05
878.000973	349.431
878.001007	282.525
878.001014	270.83
878.001041	259.321
878.001055	251.731
878.001075	248.586
878.001116	245.481
878.001225	248.586
878.001259	262.602
878.001293	268.979
878.001333	280.595
878.001367	328.897
878.001401	394.425
878.001442	476.262
878.001476	551.273
878.00151	694.401
878.001551	813.005
878.001585	963.907
878.001619	1050.16
878.00166	1252.21
878.001694	1531.15
878.001728	1750.17
878.001769	1975.53
878.001803	2258.11
878.001837	2502.7
878.001871	3021.97
878.001912	3372.33
878.001946	3674.09
878.00198	4021.18
878.002021	4461.83
878.002055	4979.13
878.002089	5418.47
878.002129	6046.68
878.002163	6911.6
878.002197	8046.01
878.002238	8656.47
878.002272	9771.11
878.002306	10904.0
878.002381	12606.9
878.00249	14642.6
878.002565	16136.1
878.002633	17360.4
878.002742	19000.5
878.00285	20325.6
878.002959	21471.6
878.003068	22682.1
878.003211	23661.7
878.00332	24403.0
878.003429	24995.7
878.003538	25602.8
878.003612	25926.6
878.003721	26405.0
878.003864	26708.4
878.004048	27201.2
878.004191	27703.1
878.004374	28053.5
878.004551	28214.2
878.004844	28408.3
878.005	28408.3
981.0	25283.0
981.000041	25110.2
981.000123	24740.0
981.000252	24070.7
981.000293	23392.8
981.000333	22916.6
981.000374	22424.4
981.000415	21203.4
981.000463	20325.6
981.000504	19640.6
981.000524	18827.6
981.000544	14311.8
981.000585	13625.6
981.000626	12085.0
981.00064	10500.5
981.000646	8927.7
981.00066	8577.7
981.00068	7765.99
981.000701	7079.46
981.000735	5646.01
981.000755	5194.16
981.000776	4702.63
981.000789	3989.15
981.00081	3657.34
981.00083	3521.99
981.000844	2723.52
981.000864	1895.91
981.000871	1695.06
981.000891	1223.92
981.000912	931.425
981.000932	677.936
981.000953	485.05
981.000973	349.431
981.001007	282.525
981.001014	270.83
981.001041	259.321
981.001055	251.731
981.001075	248.586
981.001116	245.481
981.001225	248.586
981.001259	262.602
981.001293	268.979
981.001333	280.595
981.001367	328.897
981.001401	394.425
981.001442	476.262
981.001476	551.273
981.00151	694.401
981.001551	813.005
981.001585	963.907
981.001619	1050.16
981.00166	1252.21
981.001694	1531.15
981.001728	1750.17
981.001769	1975.53
981.001803	2258.11
981.001837	2502.7
981.001871	3021.97
981.001912	3372.33
981.001946	3674.09
981.00198	4021.18
981.002021	4461.83
981.002055	4979.13
981.002089	5418.47
981.002129	6046.68
981.002163	6911.6
981.002197	8046.01
981.002238	8656.47
981.002272	9771.11
981.002306	10904.0
981.002381	12606.9
981.00249	14642.6
981.002565	16136.1
981.002633	17360.4
981.002742	19000.5
981.00285	20325.6
981.002959	21471.6
981.003068	22682.1
981.003211	23661.7
981.00332	24403.0
981.003429	24995.7
981.003538	25602.8
981.003612	25926.6
981.003721	26405.0
981.003864	26708.4
981.004048	27201.2
981.004191	27703.1
981.004374	28053.5
981.004551	28214.2
981.004844	28408.3
981.005	28408.3
1070.0	25283.0
1070.000041	25110.2
1070.000123	24740.0
1070.000252	24070.7
1070.000293	23392.8
1070.000333	22916.6
1070.000374	22424.4
1070.000415	21203.4
1070.000463	20325.6
1070.000504	19640.6
1070.000524	18827.6
1070.000544	14311.8
1070.000585	13625.6
1070.000626	12085.0
1070.00064	10500.5
1070.000646	8927.7
1070.00066	8577.7
1070.00068	7765.99
1070.000701	7079.46
1070.000735	5646.01
1070.000755	5194.16
1070.000776	4702.63
1070.000789	3989.15
1070.00081	3657.34
1070.00083	3521.99
1070.000844	2723.52
1070.000864	1895.91
1070.000871	1695.06
1070.000891	1223.92
1070.000912	931.425
1070.000932	677.936
1070.000953	485.05
1070.000973	349.431
1070.001007	282.525
1070.001014	270.83
1070.001041	259.321
1070.001055	251.731
1070.001075	248.586
1070.001116	245.481
1070.001225	248.586
1070.001259	262.602
1070.001293	268.979
1070.001333	280.595
1070.001367	328.897
1070.001401	394.425
1070.001442	476.262
1070.001476	551.273
1070.00151	694.401
1070.001551	813.005
1070.001585	963.907
1070.001619	1050.16
1070.00166	1252.21
1070.001694	1531.15
1070.001728	1750.17
1070.001769	1975.53
1070.001803	2258.11
1070.001837	2502.7
1070.001871	3021.97
1070.001912	3372.33
1070.001946	3674.09
1070.00198	4021.18
1070.002021	4461.83
1070.002055	4979.13
1070.002089	5418.47
1070.002129	6046.68
1070.002163	6911.6
1070.002197	8046.01
1070.002238	8656.47
1070.002272	9771.11
1070.002306	10904.0
1070.002381	12606.9
1070.00249	14642.6
1070.002565	16136.1
1070.002633	17360.4
1070.002742	19000.5
1070.00285	20325.6
1070.002959	21471.6
1070.003068	22682.1
1070.003211	23661.7
1070.00332	24403.0
1070.003429	24995.7
1070.003538	25602.8
1070.003612	25926.6
1070.003721	26405.0
1070.003864	26708.4
1070.004048	27201.2
1070.004191	27703.1
1070.004374	28053.5
1070.004551	28214.2
1070.004844	28408.3
1070.005	28408.3
1153.0	25283.0
1153.000041	25110.2
1153.000123	24740.0
1153.000252	24070.7
1153.000293	23392.8
1153.000333	22916.6
1153.000374	22424.4
1153.000415	21203.4
1153.000463	20325.6
1153.000504	19640.6
1153.000524	18827.6
1153.000544	14311.8
1153.000585	13625.6
1153.000626	12085.0
1153.00064	10500.5
1153.000646	8927.7
1153.00066	8577.7
1153.00068	7765.99
1153.000701	7079.46
1153.000735	5646.01
1153.000755	5194.16
1153.000776	4702.63
1153.000789	3989.15
1153.00081	3657.34
1153.00083	3521.99
1153.000844	2723.52
1153.000864	1895.91
1153.000871	1695.06
1153.000891	1223.92
1153.000912	931.425
1153.000932	677.936
1153.000953	485.05
1153.000973	349.431
1153.001007	282.525
1153.001014	270.83
1153.001041	259.321
1153.001055	251.731
1153.001075	248.586
1153.001116	245.481
1153.001225	248.586
1153.001259	262.602
1153.001293	268.979
1153.001333	280.595
1153.001367	328.897
1153.001401	394.425
1153.001442	476.262
1153.001476	551.273
1153.00151	694.401
1153.001551	813.005
1153.001585	963.907
1153.001619	1050.16
1153.00166	1252.21
1153.001694	1531.15
1153.001728	1750.17
1153.001769	1975.53
1153.001803	2258.11
1153.001837	2502.7
1153.001871	3021.97
1153.001912	3372.33
1153.001946	3674.09
1153.00198	4021.18
1153.002021	4461.83
1153.002055	4979.13
1153.002089	5418.47
1153.002129	6046.68
1153.002163	6911.6
1153.002197	8046.01
1153.002238	8656.47
1153.002272	9771.11
1153.002306	10904.0
1153.002381	12606.9
1153.00249	14642.6
1153.002565	16136.1
1153.002633	17360.4
1153.002742	19000.5
1153.00285	20325.6
1153.002959	21471.6
1153.003068	22682.1
1153.003211	23661.7
1153.00332	24403.0
1153.003429	24995.7
1153.003538	25602.8
1153.003612	25926.6
1153.003721	26405.0
1153.003864	26708.4
1153.004048	27201.2
1153.004191	27703.1
1153.004374	28053.5
1153.004551	28214.2
1153.004844	28408.3
1153.005	28408.3
1265.0	25283.0
1265.000041	25110.2
1265.000123	24740.0
1265.000252	24070.7
1265.000293	23392.8
1265.000333	22916.6
1265.000374	22424.4
1265.000415	21203.4
1265.000463	20325.6
1265.000504	19640.6
1265.000524	18827.6
1265.000544	14311.8
1265.000585	13625.6
1265.000626	12085.0
1265.00064	10500.5
1265.000646	8927.7
1265.00066	8577.7
1265.00068	7765.99
1265.000701	7079.46
1265.000735	5646.01
1265.000755	5194.16
1265.000776	4702.63
1265.000789	3989.15
1265.00081	3657.34
1265.00083	3521.99
1265.000844	2723.52
1265.000864	1895.91
1265.000871	1695.06
1265.000891	1223.92
1265.000912	931.425
1265.000932	677.936
1265.000953	485.05
1265.000973	349.431
1265.001007	282.525
1265.001014	270.83
1265.001041	259.321
1265.001055	251.731
1265.001075	248.586
1265.001116	245.481
1265.001225	248.586
1265.001259	262.602
1265.001293	268.979
1265.001333	280.595
1265.001367	328.897
1265.001401	394.425
1265.001442	476.262
1265.001476	551.273
1265.00151	694.401
1265.001551	813.005
1265.001585	963.907
1265.001619	1050.16
1265.00166	1252.21
1265.001694	1531.15
1265.001728	1750.17
1265.001769	1975.53
1265.001803	2258.11
1265.001837	2502.7
1265.001871	3021.97
1265.001912	3372.33
1265.001946	3674.09
1265.00198	4021.18
1265.002021	4461.83
1265.002055	4979.13
1265.002089	5418.47
1265.002129	6046.68
1265.002163	6911.6
1265.002197	8046.01
1265.002238	8656.47
1265.002272	9771.11
1265.002306	10904.0
1265.002381	12606.9
1265.00249	14642.6
1265.002565	16136.1
1265.002633	17360.4
1265.002742	19000.5
1265.00285	20325.6
1265.002959	21471.6
1265.003068	22682.1
1265.003211	23661.7
1265.00332	24403.0
1265.003429	24995.7
1265.003538	25602.8
1265.003612	25926.6
1265.003721	26405.0
1265.003864	26708.4
1265.004048	27201.2
1265.004191	27703.1
1265.004374	28053.5
1265.004551	28214.2
1265.004844	28408.3
1265.005	28408.3
1367.0	25283.0
1367.000041	25110.2
1367.000123	24740.0
1367.000252	24070.7
1367.000293	23392.8
1367.000333	22916.6
1367.000374	22424.4
1367.000415	21203.4
1367.000463	20325.6
1367.000504	19640.6
1367.000524	18827.6
1367.000544	14311.8
1367.000585	13625.6
1367.000626	12085.0
1367.00064	10500.5
1367.000646	8927.7
1367.00066	8577.7
1367.00068	7765.99
1367.000701	7079.46
1367.000735	5646.01
1367.000755	5194.16
1367.000776	4702.63
1367.000789	3989.15
1367.00081	3657.34
1367.00083	3521.99
1367.000844	2723.52
1367.000864	1895.91
1367.000871	1695.06
1367.000891	1223.92
1367.000912	931.425
1367.000932	677.936
1367.000953	485.05
1367.000973	349.431
1367.001007	282.525
1367.001014	270.83
1367.001041	259.321
1367.001055	251.731
1367.001075	248.586
1367.001116	245.481
1367.001225	248.586
1367.001259	262.602
1367.001293	268.979
1367.001333	280.595
1367.001367	328.897
1367.001401	394.425
1367.001442	476.262
1367.001476	551.273
1367.00151	694.401
1367.001551	813.005
1367.001585	963.907
1367.001619	1050.16
1367.00166	1252.21
1367.001694	1531.15
1367.001728	1750.17
1367.001769	1975.53
1367.001803	2258.11
1367.001837	2502.7
1367.001871	3021.97
1367.001912	3372.33
1367.001946	3674.09
1367.00198	4021.18
1367.002021	4461.83
1367.002055	4979.13
1367.002089	5418.47
1367.002129	6046.68
1367.002163	6911.6
1367.002197	8046.01
1367.002238	8656.47
1367.002272	9771.11
1367.002306	10904.0
1367.002381	12606.9
1367.00249	14642.6
1367.002565	16136.1
1367.002633	17360.4
1367.002742	19000.5
1367.00285	20325.6
1367.002959	21471.6
1367.003068	22682.1
1367.003211	23661.7
1367.00332	24403.0
1367.003429	24995.7
1367.003538	25602.8
1367.003612	25926.6
1367.003721	26405.0
1367.003864	26708.4
1367.004048	27201.2
1367.004191	27703.1
1367.004374	28053.5
1367.004551	28214.2
1367.004844	28408.3
1367.005	28408.3
1468.0	25283.0
1468.000041	25110.2
1468.000123	24740.0
1468.000252	24070.7
1468.000293	23392.8
1468.000333	22916.6
1468.000374	22424.4
1468.000415	21203.4
1468.000463	20325.6
1468.000504	19640.6
1468.000524	18827.6
1468.000544	14311.8
1468.000585	13625.6
1468.000626	12085.0
1468.00064	10500.5
1468.000646	8927.7
1468.00066	8577.7
1468.00068	7765.99
1468.000701	7079.46
1468.000735	5646.01
1468.000755	5194.16
1468.000776	4702.63
1468.000789	3989.15
1468.00081	3657.34
1468.00083	3521.99
1468.000844	2723.52
1468.000864	1895.91
1468.000871	1695.06
1468.000891	1223.92
1468.000912	931.425
1468.000932	677.936
1468.000953	485.05
1468.000973	349.431
1468.001007	282.525
1468.001014	270.83
1468.001041	259.321
1468.001055	251.731
1468.001075	248.586
1468.001116	245.481
1468.001225	248.586
1468.001259	262.602
1468.001293	268.979
1468.001333	280.595
1468.001367	328.897
1468.001401	394.425
1468.001442	476.262
1468.001476	551.273
1468.00151	694.401
1468.001551	813.005
1468.001585	963.907
1468.001619	1050.16
1468.00166	1252.21
1468.001694	1531.15
1468.001728	1750.17
1468.001769	1975.53
1468.001803	2258.11
1468.001837	2502.7
1468.001871	3021.97
1468.001912	3372.33
1468.001946	3674.09
1468.00198	4021.18
1468.002021	4461.83
1468.002055	4979.13
1468.002089	5418.47
1468.002129	6046.68
1468.002163	6911.6
1468.002197	8046.01
1468.002238	8656.47
1468.002272	9771.11
1468.002306	10904.0
1468.002381	12606.9
1468.00249	14642.6
1468.002565	16136.1
1468.002633	17360.4
1468.002742	19000.5
1468.00285	20325.6
1468.002959	21471.6
1468.003068	22682.1
1468.003211	23661.7
1468.00332	24403.0
1468.003429	24995.7
1468.003538	25602.8
1468.003612	25926.6
1468.003721	26405.0
1468.003864	26708.4
1468.004048	27201.2
1468.004191	27703.1
1468.004374	28053.5
1468.004551	28214.2
1468.004844	28408.3
1468.005	28408.3
1568.0	25283.0
1568.000041	25110.2
1568.000123	24740.0
1568.000252	24070.7
1568.000293	23392.8
1568.000333	22916.6
1568.000374	22424.4
1568.000415	21203.4
1568.000463	20325.6
1568.000504	19640.6
1568.000524	18827.6
1568.000544	14311.8
1568.000585	13625.6
1568.000626	12085.0
1568.00064	10500.5
1568.000646	8927.7
1568.00066	8577.7
1568.00068	7765.99
1568.000701	7079.46
1568.000735	5646.01
1568.000755	5194.16
1568.000776	4702.63
1568.000789	3989.15
1568.00081	3657.34
1568.00083	3521.99
1568.000844	2723.52
1568.000864	1895.91
1568.000871	1695.06
1568.000891	1223.92
1568.000912	931.425
1568.000932	677.936
1568.000953	485.05
1568.000973	349.431
1568.001007	282.525
1568.001014	270.83
1568.001041	259.321
1568.001055	251.731
1568.001075	248.586
1568.001116	245.481
1568.001225	248.586
1568.001259	262.602
1568.001293	268.979
1568.001333	280.595
1568.001367	328.897
1568.001401	394.425
1568.001442	476.262
1568.001476	551.273
1568.00151	694.401
1568.001551	813.005
1568.001585	963.907
1568.001619	1050.16
1568.00166	1252.21
1568.001694	1531.15
1568.001728	1750.17
1568.001769	1975.53
1568.001803	2258.11
1568.001837	2502.7
1568.001871	3021.97
1568.001912	3372.33
1568.001946	3674.09
1568.00198	4021.18
1568.002021	4461.83
1568.002055	4979.13
1568.002089	5418.47
1568.002129	6046.68
1568.002163	6911.6
1568.002197	8046.01
1568.002238	8656.47
1568.002272	9771.11
1568.002306	10904.0
1568.002381	12606.9
1568.00249	14642.6
1568.002565	16136.1
1568.002633	17360.4
1568.002742	19000.5
1568.00285	20325.6
1568.002959	21471.6
1568.003068	22682.1
1568.003211	23661.7
1568.00332	24403.0
1568.003429	24995.7
1568.003538	25602.8
1568.003612	25926.6
1568.003721	26405.0
1568.003864	26708.4
1568.004048	27201.2
1568.004191	27703.1
1568.004374	28053.5
1568.004551	28214.2
1568.004844	28408.3
1568.005	28408.3
1648.0	25283.0
1648.000041	25110.2
1648.000123	24740.0
1648.000252	24070.7
1648.000293	23392.8
1648.000333	22916.6
1648.000374	22424.4
1648.000415	21203.4
1648.000463	20325.6
1648.000504	19640.6
1648.000524	18827.6
1648.000544	14311.8
1648.000585	13625.6
1648.000626	12085.0
1648.00064	10500.5
1648.000646	8927.7
1648.00066	8577.7
1648.00068	7765.99
1648.000701	7079.46
1648.000735	5646.01
1648.000755	5194.16
1648.000776	4702.63
1648.000789	3989.15
1648.00081	3657.34
1648.00083	3521.99
1648.000844	2723.52
1648.000864	1895.91
1648.000871	1695.06
1648.000891	1223.92
1648.000912	931.425
1648.000932	677.936
1648.000953	485.05
1648.000973	349.431
1648.001007	282.525
1648.001014	270.83
1648.001041	259.321
1648.001055	251.731
1648.001075	248.586
1648.001116	245.481
1648.001225	248.586
1648.001259	262.602
1648.001293	268.979
1648.001333	280.595
1648.001367	328.897
1648.001401	394.425
1648.001442	476.262
1648.001476	551.273
1648.00151	694.401
1648.001551	813.005
1648.001585	963.907
1648.001619	1050.16
1648.00166	1252.21
1648.001694	1531.15
1648.001728	1750.17
1648.001769	1975.53
1648.001803	2258.11
1648.001837	2502.7
1648.001871	3021.97
1648.001912	3372.33
1648.001946	3674.09
1648.00198	4021.18
1648.002021	4461.83
1648.002055	4979.13
1648.002089	5418.47
1648.002129	6046.68
1648.002163	6911.6
1648.002197	8046.01
1648.002238	8656.47
1648.002272	9771.11
1648.002306	10904.0
1648.002381	12606.9
1648.00249	14642.6
1648.002565	16136.1
1648.002633	17360.4
1648.002742	19000.5
1648.00285	20325.6
1648.002959	21471.6
1648.003068	22682.1
1648.003211	23661.7
1648.00332	24403.0
1648.003429	24995.7
1648.003538	25602.8
1648.003612	25926.6
1648.003721	26405.0
1648.003864	26708.4
1648.004048	27201.2
1648.004191	27703.1
1648.004374	28053.5
1648.004551	28214.2
1648.004844	28408.3
1648.005	28408.3
1737.0	25283.0
1737.000041	25110.2
1737.000123	24740.0
1737.000252	24070.7
1737.000293	23392.8
1737.000333	22916.6
1737.000374	22424.4
1737.000415	21203.4
1737.000463	20325.6
1737.000504	19640.6
1737.000524	18827.6
1737.000544	14311.8
1737.000585	13625.6
1737.000626	12085.0
1737.00064	10500.5
1737.000646	8927.7
1737.00066	8577.7
1737.00068	7765.99
1737.000701	7079.46
1737.000735	5646.01
1737.000755	5194.16
1737.000776	4702.63
1737.000789	3989.15
1737.00081	3657.34
1737.00083	3521.99
1737.000844	2723.52
1737.000864	1895.91
1737.000871	1695.06
1737.000891	1223.92
1737.000912	931.425
1737.000932	677.936
1737.000953	485.05
1737.000973	349.431
1737.001007	282.525
1737.001014	270.83
1737.001041	259.321
1737.001055	251.731
1737.001075	248.586
1737.001116	245.481
1737.001225	248.586
1737.001259	262.602
1737.001293	268.979
1737.001333	280.595
1737.001367	328.897
1737.001401	394.425
1737.001442	476.262
1737.001476	551.273
1737.00151	694.401
1737.001551	813.005
1737.001585	963.907
1737.001619	1050.16
1737.00166	1252.21
1737.001694	1531.15
1737.001728	1750.17
1737.001769	1975.53
1737.001803	2258.11
1737.001837	2502.7
1737.001871	3021.97
1737.001912	3372.33
1737.001946	3674.09
1737.00198	4021.18
1737.002021	4461.83
1737.002055	4979.13
1737.002089	5418.47
1737.002129	6046.68
1737.002163	6911.6
1737.002197	8046.01
1737.002238	8656.47
1737.002272	9771.11
1737.002306	10904.0
1737.002381	12606.9
1737.00249	14642.6
1737.002565	16136.1
1737.002633	17360.4
1737.002742	19000.5
1737.00285	20325.6
1737.002959	21471.6
1737.003068	22682.1
1737.003211	23661.7
1737.00332	24403.0
1737.003429	24995.7
1737.003538	25602.8
1737.003612	25926.6
1737.003721	26405.0
1737.003864	26708.4
1737.004048	27201.2
1737.004191	27703.1
1737.004374	28053.5
1737.004551	28214.2
1737.004844	28408.3
1737.005	28408.3
1861.0	25283.0
1861.000041	25110.2
1861.000123	24740.0
1861.000252	24070.7
1861.000293	23392.8
1861.000333	22916.6
1861.000374	22424.4
1861.000415	21203.4
1861.000463	20325.6
1861.000504	19640.6
1861.000524	18827.6
1861.000544	14311.8
1861.000585	13625.6
1861.000626	12085.0
1861.00064	10500.5
1861.000646	8927.7
1861.00066	8577.7
1861.00068	7765.99
1861.000701	7079.46
1861.000735	5646.01
1861.000755	5194.16
1861.000776	4702.63
1861.000789	3989.15
1861.00081	3657.34
1861.00083	3521.99
1861.000844	2723.52
1861.000864	1895.91
1861.000871	1695.06
1861.000891	1223.92
1861.000912	931.425
1861.000932	677.936
1861.000953	485.05
1861.000973	349.431
1861.001007	282.525
1861.001014	270.83
1861.001041	259.321
1861.001055	251.731
1861.001075	248.586
1861.001116	245.481
1861.001225	248.586
1861.001259	262.602
1861.001293	268.979
1861.001333	280.595
1861.001367	328.897
1861.001401	394.425
1861.001442	476.262
1861.001476	551.273
1861.00151	694.401
1861.001551	813.005
1861.001585	963.907
1861.001619	1050.16
1861.00166	1252.21
1861.001694	1531.15
1861.001728	1750.17
1861.001769	1975.53
1861.001803	2258.11
1861.001837	2502.7
1861.001871	3021.97
1861.001912	3372.33
1861.001946	3674.09
1861.00198	4021.18
1861.002021	4461.83
1861.002055	4979.13
1861.002089	5418.47
1861.002129	6046.68
1861.002163	6911.6
1861.002197	8046.01
1861.002238	8656.47
1861.002272	9771.11
1861.002306	10904.0
1861.002381	12606.9
1861.00249	14642.6
1861.002565	16136.1
1861.002633	17360.4
1861.002742	19000.5
1861.00285	20325.6
1861.002959	21471.6
1861.003068	22682.1
1861.003211	23661.7
1861.00332	24403.0
1861.003429	24995.7
1861.003538	25602.8
1861.003612	25926.6
1861.003721	26405.0
1861.003864	26708.4
1861.004048	27201.2
1861.004191	27703.1
1861.004374	28053.5
1861.004551	28214.2
1861.004844	28408.3
1861.005	28408.3
1956.0	25283.0
1956.000041	25110.2
1956.000123	24740.0
1956.000252	24070.7
1956.000293	23392.8
1956.000333	22916.6
1956.000374	22424.4
1956.000415	21203.4
1956.000463	20325.6
1956.000504	19640.6
1956.000524	18827.6
1956.000544	14311.8
1956.000585	13625.6
1956.000626	12085.0
1956.00064	10500.5
1956.000646	8927.7
1956.00066	8577.7
1956.00068	7765.99
1956.000701	7079.46
1956.000735	5646.01
1956.000755	5194.16
1956.000776	4702.63
1956.000789	3989.15
1956.00081	3657.34
1956.00083	3521.99
1956.000844	2723.52
1956.000864	1895.91
1956.000871	1695.06
1956.000891	1223.92
1956.000912	931.425
1956.000932	677.936
1956.000953	485.05
1956.000973	349.431
1956.001007	282.525
1956.001014	270.83
1956.001041	259.321
1956.001055	251.731
1956.001075	248.586
1956.001116	245.481
1956.001225	248.586
1956.001259	262.602
1956.001293	268.979
1956.001333	280.595
1956.001367	328.897
1956.001401	394.425
1956.001442	476.262
1956.001476	551.273
1956.00151	694.401
1956.001551	813.005
1956.001585	963.907
1956.001619	1050.16
1956.00166	1252.21
1956.001694	1531.15
1956.001728	1750.17
1956.001769	1975.53
1956.001803	2258.11
1956.001837	2502.7
1956.001871	3021.97
1956.001912	3372.33
1956.001946	3674.09
1956.00198	4021.18
1956.002021	4461.83
1956.002055	4979.13
1956.002089	5418.47
1956.002129	6046.68
1956.002163	6911.6
1956.002197	8046.01
1956.002238	8656.47
1956.002272	9771.11
1956.002306	10904.0
1956.002381	12606.9
1956.00249	14642.6
1956.002565	16136.1
1956.002633	17360.4
1956.002742	19000.5
1956.00285	20325.6
1956.002959	21471.6
1956.003068	22682.1
1956.003211	23661.7
1956.00332	24403.0
1956.003429	24995.7
1956.003538	25602.8
1956.003612	25926.6
1956.003721	26405.0
1956.003864	26708.4
1956.004048	27201.2
1956.004191	27703.1
1956.004374	28053.5
1956.004551	28214.2
1956.004844	28408.3
1956.005	28408.3
2046.0	25283.0
2046.000041	25110.2
2046.000123	24740.0
2046.000252	24070.7
2046.000293	23392.8
2046.000333	22916.6
2046.000374	22424.4
2046.000415	21203.4
2046.000463	20325.6
2046.000504	19640.6
2046.000524	18827.6
2046.000544	14311.8
2046.000585	13625.6
2046.000626	12085.0
2046.00064	10500.5
2046.000646	8927.7
2046.00066	8577.7
2046.00068	7765.99
2046.000701	7079.46
2046.000735	5646.01
2046.000755	5194.16
2046.000776	4702.63
2046.000789	3989.15
2046.00081	3657.34
2046.00083	3521.99
2046.000844	2723.52
2046.000864	1895.91
2046.000871	1695.06
2046.000891	1223.92
2046.000912	931.425
2046.000932	677.936
2046.000953	485.05
2046.000973	349.431
2046.001007	282.525
2046.001014	270.83
2046.001041	259.321
2046.001055	251.731
2046.001075	248.586
2046.001116	245.481
2046.001225	248.586
2046.001259	262.602
2046.001293	268.979
2046.001333	280.595
2046.001367	328.897
2046.001401	394.425
2046.001442	476.262
2046.001476	551.273
2046.00151	694.401
2046.001551	813.005
2046.001585	963.907
2046.001619	1050.16
2046.00166	1252.21
2046.001694	1531.15
2046.001728	1750.17
2046.001769	1975.53
2046.001803	2258.11
2046.001837	2502.7
2046.001871	3021.97
2046.001912	3372.33
2046.001946	3674.09
2046.00198	4021.18
2046.002021	4461.83
2046.002055	4979.13
2046.002089	5418.47
2046.002129	6046.68
2046.002163	6911.6
2046.002197	8046.01
2046.002238	8656.47
2046.002272	9771.11
2046.002306	10904.0
2046.002381	12606.9
2046.00249	14642.6
2046.002565	16136.1
2046.002633	17360.4
2046.002742	19000.5
2046.00285	20325.6
2046.002959	21471.6
2046.003068	22682.1
2046.003211	23661.7
2046.00332	24403.0
2046.003429	24995.7
2046.003538	25602.8
2046.003612	25926.6
2046.003721	26405.0
2046.003864	26708.4
2046.004048	27201.2
2046.004191	27703.1
2046.004374	28053.5
2046.004551	28214.2
2046.004844	28408.3
2046.005	28408.3
2136.0	25283.0
2136.000041	25110.2
2136.000123	24740.0
2136.000252	24070.7
2136.000293	23392.8
2136.000333	22916.6
2136.000374	22424.4
2136.000415	21203.4
2136.000463	20325.6
2136.000504	19640.6
2136.000524	18827.6
2136.000544	14311.8
2136.000585	13625.6
2136.000626	12085.0
2136.00064	10500.5
2136.000646	8927.7
2136.00066	8577.7
2136.00068	7765.99
2136.000701	7079.46
2136.000735	5646.01
2136.000755	5194.16
2136.000776	4702.63
2136.000789	3989.15
2136.00081	3657.34
2136.00083	3521.99
2136.000844	2723.52
2136.000864	1895.91
2136.000871	1695.06
2136.000891	1223.92
2136.000912	931.425
2136.000932	677.936
2136.000953	485.05
2136.000973	349.431
2136.001007	282.525
2136.001014	270.83
2136.001041	259.321
2136.001055	251.731
2136.001075	248.586
2136.001116	245.481
2136.001225	248.586
2136.001259	262.602
2136.001293	268.979
2136.001333	280.595
2136.001367	328.897
2136.001401	394.425
2136.001442	476.262
2136.001476	551.273
2136.00151	694.401
2136.001551	813.005
2136.001585	963.907
2136.001619	1050.16
2136.00166	1252.21
2136.001694	1531.15
2136.001728	1750.17
2136.001769	1975.53
2136.001803	2258.11
2136.001837	2502.7
2136.001871	3021.97
2136.001912	3372.33
2136.001946	3674.09
2136.00198	4021.18
2136.002021	4461.83
2136.002055	4979.13
2136.002089	5418.47
2136.002129	6046.68
2136.002163	6911.6
2136.002197	8046.01
2136.002238	8656.47
2136.002272	9771.11
2136.002306	10904.0
2136.002381	12606.9
2136.00249	14642.6
2136.002565	16136.1
2136.002633	17360.4
2136.002742	19000.5
2136.00285	20325.6
2136.002959	21471.6
2136.003068	22682.1
2136.003211	23661.7
2136.00332	24403.0
2136.003429	24995.7
2136.003538	25602.8
2136.003612	25926.6
2136.003721	26405.0
2136.003864	26708.4
2136.004048	27201.2
2136.004191	27703.1
2136.004374	28053.5
2136.004551	28214.2
2136.004844	28408.3
2136.005	28408.3
2237.0	25283.0
2237.000041	25110.2
2237.000123	24740.0
2237.000252	24070.7
2237.000293	23392.8
2237.000333	22916.6
2237.000374	22424.4
2237.000415	21203.4
2237.000463	20325.6
2237.000504	19640.6
2237.000524	18827.6
2237.000544	14311.8
2237.000585	13625.6
2237.000626	12085.0
2237.00064	10500.5
2237.000646	8927.7
2237.00066	8577.7
2237.00068	7765.99
2237.000701	7079.46
2237.000735	5646.01
2237.000755	5194.16
2237.000776	4702.63
2237.000789	3989.15
2237.00081	3657.34
2237.00083	3521.99
2237.000844	2723.52
2237.000864	1895.91
2237.000871	1695.06
2237.000891	1223.92
2237.000912	931.425
2237.000932	677.936
2237.000953	485.05
2237.000973	349.431
2237.001007	282.525
2237.001014	270.83
2237.001041	259.321
2237.001055	251.731
2237.001075	248.586
2237.001116	245.481
2237.001225	248.586
2237.001259	262.602
2237.001293	268.979
2237.001333	280.595
2237.001367	328.897
2237.001401	394.425
2237.001442	476.262
2237.001476	551.273
2237.00151	694.401
2237.001551	813.005
2237.001585	963.907
2237.001619	1050.16
2237.00166	1252.21
2237.001694	1531.15
2237.001728	1750.17
2237.001769	1975.53
2237.001803	2258.11
2237.001837	2502.7
2237.001871	3021.97
2237.001912	3372.33
2237.001946	3674.09
2237.00198	4021.18
2237.002021	4461.83
2237.002055	4979.13
2237.002089	5418.47
2237.002129	6046.68
2237.002163	6911.6
2237.002197	8046.01
2237.002238	8656.47
2237.002272	9771.11
2237.002306	10904.0
2237.002381	12606.9
2237.00249	14642.6
2237.002565	16136.1
2237.002633	17360.4
2237.002742	19000.5
2237.00285	20325.6
2237.002959	21471.6
2237.003068	22682.1
2237.003211	23661.7
2237.00332	24403.0
2237.003429	24995.7
2237.003538	25602.8
2237.003612	25926.6
2237.003721	26405.0
2237.003864	26708.4
2237.004048	27201.2
2237.004191	27703.1
2237.004374	28053.5
2237.004551	28214.2
2237.004844	28408.3
2237.005	28408.3
2335.0	25283.0
2335.000041	25110.2
2335.000123	24740.0
2335.000252	24070.7
2335.000293	23392.8
2335.000333	22916.6
2335.000374	22424.4
2335.000415	21203.4
2335.000463	20325.6
2335.000504	19640.6
2335.000524	18827.6
2335.000544	14311.8
2335.000585	13625.6
2335.000626	12085.0
2335.00064	10500.5
2335.000646	8927.7
2335.00066	8577.7
2335.00068	7765.99
2335.000701	7079.46
2335.000735	5646.01
2335.000755	5194.16
2335.000776	4702.63
2335.000789	3989.15
2335.00081	3657.34
2335.00083	3521.99
2335.000844	2723.52
2335.000864	1895.91
2335.000871	1695.06
2335.000891	1223.92
2335.000912	931.425
2335.000932	677.936
2335.000953	485.05
2335.000973	349.431
2335.001007	282.525
2335.001014	270.83
2335.001041	259.321
2335.001055	251.731
2335.001075	248.586
2335.001116	245.481
2335.001225	248.586
2335.001259	262.602
2335.001293	268.979
2335.001333	280.595
2335.001367	328.897
2335.001401	394.425
2335.001442	476.262
2335.001476	551.273
2335.00151	694.401
2335.001551	813.005
2335.001585	963.907
2335.001619	1050.16
2335.00166	1252.21
2335.001694	1531.15
2335.001728	1750.17
2335.001769	1975.53
2335.001803	2258.11
2335.001837	2502.7
2335.001871	3021.97
2335.001912	3372.33
2335.001946	3674.09
2335.00198	4021.18
2335.002021	4461.83
2335.002055	4979.13
2335.002089	5418.47
2335.002129	6046.68
2335.002163	6911.6
2335.002197	8046.01
2335.002238	8656.47
2335.002272	9771.11
2335.002306	10904.0
2335.002381	12606.9
2335.00249	14642.6
2335.002565	16136.1
2335.002633	17360.4
2335.002742	19000.5
2335.00285	20325.6
2335.002959	21471.6
2335.003068	22682.1
2335.003211	23661.7
2335.00332	24403.0
2335.003429	24995.7
2335.003538	25602.8
2335.003612	25926.6
2335.003721	26405.0
2335.003864	26708.4
2335.004048	27201.2
2335.004191	27703.1
2335.004374	28053.5
2335.004551	28214.2
2335.004844	28408.3
2335.005	28408.3
2442.0	25283.0
2442.000041	25110.2
2442.000123	24740.0
2442.000252	24070.7
2442.000293	23392.8
2442.000333	22916.6
2442.000374	22424.4
2442.000415	21203.4
2442.000463	20325.6
2442.000504	19640.6
2442.000524	18827.6
2442.000544	14311.8
2442.000585	13625.6
2442.000626	12085.0
2442.00064	10500.5
2442.000646	8927.7
2442.00066	8577.7
2442.00068	7765.99
2442.000701	7079.46
2442.000735	5646.01
2442.000755	5194.16
2442.000776	4702.63
2442.000789	3989.15
2442.00081	3657.34
2442.00083	3521.99
2442.000844	2723.52
2442.000864	1895.91
2442.000871	1695.06
2442.000891	1223.92
2442.000912	931.425
2442.000932	677.936
2442.000953	485.05
2442.000973	349.431
2442.001007	282.525
2442.001014	270.83
2442.001041	259.321
2442.001055	251.731
2442.001075	248.586
2442.001116	245.481
2442.001225	248.586
2442.001259	262.602
2442.001293	268.979
2442.001333	280.595
2442.001367	328.897
2442.001401	394.425
2442.001442	476.262
2442.001476	551.273
2442.00151	694.401
2442.001551	813.005
2442.001585	963.907
2442.001619	1050.16
2442.00166	1252.21
2442.001694	1531.15
2442.001728	1750.17
2442.001769	1975.53
2442.001803	2258.11
2442.001837	2502.7
2442.001871	3021.97
2442.001912	3372.33
2442.001946	3674.09
2442.00198	4021.18
2442.002021	4461.83
2442.002055	4979.13
2442.002089	5418.47
2442.002129	6046.68
2442.002163	6911.6
2442.002197	8046.01
2442.002238	8656.47
2442.002272	9771.11
2442.002306	10904.0
2442.002381	12606.9
2442.00249	14642.6
2442.002565	16136.1
2442.002633	17360.4
2442.002742	19000.5
2442.00285	20325.6
2442.002959	21471.6
2442.003068	22682.1
2442.003211	23661.7
2442.00332	24403.0
2442.003429	24995.7
2442.003538	25602.8
2442.003612	25926.6
2442.003721	26405.0
2442.003864	26708.4
2442.004048	27201.2
2442.004191	27703.1
2442.004374	28053.5
2442.004551	28214.2
2442.004844	28408.3
2442.005	28408.3
2536.0	25283.0
2536.000041	25110.2
2536.000123	24740.0
2536.000252	24070.7
2536.000293	23392.8
2536.000333	22916.6
2536.000374	22424.4
2536.000415	21203.4
2536.000463	20325.6
2536.000504	19640.6
2536.000524	18827.6
2536.000544	14311.8
2536.000585	13625.6
2536.000626	12085.0
2536.00064	10500.5
2536.000646	8927.7
2536.00066	8577.7
2536.00068	7765.99
2536.000701	7079.46
2536.000735	5646.01
2536.000755	5194.16
2536.000776	4702.63
2536.000789	3989.15
2536.00081	3657.34
2536.00083	3521.99
2536.000844	2723.52
2536.000864	1895.91
2536.000871	1695.06
2536.000891	1223.92
2536.000912	931.425
2536.000932	677.936
2536.000953	485.05
2536.000973	349.431
2536.001007	282.525
2536.001014	270.83
2536.001041	259.321
2536.001055	251.731
2536.001075	248.586
2536.001116	245.481
2536.001225	248.586
2536.001259	262.602
2536.001293	268.979
2536.001333	280.595
2536.001367	328.897
2536.001401	394.425
2536.001442	476.262
2536.001476	551.273
2536.00151	694.401
2536.001551	813.005
2536.001585	963.907
2536.001619	1050.16
2536.00166	1252.21
2536.001694	1531.15
2536.001728	1750.17
2536.001769	1975.53
2536.001803	2258.11
2536.001837	2502.7
2536.001871	3021.97
2536.001912	3372.33
2536.001946	3674.09
2536.00198	4021.18
2536.002021	4461.83
2536.002055	4979.13
2536.002089	5418.47
2536.002129	6046.68
2536.002163	6911.6
2536.002197	8046.01
2536.002238	8656.47
2536.002272	9771.11
2536.002306	10904.0
2536.002381	12606.9
2536.00249	14642.6
2536.002565	16136.1
2536.002633	17360.4
2536.002742	19000.5
2536.00285	20325.6
2536.002959	21471.6
2536.003068	22682.1
2536.003211	23661.7
2536.00332	24403.0
2536.003429	24995.7
2536.003538	25602.8
2536.003612	25926.6
2536.003721	26405.0
2536.003864	26708.4
2536.004048	27201.2
2536.004191	27703.1
2536.004374	28053.5
2536.004551	28214.2
2536.004844	28408.3
2536.005	28408.3
2653.0	25283.0
2653.000041	25110.2
2653.000123	24740.0
2653.000252	24070.7
2653.000293	23392.8
2653.000333	22916.6
2653.000374	22424.4
2653.000415	21203.4
2653.000463	20325.6
2653.000504	19640.6
2653.000524	18827.6
2653.000544	14311.8
2653.000585	13625.6
2653.000626	12085.0
2653.00064	10500.5
2653.000646	8927.7
2653.00066	8577.7
2653.00068	7765.99
2653.000701	7079.46
2653.000735	5646.01
2653.000755	5194.16
2653.000776	4702.63
2653.000789	3989.15
2653.00081	3657.34
2653.00083	3521.99
2653.000844	2723.52
2653.000864	1895.91
2653.000871	1695.06
2653.000891	1223.92
2653.000912	931.425
2653.000932	677.936
2653.000953	485.05
2653.000973	349.431
2653.001007	282.525
2653.001014	270.83
2653.001041	259.321
2653.001055	251.731
2653.001075	248.586
2653.001116	245.481
2653.001225	248.586
2653.001259	262.602
2653.001293	268.979
2653.001333	280.595
2653.001367	328.897
2653.001401	394.425
2653.001442	476.262
2653.001476	551.273
2653.00151	694.401
2653.001551	813.005
2653.001585	963.907
2653.001619	1050.16
2653.00166	1252.21
2653.001694	1531.15
2653.001728	1750.17
2653.001769	1975.53
2653.001803	2258.11
2653.001837	2502.7
2653.001871	3021.97
2653.001912	3372.33
2653.001946	3674.09
2653.00198	4021.18
2653.002021	4461.83
2653.002055	4979.13
2653.002089	5418.47
2653.002129	6046.68
2653.002163	6911.6
2653.002197	8046.01
2653.002238	8656.47
2653.002272	9771.11
2653.002306	10904.0
2653.002381	12606.9
2653.00249	14642.6
2653.002565	16136.1
2653.002633	17360.4
2653.002742	19000.5
2653.00285	20325.6
2653.002959	21471.6
2653.003068	22682.1
2653.003211	23661.7
2653.00332	24403.0
2653.003429	24995.7
2653.003538	25602.8
2653.003612	25926.6
2653.003721	26405.0
2653.003864	26708.4
2653.004048	27201.2
2653.004191	27703.1
2653.004374	28053.5
2653.004551	28214.2
2653.004844	28408.3
2653.005	28408.3
2749.0	25283.0
2749.000041	25110.2
2749.000123	24740.0
2749.000252	24070.7
2749.000293	23392.8
2749.000333	22916.6
2749.000374	22424.4
2749.000415	21203.4
2749.000463	20325.6
2749.000504	19640.6
2749.000524	18827.6
2749.000544	14311.8
2749.000585	13625.6
2749.000626	12085.0
2749.00064	10500.5
2749.000646	8927.7
2749.00066	8577.7
2749.00068	7765.99
2749.000701	7079.46
2749.000735	5646.01
2749.000755	5194.16
2749.000776	4702.63
2749.000789	3989.15
2749.00081	3657.34
2749.00083	3521.99
2749.000844	2723.52
2749.000864	1895.91
2749.000871	1695.06
2749.000891	1223.92
2749.000912	931.425
2749.000932	677.936
2749.000953	485.05
2749.000973	349.431
2749.001007	282.525
2749.001014	270.83
2749.001041	259.321
2749.001055	251.731
2749.001075	248.586
2749.001116	245.481
2749.001225	248.586
2749.001259	262.602
2749.001293	268.979
2749.001333	280.595
2749.001367	328.897
2749.001401	394.425
2749.001442	476.262
2749.001476	551.273
2749.00151	694.401
2749.001551	813.005
2749.001585	963.907
2749.001619	1050.16
2749.00166	1252.21
2749.001694	1531.15
2749.001728	1750.17
2749.001769	1975.53
2749.001803	2258.11
2749.001837	2502.7
2749.001871	3021.97
2749.001912	3372.33
2749.001946	3674.09
2749.00198	4021.18
2749.002021	4461.83
2749.002055	4979.13
2749.002089	5418.47
2749.002129	6046.68
2749.002163	6911.6
2749.002197	8046.01
2749.002238	8656.47
2749.002272	9771.11
2749.002306	10904.0
2749.002381	12606.9
2749.00249	14642.6
2749.002565	16136.1
2749.002633	17360.4
2749.002742	19000.5
2749.00285	20325.6
2749.002959	21471.6
2749.003068	22682.1
2749.003211	23661.7
2749.00332	24403.0
2749.003429	24995.7
2749.003538	25602.8
2749.003612	25926.6
2749.003721	26405.0
2749.003864	26708.4
2749.004048	27201.2
2749.004191	27703.1
2749.004374	28053.5
2749.004551	28214.2
2749.004844	28408.3
2749.005	28408.3
2847.0	25283.0
2847.000041	25110.2
2847.000123	24740.0
2847.000252	24070.7
2847.000293	23392.8
2847.000333	22916.6
2847.000374	22424.4
2847.000415	21203.4
2847.000463	20325.6
2847.000504	19640.6
2847.000524	18827.6
2847.000544	14311.8
2847.000585	13625.6
2847.000626	12085.0
2847.00064	10500.5
2847.000646	8927.7
2847.00066	8577.7
2847.00068	7765.99
2847.000701	7079.46
2847.000735	5646.01
2847.000755	5194.16
2847.000776	4702.63
2847.000789	3989.15
2847.00081	3657.34
2847.00083	3521.99
2847.000844	2723.52
2847.000864	1895.91
2847.000871	1695.06
2847.000891	1223.92
2847.000912	931.425
2847.000932	677.936
2847.000953	485.05
2847.000973	349.431
2847.001007	282.525
2847.001014	270.83
2847.001041	259.321
2847.001055	251.731
2847.001075	248.586
2847.001116	245.481
2847.001225	248.586
2847.001259	262.602
2847.001293	268.979
2847.001333	280.595
2847.001367	328.897
2847.001401	394.425
2847.001442	476.262
2847.001476	551.273
2847.00151	694.401
2847.001551	813.005
2847.001585	963.907
2847.001619	1050.16
2847.00166	1252.21
2847.001694	1531.15
2847.001728	1750.17
2847.001769	1975.53
2847.001803	2258.11
2847.001837	2502.7
2847.001871	3021.97
2847.001912	3372.33
2847.001946	3674.09
2847.00198	4021.18
2847.002021	4461.83
2847.002055	4979.13
2847.002089	5418.47
2847.002129	6046.68
2847.002163	6911.6
2847.002197	8046.01
2847.002238	8656.47
2847.002272	9771.11
2847.002306	10904.0
2847.002381	12606.9
2847.00249	14642.6
2847.002565	16136.1
2847.002633	17360.4
2847.002742	19000.5
2847.00285	20325.6
2847.002959	21471.6
2847.003068	22682.1
2847.003211	23661.7
2847.00332	24403.0
2847.003429	24995.7
2847.003538	25602.8
2847.003612	25926.6
2847.003721	26405.0
2847.003864	26708.4
2847.004048	27201.2
2847.004191	27703.1
2847.004374	28053.5
2847.004551	28214.2
2847.004844	28408.3
2847.005	28408.3
2940.0	25283.0
2940.000041	25110.2
2940.000123	24740.0
2940.000252	24070.7
2940.000293	23392.8
2940.000333	22916.6
2940.000374	22424.4
2940.000415	21203.4
2940.000463	20325.6
2940.000504	19640.6
2940.000524	18827.6
2940.000544	14311.8
2940.000585	13625.6
2940.000626	12085.0
2940.00064	10500.5
2940.000646	8927.7
2940.00066	8577.7
2940.00068	7765.99
2940.000701	7079.46
2940.000735	5646.01
2940.000755	5194.16
2940.000776	4702.63
2940.000789	3989.15
2940.00081	3657.34
2940.00083	3521.99
2940.000844	2723.52
2940.000864	1895.91
2940.000871	1695.06
2940.000891	1223.92
2940.000912	931.425
2940.000932	677.936
2940.000953	485.05
2940.000973	349.431
2940.001007	282.525
2940.001014	270.83
2940.001041	259.321
2940.001055	251.731
2940.001075	248.586
2940.001116	245.481
2940.001225	248.586
2940.001259	262.602
2940.001293	268.979
2940.001333	280.595
2940.001367	328.897
2940.001401	394.425
2940.001442	476.262
2940.001476	551.273
2940.00151	694.401
2940.001551	813.005
2940.001585	963.907
2940.001619	1050.16
2940.00166	1252.21
2940.001694	1531.15
2940.001728	1750.17
2940.001769	1975.53
2940.001803	2258.11
2940.001837	2502.7
2940.001871	3021.97
2940.001912	3372.33
2940.001946	3674.09
2940.00198	4021.18
2940.002021	4461.83
2940.002055	4979.13
2940.002089	5418.47
2940.002129	6046.68
2940.002163	6911.6
2940.002197	8046.01
2940.002238	8656.47
2940.002272	9771.11
2940.002306	10904.0
2940.002381	12606.9
2940.00249	14642.6
2940.002565	16136.1
2940.002633	17360.4
2940.002742	19000.5
2940.00285	20325.6
2940.002959	21471.6
2940.003068	22682.1
2940.003211	23661.7
2940.00332	24403.0
2940.003429	24995.7
2940.003538	25602.8
2940.003612	25926.6
2940.003721	26405.0
2940.003864	26708.4
2940.004048	27201.2
2940.004191	27703.1
2940.004374	28053.5
2940.004551	28214.2
2940.004844	28408.3
2940.005	28408.3
3027.0	25283.0
3027.000041	25110.2
3027.000123	24740.0
3027.000252	24070.7
3027.000293	23392.8
3027.000333	22916.6
3027.000374	22424.4
3027.000415	21203.4
3027.000463	20325.6
3027.000504	19640.6
3027.000524	18827.6
3027.000544	14311.8
3027.000585	13625.6
3027.000626	12085.0
3027.00064	10500.5
3027.000646	8927.7
3027.00066	8577.7
3027.00068	7765.99
3027.000701	7079.46
3027.000735	5646.01
3027.000755	5194.16
3027.000776	4702.63
3027.000789	3989.15
3027.00081	3657.34
3027.00083	3521.99
3027.000844	2723.52
3027.000864	1895.91
3027.000871	1695.06
3027.000891	1223.92
3027.000912	931.425
3027.000932	677.936
3027.000953	485.05
3027.000973	349.431
3027.001007	282.525
3027.001014	270.83
3027.001041	259.321
3027.001055	251.731
3027.001075	248.586
3027.001116	245.481
3027.001225	248.586
3027.001259	262.602
3027.001293	268.979
3027.001333	280.595
3027.001367	328.897
3027.001401	394.425
3027.001442	476.262
3027.001476	551.273
3027.00151	694.401
3027.001551	813.005
3027.001585	963.907
3027.001619	1050.16
3027.00166	1252.21
3027.001694	1531.15
3027.001728	1750.17
3027.001769	1975.53
3027.001803	2258.11
3027.001837	2502.7
3027.001871	3021.97
3027.001912	3372.33
3027.001946	3674.09
3027.00198	4021.18
3027.002021	4461.83
3027.002055	4979.13
3027.002089	5418.47
3027.002129	6046.68
3027.002163	6911.6
3027.002197	8046.01
3027.002238	8656.47
3027.002272	9771.11
3027.002306	10904.0
3027.002381	12606.9
3027.00249	14642.6
3027.002565	16136.1
3027.002633	17360.4
3027.002742	19000.5
3027.00285	20325.6
3027.002959	21471.6
3027.003068	22682.1
3027.003211	23661.7
3027.00332	24403.0
3027.003429	24995.7
3027.003538	25602.8
3027.003612	25926.6
3027.003721	26405.0
3027.003864	26708.4
3027.004048	27201.2
3027.004191	27703.1
3027.004374	28053.5
3027.004551	28214.2
3027.004844	28408.3
3027.005	28408.3
3132.0	25283.0
3132.000041	25110.2
3132.000123	24740.0
3132.000252	24070.7
3132.000293	23392.8
3132.000333	22916.6
3132.000374	22424.4
3132.000415	21203.4
3132.000463	20325.6
3132.000504	19640.6
3132.000524	18827.6
3132.000544	14311.8
3132.000585	13625.6
3132.000626	12085.0
3132.00064	10500.5
3132.000646	8927.7
3132.00066	8577.7
3132.00068	7765.99
3132.000701	7079.46
3132.000735	5646.01
3132.000755	5194.16
3132.000776	4702.63
3132.000789	3989.15
3132.00081	3657.34
3132.00083	3521.99
3132.000844	2723.52
3132.000864	1895.91
3132.000871	1695.06
3132.000891	1223.92
3132.000912	931.425
3132.000932	677.936
3132.000953	485.05
3132.000973	349.431
3132.001007	282.525
3132.001014	270.83
3132.001041	259.321
3132.001055	251.731
3132.001075	248.586
3132.001116	245.481
3132.001225	248.586
3132.001259	262.602
3132.001293	268.979
3132.001333	280.595
3132.001367	328.897
3132.001401	394.425
3132.001442	476.262
3132.001476	551.273
3132.00151	694.401
3132.001551	813.005
3132.001585	963.907
3132.001619	1050.16
3132.00166	1252.21
3132.001694	1531.15
3132.001728	1750.17
3132.001769	1975.53
3132.001803	2258.11
3132.001837	2502.7
3132.001871	3021.97
3132.001912	3372.33
3132.001946	3674.09
3132.00198	4021.18
3132.002021	4461.83
3132.002055	4979.13
3132.002089	5418.47
3132.002129	6046.68
3132.002163	6911.6
3132.002197	8046.01
3132.002238	8656.47
3132.002272	9771.11
3132.002306	10904.0
3132.002381	12606.9
3132.00249	14642.6
3132.002565	16136.1
3132.002633	17360.4
3132.002742	19000.5
3132.00285	20325.6
3132.002959	21471.6
3132.003068	22682.1
3132.003211	23661.7
3132.00332	24403.0
3132.003429	24995.7
3132.003538	25602.8
3132.003612	25926.6
3132.003721	26405.0
3132.003864	26708.4
3132.004048	27201.2
3132.004191	27703.1
3132.004374	28053.5
3132.004551	28214.2
3132.004844	28408.3
3132.005	28408.3
3230.0	25283.0
3230.000041	25110.2
3230.000123	24740.0
3230.000252	24070.7
3230.000293	23392.8
3230.000333	22916.6
3230.000374	22424.4
3230.000415	21203.4
3230.000463	20325.6
3230.000504	19640.6
3230.000524	18827.6
3230.000544	14311.8
3230.000585	13625.6
3230.000626	12085.0
3230.00064	10500.5
3230.000646	8927.7
3230.00066	8577.7
3230.00068	7765.99
3230.000701	7079.46
3230.000735	5646.01
3230.000755	5194.16
3230.000776	4702.63
3230.000789	3989.15
3230.00081	3657.34
3230.00083	3521.99
3230.000844	2723.52
3230.000864	1895.91
3230.000871	1695.06
3230.000891	1223.92
3230.000912	931.425
3230.000932	677.936
3230.000953	485.05
3230.000973	349.431
3230.001007	282.525
3230.001014	270.83
3230.001041	259.321
3230.001055	251.731
3230.001075	248.586
3230.001116	245.481
3230.001225	248.586
3230.001259	262.602
3230.001293	268.979
3230.001333	280.595
3230.001367	328.897
3230.001401	394.425
3230.001442	476.262
3230.001476	551.273
3230.00151	694.401
3230.001551	813.005
3230.001585	963.907
3230.001619	1050.16
3230.00166	1252.21
3230.001694	1531.15
3230.001728	1750.17
3230.001769	1975.53
3230.001803	2258.11
3230.001837	2502.7
3230.001871	3021.97
3230.001912	3372.33
3230.001946	3674.09
3230.00198	4021.18
3230.002021	4461.83
3230.002055	4979.13
3230.002089	5418.47
3230.002129	6046.68
3230.002163	6911.6
3230.002197	8046.01
3230.002238	8656.47
3230.002272	9771.11
3230.002306	10904.0
3230.002381	12606.9
3230.00249	14642.6
3230.002565	16136.1
3230.002633	17360.4
3230.002742	19000.5
3230.00285	20325.6
3230.002959	21471.6
3230.003068	22682.1
3230.003211	23661.7
3230.00332	24403.0
3230.003429	24995.7
3230.003538	25602.8
3230.003612	25926.6
3230.003721	26405.0
3230.003864	26708.4
3230.004048	27201.2
3230.004191	27703.1
3230.004374	28053.5
3230.004551	28214.2
3230.004844	28408.3
3230.005	28408.3
3331.0	25283.0
3331.000041	25110.2
3331.000123	24740.0
3331.000252	24070.7
3331.000293	23392.8
3331.000333	22916.6
3331.000374	22424.4
3331.000415	21203.4
3331.000463	20325.6
3331.000504	19640.6
3331.000524	18827.6
3331.000544	14311.8
3331.000585	13625.6
3331.000626	12085.0
3331.00064	10500.5
3331.000646	8927.7
3331.00066	8577.7
3331.00068	7765.99
3331.000701	7079.46
3331.000735	5646.01
3331.000755	5194.16
3331.000776	4702.63
3331.000789	3989.15
3331.00081	3657.34
3331.00083	3521.99
3331.000844	2723.52
3331.000864	1895.91
3331.000871	1695.06
3331.000891	1223.92
3331.000912	931.425
3331.000932	677.936
3331.000953	485.05
3331.000973	349.431
3331.001007	282.525
3331.001014	270.83
3331.001041	259.321
3331.001055	251.731
3331.001075	248.586
3331.001116	245.481
3331.001225	248.586
3331.001259	262.602
3331.001293	268.979
3331.001333	280.595
3331.001367	328.897
3331.001401	394.425
3331.001442	476.262
3331.001476	551.273
3331.00151	694.401
3331.001551	813.005
3331.001585	963.907
3331.001619	1050.16
3331.00166	1252.21
3331.001694	1531.15
3331.001728	1750.17
3331.001769	1975.53
3331.001803	2258.11
3331.001837	2502.7
3331.001871	3021.97
3331.001912	3372.33
3331.001946	3674.09
3331.00198	4021.18
3331.002021	4461.83
3331.002055	4979.13
3331.002089	5418.47
3331.002129	6046.68
3331.002163	6911.6
3331.002197	8046.01
3331.002238	8656.47
3331.002272	9771.11
3331.002306	10904.0
3331.002381	12606.9
3331.00249	14642.6
3331.002565	16136.1
3331.002633	17360.4
3331.002742	19000.5
3331.00285	20325.6
3331.002959	21471.6
3331.003068	22682.1
3331.003211	23661.7
3331.00332	24403.0
3331.003429	24995.7
3331.003538	25602.8
3331.003612	25926.6
3331.003721	26405.0
3331.003864	26708.4
3331.004048	27201.2
3331.004191	27703.1
3331.004374	28053.5
3331.004551	28214.2
3331.004844	28408.3
3331.005	28408.3
3428.0	25283.0
3428.000041	25110.2
3428.000123	24740.0
3428.000252	24070.7
3428.000293	23392.8
3428.000333	22916.6
3428.000374	22424.4
3428.000415	21203.4
3428.000463	20325.6
3428.000504	19640.6
3428.000524	18827.6
3428.000544	14311.8
3428.000585	13625.6
3428.000626	12085.0
3428.00064	10500.5
3428.000646	8927.7
3428.00066	8577.7
3428.00068	7765.99
3428.000701	7079.46
3428.000735	5646.01
3428.000755	5194.16
3428.000776	4702.63
3428.000789	3989.15
3428.00081	3657.34
3428.00083	3521.99
3428.000844	2723.52
3428.000864	1895.91
3428.000871	1695.06
3428.000891	1223.92
3428.000912	931.425
3428.000932	677.936
3428.000953	485.05
3428.000973	349.431
3428.001007	282.525
3428.001014	270.83
3428.001041	259.321
3428.001055	251.731
3428.001075	248.586
3428.001116	245.481
3428.001225	248.586
3428.001259	262.602
3428.001293	268.979
3428.001333	280.595
3428.001367	328.897
3428.001401	394.425
3428.001442	476.262
3428.001476	551.273
3428.00151	694.401
3428.001551	813.005
3428.001585	963.907
3428.001619	1050.16
3428.00166	1252.21
3428.001694	1531.15
3428.001728	1750.17
3428.001769	1975.53
3428.001803	2258.11
3428.001837	2502.7
3428.001871	3021.97
3428.001912	3372.33
3428.001946	3674.09
3428.00198	4021.18
3428.002021	4461.83
3428.002055	4979.13
3428.002089	5418.47
3428.002129	6046.68
3428.002163	6911.6
3428.002197	8046.01
3428.002238	8656.47
3428.002272	9771.11
3428.002306	10904.0
3428.002381	12606.9
3428.00249	14642.6
3428.002565	16136.1
3428.002633	17360.4
3428.002742	19000.5
3428.00285	20325.6
3428.002959	21471.6
3428.003068	22682.1
3428.003211	23661.7
3428.00332	24403.0
3428.003429	24995.7
3428.003538	25602.8
3428.003612	25926.6
3428.003721	26405.0
3428.003864	26708.4
3428.004048	27201.2
3428.004191	27703.1
3428.004374	28053.5
3428.004551	28214.2
3428.004844	28408.3
3428.005	28408.3
3523.0	25283.0
3523.000041	25110.2
3523.000123	24740.0
3523.000252	24070.7
3523.000293	23392.8
3523.000333	22916.6
3523.000374	22424.4
3523.000415	21203.4
3523.000463	20325.6
3523.000504	19640.6
3523.000524	18827.6
3523.000544	14311.8
3523.000585	13625.6
3523.000626	12085.0
3523.00064	10500.5
3523.000646	8927.7
3523.00066	8577.7
3523.00068	7765.99
3523.000701	7079.46
3523.000735	5646.01
3523.000755	5194.16
3523.000776	4702.63
3523.000789	3989.15
3523.00081	3657.34
3523.00083	3521.99
3523.000844	2723.52
3523.000864	1895.91
3523.000871	1695.06
3523.000891	1223.92
3523.000912	931.425
3523.000932	677.936
3523.000953	485.05
3523.000973	349.431
3523.001007	282.525
3523.001014	270.83
3523.001041	259.321
3523.001055	251.731
3523.001075	248.586
3523.001116	245.481
3523.001225	248.586
3523.001259	262.602
3523.001293	268.979
3523.001333	280.595
3523.001367	328.897
3523.001401	394.425
3523.001442	476.262
3523.001476	551.273
3523.00151	694.401
3523.001551	813.005
3523.001585	963.907
3523.001619	1050.16
3523.00166	1252.21
3523.001694	1531.15
3523.001728	1750.17
3523.001769	1975.53
3523.001803	2258.11
3523.001837	2502.7
3523.001871	3021.97
3523.001912	3372.33
3523.001946	3674.09
3523.00198	4021.18
3523.002021	4461.83
3523.002055	4979.13
3523.002089	5418.47
3523.002129	6046.68
3523.002163	6911.6
3523.002197	8046.01
3523.002238	8656.47
3523.002272	9771.11
3523.002306	10904.0
3523.002381	12606.9
3523.00249	14642.6
3523.002565	16136.1
3523.002633	17360.4
3523.002742	19000.5
3523.00285	20325.6
3523.002959	21471.6
3523.003068	22682.1
3523.003211	23661.7
3523.00332	24403.0
3523.003429	24995.7
3523.003538	25602.8
3523.003612	25926.6
3523.003721	26405.0
3523.003864	26708.4
3523.004048	27201.2
3523.004191	27703.1
3523.004374	28053.5
3523.004551	28214.2
3523.004844	28408.3
3523.005	28408.3
3637.0	25283.0
3637.000041	25110.2
3637.000123	24740.0
3637.000252	24070.7
3637.000293	23392.8
3637.000333	22916.6
3637.000374	22424.4
3637.000415	21203.4
3637.000463	20325.6
3637.000504	19640.6
3637.000524	18827.6
3637.000544	14311.8
3637.000585	13625.6
3637.000626	12085.0
3637.00064	10500.5
3637.000646	8927.7
3637.00066	8577.7
3637.00068	7765.99
3637.000701	7079.46
3637.000735	5646.01
3637.000755	5194.16
3637.000776	4702.63
3637.000789	3989.15
3637.00081	3657.34
3637.00083	3521.99
3637.000844	2723.52
3637.000864	1895.91
3637.000871	1695.06
3637.000891	1223.92
3637.000912	931.425
3637.000932	677.936
3637.000953	485.05
3637.000973	349.431
3637.001007	282.525
3637.001014	270.83
3637.001041	259.321
3637.001055	251.731
3637.001075	248.586
3637.001116	245.481
3637.001225	248.586
3637.001259	262.602
3637.001293	268.979
3637.001333	280.595
3637.001367	328.897
3637.001401	394.425
3637.001442	476.262
3637.001476	551.273
3637.00151	694.401
3637.001551	813.005
3637.001585	963.907
3637.001619	1050.16
3637.00166	1252.21
3637.001694	1531.15
3637.001728	1750.17
3637.001769	1975.53
3637.001803	2258.11
3637.001837	2502.7
3637.001871	3021.97
3637.001912	3372.33
3637.001946	3674.09
3637.00198	4021.18
3637.002021	4461.83
3637.002055	4979.13
3637.002089	5418.47
3637.002129	6046.68
3637.002163	6911.6
3637.002197	8046.01
3637.002238	8656.47
3637.002272	9771.11
3637.002306	10904.0
3637.002381	12606.9
3637.00249	14642.6
3637.002565	16136.1
3637.002633	17360.4
3637.002742	19000.5
3637.00285	20325.6
3637.002959	21471.6
3637.003068	22682.1
3637.003211	23661.7
3637.00332	24403.0
3637.003429	24995.7
3637.003538	25602.8
3637.003612	25926.6
3637.003721	26405.0
3637.003864	26708.4
3637.004048	27201.2
3637.004191	27703.1
3637.004374	28053.5
3637.004551	28214.2
3637.004844	28408.3
3637.005	28408.3
3741.0	25283.0
3741.000041	25110.2
3741.000123	24740.0
3741.000252	24070.7
3741.000293	23392.8
3741.000333	22916.6
3741.000374	22424.4
3741.000415	21203.4
3741.000463	20325.6
3741.000504	19640.6
3741.000524	18827.6
3741.000544	14311.8
3741.000585	13625.6
3741.000626	12085.0
3741.00064	10500.5
3741.000646	8927.7
3741.00066	8577.7
3741.00068	7765.99
3741.000701	7079.46
3741.000735	5646.01
3741.000755	5194.16
3741.000776	4702.63
3741.000789	3989.15
3741.00081	3657.34
3741.00083	3521.99
3741.000844	2723.52
3741.000864	1895.91
3741.000871	1695.06
3741.000891	1223.92
3741.000912	931.425
3741.000932	677.936
3741.000953	485.05
3741.000973	349.431
3741.001007	282.525
3741.001014	270.83
3741.001041	259.321
3741.001055	251.731
3741.001075	248.586
3741.001116	245.481
3741.001225	248.586
3741.001259	262.602
3741.001293	268.979
3741.001333	280.595
3741.001367	328.897
3741.001401	394.425
3741.001442	476.262
3741.001476	551.273
3741.00151	694.401
3741.001551	813.005
3741.001585	963.907
3741.001619	1050.16
3741.00166	1252.21
3741.001694	1531.15
3741.001728	1750.17
3741.001769	1975.53
3741.001803	2258.11
3741.001837	2502.7
3741.001871	3021.97
3741.001912	3372.33
3741.001946	3674.09
3741.00198	4021.18
3741.002021	4461.83
3741.002055	4979.13
3741.002089	5418.47
3741.002129	6046.68
3741.002163	6911.6
3741.002197	8046.01
3741.002238	8656.47
3741.002272	9771.11
3741.002306	10904.0
3741.002381	12606.9
3741.00249	14642.6
3741.002565	16136.1
3741.002633	17360.4
3741.002742	19000.5
3741.00285	20325.6
3741.002959	21471.6
3741.003068	22682.1
3741.003211	23661.7
3741.00332	24403.0
3741.003429	24995.7
3741.003538	25602.8
3741.003612	25926.6
3741.003721	26405.0
3741.003864	26708.4
3741.004048	27201.2
3741.004191	27703.1
3741.004374	28053.5
3741.004551	28214.2
3741.004844	28408.3
3741.005	28408.3
3830.0	25283.0
3830.000041	25110.2
3830.000123	24740.0
3830.000252	24070.7
3830.000293	23392.8
3830.000333	22916.6
3830.000374	22424.4
3830.000415	21203.4
3830.000463	20325.6
3830.000504	19640.6
3830.000524	18827.6
3830.000544	14311.8
3830.000585	13625.6
3830.000626	12085.0
3830.00064	10500.5
3830.000646	8927.7
3830.00066	8577.7
3830.00068	7765.99
3830.000701	7079.46
3830.000735	5646.01
3830.000755	5194.16
3830.000776	4702.63
3830.000789	3989.15
3830.00081	3657.34
3830.00083	3521.99
3830.000844	2723.52
3830.000864	1895.91
3830.000871	1695.06
3830.000891	1223.92
3830.000912	931.425
3830.000932	677.936
3830.000953	485.05
3830.000973	349.431
3830.001007	282.525
3830.001014	270.83
3830.001041	259.321
3830.001055	251.731
3830.001075	248.586
3830.001116	245.481
3830.001225	248.586
3830.001259	262.602
3830.001293	268.979
3830.001333	280.595
3830.001367	328.897
3830.001401	394.425
3830.001442	476.262
3830.001476	551.273
3830.00151	694.401
3830.001551	813.005
3830.001585	963.907
3830.001619	1050.16
3830.00166	1252.21
3830.001694	1531.15
3830.001728	1750.17
3830.001769	1975.53
3830.001803	2258.11
3830.001837	2502.7
3830.001871	3021.97
3830.001912	3372.33
3830.001946	3674.09
3830.00198	4021.18
3830.002021	4461.83
3830.002055	4979.13
3830.002089	5418.47
3830.002129	6046.68
3830.002163	6911.6
3830.002197	8046.01
3830.002238	8656.47
3830.002272	9771.11
3830.002306	10904.0
3830.002381	12606.9
3830.00249	14642.6
3830.002565	16136.1
3830.002633	17360.4
3830.002742	19000.5
3830.00285	20325.6
3830.002959	21471.6
3830.003068	22682.1
3830.003211	23661.7
3830.00332	24403.0
3830.003429	24995.7
3830.003538	25602.8
3830.003612	25926.6
3830.003721	26405.0
3830.003864	26708.4
3830.004048	27201.2
3830.004191	27703.1
3830.004374	28053.5
3830.004551	28214.2
3830.004844	28408.3
3830.005	28408.3
3940.0	25283.0
3940.000041	25110.2
3940.000123	24740.0
3940.000252	24070.7
3940.000293	23392.8
3940.000333	22916.6
3940.000374	22424.4
3940.000415	21203.4
3940.000463	20325.6
3940.000504	19640.6
3940.000524	18827.6
3940.000544	14311.8
3940.000585	13625.6
3940.000626	12085.0
3940.00064	10500.5
3940.000646	8927.7
3940.00066	8577.7
3940.00068	7765.99
3940.000701	7079.46
3940.000735	5646.01
3940.000755	5194.16
3940.000776	4702.63
3940.000789	3989.15
3940.00081	3657.34
3940.00083	3521.99
3940.000844	2723.52
3940.000864	1895.91
3940.000871	1695.06
3940.000891	1223.92
3940.000912	931.425
3940.000932	677.936
3940.000953	485.05
3940.000973	349.431
3940.001007	282.525
3940.001014	270.83
3940.001041	259.321
3940.001055	251.731
3940.001075	248.586
3940.001116	245.481
3940.001225	248.586
3940.001259	262.602
3940.001293	268.979
3940.001333	280.595
3940.001367	328.897
3940.001401	394.425
3940.001442	476.262
3940.001476	551.273
3940.00151	694.401
3940.001551	813.005
3940.001585	963.907
3940.001619	1050.16
3940.00166	1252.21
3940.001694	1531.15
3940.001728	1750.17
3940.001769	1975.53
3940.001803	2258.11
3940.001837	2502.7
3940.001871	3021.97
3940.001912	3372.33
3940.001946	3674.09
3940.00198	4021.18
3940.002021	4461.83
3940.002055	4979.13
3940.002089	5418.47
3940.002129	6046.68
3940.002163	6911.6
3940.002197	8046.01
3940.002238	8656.47
3940.002272	9771.11
3940.002306	10904.0
3940.002381	12606.9
3940.00249	14642.6
3940.002565	16136.1
3940.002633	17360.4
3940.002742	19000.5
3940.00285	20325.6
3940.002959	21471.6
3940.003068	22682.1
3940.003211	23661.7
3940.00332	24403.0
3940.003429	24995.7
3940.003538	25602.8
3940.003612	25926.6
3940.003721	26405.0
3940.003864	26708.4
3940.004048	27201.2
3940.004191	27703.1
3940.004374	28053.5
3940.004551	28214.2
3940.004844	28408.3
3940.005	28408.3
4038.0	25283.0
4038.000041	25110.2
4038.000123	24740.0
4038.000252	24070.7
4038.000293	23392.8
4038.000333	22916.6
4038.000374	22424.4
4038.000415	21203.4
4038.000463	20325.6
4038.000504	19640.6
4038.000524	18827.6
4038.000544	14311.8
4038.000585	13625.6
4038.000626	12085.0
4038.00064	10500.5
4038.000646	8927.7
4038.00066	8577.7
4038.00068	7765.99
4038.000701	7079.46
4038.000735	5646.01
4038.000755	5194.16
4038.000776	4702.63
4038.000789	3989.15
4038.00081	3657.34
4038.00083	3521.99
4038.000844	2723.52
4038.000864	1895.91
4038.000871	1695.06
4038.000891	1223.92
4038.000912	931.425
4038.000932	677.936
4038.000953	485.05
4038.000973	349.431
4038.001007	282.525
4038.001014	270.83
4038.001041	259.321
4038.001055	251.731
4038.001075	248.586
4038.001116	245.481
4038.001225	248.586
4038.001259	262.602
4038.001293	268.979
4038.001333	280.595
4038.001367	328.897
4038.001401	394.425
4038.001442	476.262
4038.001476	551.273
4038.00151	694.401
4038.001551	813.005
4038.001585	963.907
4038.001619	1050.16
4038.00166	1252.21
4038.001694	1531.15
4038.001728	1750.17
4038.001769	1975.53
4038.001803	2258.11
4038.001837	2502.7
4038.001871	3021.97
4038.001912	3372.33
4038.001946	3674.09
4038.00198	4021.18
4038.002021	4461.83
4038.002055	4979.13
4038.002089	5418.47
4038.002129	6046.68
4038.002163	6911.6
4038.002197	8046.01
4038.002238	8656.47
4038.002272	9771.11
4038.002306	10904.0
4038.002381	12606.9
4038.00249	14642.6
4038.002565	16136.1
4038.002633	17360.4
4038.002742	19000.5
4038.00285	20325.6
4038.002959	21471.6
4038.003068	22682.1
4038.003211	23661.7
4038.00332	24403.0
4038.003429	24995.7
4038.003538	25602.8
4038.003612	25926.6
4038.003721	26405.0
4038.003864	26708.4
4038.004048	27201.2
4038.004191	27703.1
4038.004374	28053.5
4038.004551	28214.2
4038.004844	28408.3
4038.005	28408.3
4147.0	25283.0
4147.000041	25110.2
4147.000123	24740.0
4147.000252	24070.7
4147.000293	23392.8
4147.000333	22916.6
4147.000374	22424.4
4147.000415	21203.4
4147.000463	20325.6
4147.000504	19640.6
4147.000524	18827.6
4147.000544	14311.8
4147.000585	13625.6
4147.000626	12085.0
4147.00064	10500.5
4147.000646	8927.7
4147.00066	8577.7
4147.00068	7765.99
4147.000701	7079.46
4147.000735	5646.01
4147.000755	5194.16
4147.000776	4702.63
4147.000789	3989.15
4147.00081	3657.34
4147.00083	3521.99
4147.000844	2723.52
4147.000864	1895.91
4147.000871	1695.06
4147.000891	1223.92
4147.000912	931.425
4147.000932	677.936
4147.000953	485.05
4147.000973	349.431
4147.001007	282.525
4147.001014	270.83
4147.001041	259.321
4147.001055	251.731
4147.001075	248.586
4147.001116	245.481
4147.001225	248.586
4147.001259	262.602
4147.001293	268.979
4147.001333	280.595
4147.001367	328.897
4147.001401	394.425
4147.001442	476.262
4147.001476	551.273
4147.00151	694.401
4147.001551	813.005
4147.001585	963.907
4147.001619	1050.16
4147.00166	1252.21
4147.001694	1531.15
4147.001728	1750.17
4147.001769	1975.53
4147.001803	2258.11
4147.001837	2502.7
4147.001871	3021.97
4147.001912	3372.33
4147.001946	3674.09
4147.00198	4021.18
4147.002021	4461.83
4147.002055	4979.13
4147.002089	5418.47
4147.002129	6046.68
4147.002163	6911.6
4147.002197	8046.01
4147.002238	8656.47
4147.002272	9771.11
4147.002306	10904.0
4147.002381	12606.9
4147.00249	14642.6
4147.002565	16136.1
4147.002633	17360.4
4147.002742	19000.5
4147.00285	20325.6
4147.002959	21471.6
4147.003068	22682.1
4147.003211	23661.7
4147.00332	24403.0
4147.003429	24995.7
4147.003538	25602.8
4147.003612	25926.6
4147.003721	26405.0
4147.003864	26708.4
4147.004048	27201.2
4147.004191	27703.1
4147.004374	28053.5
4147.004551	28214.2
4147.004844	28408.3
4147.005	28408.3
4254.0	25283.0
4254.000041	25110.2
4254.000123	24740.0
4254.000252	24070.7
4254.000293	23392.8
4254.000333	22916.6
4254.000374	22424.4
4254.000415	21203.4
4254.000463	20325.6
4254.000504	19640.6
4254.000524	18827.6
4254.000544	14311.8
4254.000585	13625.6
4254.000626	12085.0
4254.00064	10500.5
4254.000646	8927.7
4254.00066	8577.7
4254.00068	7765.99
4254.000701	7079.46
4254.000735	5646.01
4254.000755	5194.16
4254.000776	4702.63
4254.000789	3989.15
4254.00081	3657.34
4254.00083	3521.99
4254.000844	2723.52
4254.000864	1895.91
4254.000871	1695.06
4254.000891	1223.92
4254.000912	931.425
4254.000932	677.936
4254.000953	485.05
4254.000973	349.431
4254.001007	282.525
4254.001014	270.83
4254.001041	259.321
4254.001055	251.731
4254.001075	248.586
4254.001116	245.481
4254.001225	248.586
4254.001259	262.602
4254.001293	268.979
4254.001333	280.595
4254.001367	328.897
4254.001401	394.425
4254.001442	476.262
4254.001476	551.273
4254.00151	694.401
4254.001551	813.005
4254.001585	963.907
4254.001619	1050.16
4254.00166	1252.21
4254.001694	1531.15
4254.001728	1750.17
4254.001769	1975.53
4254.001803	2258.11
4254.001837	2502.7
4254.001871	3021.97
4254.001912	3372.33
4254.001946	3674.09
4254.00198	4021.18
4254.002021	4461.83
4254.002055	4979.13
4254.002089	5418.47
4254.002129	6046.68
4254.002163	6911.6
4254.002197	8046.01
4254.002238	8656.47
4254.002272	9771.11
4254.002306	10904.0
4254.002381	12606.9
4254.00249	14642.6
4254.002565	16136.1
4254.002633	17360.4
4254.002742	19000.5
4254.00285	20325.6
4254.002959	21471.6
4254.003068	22682.1
4254.003211	23661.7
4254.00332	24403.0
4254.003429	24995.7
4254.003538	25602.8
4254.003612	25926.6
4254.003721	26405.0
4254.003864	26708.4
4254.004048	27201.2
4254.004191	27703.1
4254.004374	28053.5
4254.004551	28214.2
4254.004844	28408.3
4254.005	28408.3
4347.0	25283.0
4347.000041	25110.2
4347.000123	24740.0
4347.000252	24070.7
4347.000293	23392.8
4347.000333	22916.6
4347.000374	22424.4
4347.000415	21203.4
4347.000463	20325.6
4347.000504	19640.6
4347.000524	18827.6
4347.000544	14311.8
4347.000585	13625.6
4347.000626	12085.0
4347.00064	10500.5
4347.000646	8927.7
4347.00066	8577.7
4347.00068	7765.99
4347.000701	7079.46
4347.000735	5646.01
4347.000755	5194.16
4347.000776	4702.63
4347.000789	3989.15
4347.00081	3657.34
4347.00083	3521.99
4347.000844	2723.52
4347.000864	1895.91
4347.000871	1695.06
4347.000891	1223.92
4347.000912	931.425
4347.000932	677.936
4347.000953	485.05
4347.000973	349.431
4347.001007	282.525
4347.001014	270.83
4347.001041	259.321
4347.001055	251.731
4347.001075	248.586
4347.001116	245.481
4347.001225	248.586
4347.001259	262.602
4347.001293	268.979
4347.001333	280.595
4347.001367	328.897
4347.001401	394.425
4347.001442	476.262
4347.001476	551.273
4347.00151	694.401
4347.001551	813.005
4347.001585	963.907
4347.001619	1050.16
4347.00166	1252.21
4347.001694	1531.15
4347.001728	1750.17
4347.001769	1975.53
4347.001803	2258.11
4347.001837	2502.7
4347.001871	3021.97
4347.001912	3372.33
4347.001946	3674.09
4347.00198	4021.18
4347.002021	4461.83
4347.002055	4979.13
4347.002089	5418.47
4347.002129	6046.68
4347.002163	6911.6
4347.002197	8046.01
4347.002238	8656.47
4347.002272	9771.11
4347.002306	10904.0
4347.002381	12606.9
4347.00249	14642.6
4347.002565	16136.1
4347.002633	17360.4
4347.002742	19000.5
4347.00285	20325.6
4347.002959	21471.6
4347.003068	22682.1
4347.003211	23661.7
4347.00332	24403.0
4347.003429	24995.7
4347.003538	25602.8
4347.003612	25926.6
4347.003721	26405.0
4347.003864	26708.4
4347.004048	27201.2
4347.004191	27703.1
4347.004374	28053.5
4347.004551	28214.2
4347.004844	28408.3
4347.005	28408.3
4450.0	25283.0
4450.000041	25110.2
4450.000123	24740.0
4450.000252	24070.7
4450.000293	23392.8
4450.000333	22916.6
4450.000374	22424.4
4450.000415	21203.4
4450.000463	20325.6
4450.000504	19640.6
4450.000524	18827.6
4450.000544	14311.8
4450.000585	13625.6
4450.000626	12085.0
4450.00064	10500.5
4450.000646	8927.7
4450.00066	8577.7
4450.00068	7765.99
4450.000701	7079.46
4450.000735	5646.01
4450.000755	5194.16
4450.000776	4702.63
4450.000789	3989.15
4450.00081	3657.34
4450.00083	3521.99
4450.000844	2723.52
4450.000864	1895.91
4450.000871	1695.06
4450.000891	1223.92
4450.000912	931.425
4450.000932	677.936
4450.000953	485.05
4450.000973	349.431
4450.001007	282.525
4450.001014	270.83
4450.001041	259.321
4450.001055	251.731
4450.001075	248.586
4450.001116	245.481
4450.001225	248.586
4450.001259	262.602
4450.001293	268.979
4450.001333	280.595
4450.001367	328.897
4450.001401	394.425
4450.001442	476.262
4450.001476	551.273
4450.00151	694.401
4450.001551	813.005
4450.001585	963.907
4450.001619	1050.16
4450.00166	1252.21
4450.001694	1531.15
4450.001728	1750.17
4450.001769	1975.53
4450.001803	2258.11
4450.001837	2502.7
4450.001871	3021.97
4450.001912	3372.33
4450.001946	3674.09
4450.00198	4021.18
4450.002021	4461.83
4450.002055	4979.13
4450.002089	5418.47
4450.002129	6046.68
4450.002163	6911.6
4450.002197	8046.01
4450.002238	8656.47
4450.002272	9771.11
4450.002306	10904.0
4450.002381	12606.9
4450.00249	14642.6
4450.002565	16136.1
4450.002633	17360.4
4450.002742	19000.5
4450.00285	20325.6
4450.002959	21471.6
4450.003068	22682.1
4450.003211	23661.7
4450.00332	24403.0
4450.003429	24995.7
4450.003538	25602.8
4450.003612	25926.6
4450.003721	26405.0
4450.003864	26708.4
4450.004048	27201.2
4450.004191	27703.1
4450.004374	28053.5
4450.004551	28214.2
4450.004844	28408.3
4450.005	28408.3
4546.0	25283.0
4546.000041	25110.2
4546.000123	24740.0
4546.000252	24070.7
4546.000293	23392.8
4546.000333	22916.6
4546.000374	22424.4
4546.000415	21203.4
4546.000463	20325.6
4546.000504	19640.6
4546.000524	18827.6
4546.000544	14311.8
4546.000585	13625.6
4546.000626	12085.0
4546.00064	10500.5
4546.000646	8927.7
4546.00066	8577.7
4546.00068	7765.99
4546.000701	7079.46
4546.000735	5646.01
4546.000755	5194.16
4546.000776	4702.63
4546.000789	3989.15
4546.00081	3657.34
4546.00083	3521.99
4546.000844	2723.52
4546.000864	1895.91
4546.000871	1695.06
4546.000891	1223.92
4546.000912	931.425
4546.000932	677.936
4546.000953	485.05
4546.000973	349.431
4546.001007	282.525
4546.001014	270.83
4546.001041	259.321
4546.001055	251.731
4546.001075	248.586
4546.001116	245.481
4546.001225	248.586
4546.001259	262.602
4546.001293	268.979
4546.001333	280.595
4546.001367	328.897
4546.001401	394.425
4546.001442	476.262
4546.001476	551.273
4546.00151	694.401
4546.001551	813.005
4546.001585	963.907
4546.001619	1050.16
4546.00166	1252.21
4546.001694	1531.15
4546.001728	1750.17
4546.001769	1975.53
4546.001803	2258.11
4546.001837	2502.7
4546.001871	3021.97
4546.001912	3372.33
4546.001946	3674.09
4546.00198	4021.18
4546.002021	4461.83
4546.002055	4979.13
4546.002089	5418.47
4546.002129	6046.68
4546.002163	6911.6
4546.002197	8046.01
4546.002238	8656.47
4546.002272	9771.11
4546.002306	10904.0
4546.002381	12606.9
4546.00249	14642.6
4546.002565	16136.1
4546.002633	17360.4
4546.002742	19000.5
4546.00285	20325.6
4546.002959	21471.6
4546.003068	22682.1
4546.003211	23661.7
4546.00332	24403.0
4546.003429	24995.7
4546.003538	25602.8
4546.003612	25926.6
4546.003721	26405.0
4546.003864	26708.4
4546.004048	27201.2
4546.004191	27703.1
4546.004374	28053.5
4546.004551	28214.2
4546.004844	28408.3
4546.005	28408.3
4634.0	25283.0
4634.000041	25110.2
4634.000123	24740.0
4634.000252	24070.7
4634.000293	23392.8
4634.000333	22916.6
4634.000374	22424.4
4634.000415	21203.4
4634.000463	20325.6
4634.000504	19640.6
4634.000524	18827.6
4634.000544	14311.8
4634.000585	13625.6
4634.000626	12085.0
4634.00064	10500.5
4634.000646	8927.7
4634.00066	8577.7
4634.00068	7765.99
4634.000701	7079.46
4634.000735	5646.01
4634.000755	5194.16
4634.000776	4702.63
4634.000789	3989.15
4634.00081	3657.34
4634.00083	3521.99
4634.000844	2723.52
4634.000864	1895.91
4634.000871	1695.06
4634.000891	1223.92
4634.000912	931.425
4634.000932	677.936
4634.000953	485.05
4634.000973	349.431
4634.001007	282.525
4634.001014	270.83
4634.001041	259.321
4634.001055	251.731
4634.001075	248.586
4634.001116	245.481
4634.001225	248.586
4634.001259	262.602
4634.001293	268.979
4634.001333	280.595
4634.001367	328.897
4634.001401	394.425
4634.001442	476.262
4634.001476	551.273
4634.00151	694.401
4634.001551	813.005
4634.001585	963.907
4634.001619	1050.16
4634.00166	1252.21
4634.001694	1531.15
4634.001728	1750.17
4634.001769	1975.53
4634.001803	2258.11
4634.001837	2502.7
4634.001871	3021.97
4634.001912	3372.33
4634.001946	3674.09
4634.00198	4021.18
4634.002021	4461.83
4634.002055	4979.13
4634.002089	5418.47
4634.002129	6046.68
4634.002163	6911.6
4634.002197	8046.01
4634.002238	8656.47
4634.002272	9771.11
4634.002306	10904.0
4634.002381	12606.9
4634.00249	14642.6
4634.002565	16136.1
4634.002633	17360.4
4634.002742	19000.5
4634.00285	20325.6
4634.002959	21471.6
4634.003068	22682.1
4634.003211	23661.7
4634.00332	24403.0
4634.003429	24995.7
4634.003538	25602.8
4634.003612	25926.6
4634.003721	26405.0
4634.003864	26708.4
4634.004048	27201.2
4634.004191	27703.1
4634.004374	28053.5
4634.004551	28214.2
4634.004844	28408.3
4634.005	28408.3
4732.0	25283.0
4732.000041	25110.2
4732.000123	24740.0
4732.000252	24070.7
4732.000293	23392.8
4732.000333	22916.6
4732.000374	22424.4
4732.000415	21203.4
4732.000463	20325.6
4732.000504	19640.6
4732.000524	18827.6
4732.000544	14311.8
4732.000585	13625.6
4732.000626	12085.0
4732.00064	10500.5
4732.000646	8927.7
4732.00066	8577.7
4732.00068	7765.99
4732.000701	7079.46
4732.000735	5646.01
4732.000755	5194.16
4732.000776	4702.63
4732.000789	3989.15
4732.00081	3657.34
4732.00083	3521.99
4732.000844	2723.52
4732.000864	1895.91
4732.000871	1695.06
4732.000891	1223.92
4732.000912	931.425
4732.000932	677.936
4732.000953	485.05
4732.000973	349.431
4732.001007	282.525
4732.001014	270.83
4732.001041	259.321
4732.001055	251.731
4732.001075	248.586
4732.001116	245.481
4732.001225	248.586
4732.001259	262.602
4732.001293	268.979
4732.001333	280.595
4732.001367	328.897
4732.001401	394.425
4732.001442	476.262
4732.001476	551.273
4732.00151	694.401
4732.001551	813.005
4732.001585	963.907
4732.001619	1050.16
4732.00166	1252.21
4732.001694	1531.15
4732.001728	1750.17
4732.001769	1975.53
4732.001803	2258.11
4732.001837	2502.7
4732.001871	3021.97
4732.001912	3372.33
4732.001946	3674.09
4732.00198	4021.18
4732.002021	4461.83
4732.002055	4979.13
4732.002089	5418.47
4732.002129	6046.68
4732.002163	6911.6
4732.002197	8046.01
4732.002238	8656.47
4732.002272	9771.11
4732.002306	10904.0
4732.002381	12606.9
4732.00249	14642.6
4732.002565	16136.1
4732.002633	17360.4
4732.002742	19000.5
4732.00285	20325.6
4732.002959	21471.6
4732.003068	22682.1
4732.003211	23661.7
4732.00332	24403.0
4732.003429	24995.7
4732.003538	25602.8
4732.003612	25926.6
4732.003721	26405.0
4732.003864	26708.4
4732.004048	27201.2
4732.004191	27703.1
4732.004374	28053.5
4732.004551	28214.2
4732.004844	28408.3
4732.005	28408.3
4834.0	25283.0
4834.000041	25110.2
4834.000123	24740.0
4834.000252	24070.7
4834.000293	23392.8
4834.000333	22916.6
4834.000374	22424.4
4834.000415	21203.4
4834.000463	20325.6
4834.000504	19640.6
4834.000524	18827.6
4834.000544	14311.8
4834.000585	13625.6
4834.000626	12085.0
4834.00064	10500.5
4834.000646	8927.7
4834.00066	8577.7
4834.00068	7765.99
4834.000701	7079.46
4834.000735	5646.01
4834.000755	5194.16
4834.000776	4702.63
4834.000789	3989.15
4834.00081	3657.34
4834.00083	3521.99
4834.000844	2723.52
4834.000864	1895.91
4834.000871	1695.06
4834.000891	1223.92
4834.000912	931.425
4834.000932	677.936
4834.000953	485.05
4834.000973	349.431
4834.001007	282.525
4834.001014	270.83
4834.001041	259.321
4834.001055	251.731
4834.001075	248.586
4834.001116	245.481
4834.001225	248.586
4834.001259	262.602
4834.001293	268.979
4834.001333	280.595
4834.001367	328.897
4834.001401	394.425
4834.001442	476.262
4834.001476	551.273
4834.00151	694.401
4834.001551	813.005
4834.001585	963.907
4834.001619	1050.16
4834.00166	1252.21
4834.001694	1531.15
4834.001728	1750.17
4834.001769	1975.53
4834.001803	2258.11
4834.001837	2502.7
4834.001871	3021.97
4834.001912	3372.33
4834.001946	3674.09
4834.00198	4021.18
4834.002021	4461.83
4834.002055	4979.13
4834.002089	5418.47
4834.002129	6046.68
4834.002163	6911.6
4834.002197	8046.01
4834.002238	8656.47
4834.002272	9771.11
4834.002306	10904.0
4834.002381	12606.9
4834.00249	14642.6
4834.002565	16136.1
4834.002633	17360.4
4834.002742	19000.5
4834.00285	20325.6
4834.002959	21471.6
4834.003068	22682.1
4834.003211	23661.7
4834.00332	24403.0
4834.003429	24995.7
4834.003538	25602.8
4834.003612	25926.6
4834.003721	26405.0
4834.003864	26708.4
4834.004048	27201.2
4834.004191	27703.1
4834.004374	28053.5
4834.004551	28214.2
4834.004844	28408.3
4834.005	28408.3
4923.0	25283.0
4923.000041	25110.2
4923.000123	24740.0
4923.000252	24070.7
4923.000293	23392.8
4923.000333	22916.6
4923.000374	22424.4
4923.000415	21203.4
4923.000463	20325.6
4923.000504	19640.6
4923.000524	18827.6
4923.000544	14311.8
4923.000585	13625.6
4923.000626	12085.0
4923.00064	10500.5
4923.000646	8927.7
4923.00066	8577.7
4923.00068	7765.99
4923.000701	7079.46
4923.000735	5646.01
4923.000755	5194.16
4923.000776	4702.63
4923.000789	3989.15
4923.00081	3657.34
4923.00083	3521.99
4923.000844	2723.52
4923.000864	1895.91
4923.000871	1695.06
4923.000891	1223.92
4923.000912	931.425
4923.000932	677.936
4923.000953	485.05
4923.000973	349.431
4923.001007	282.525
4923.001014	270.83
4923.001041	259.321
4923.001055	251.731
4923.001075	248.586
4923.001116	245.481
4923.001225	248.586
4923.001259	262.602
4923.001293	268.979
4923.001333	280.595
4923.001367	328.897
4923.001401	394.425
4923.001442	476.262
4923.001476	551.273
4923.00151	694.401
4923.001551	813.005
4923.001585	963.907
4923.001619	1050.16
4923.00166	1252.21
4923.001694	1531.15
4923.001728	1750.17
4923.001769	1975.53
4923.001803	2258.11
4923.001837	2502.7
4923.001871	3021.97
4923.001912	3372.33
4923.001946	3674.09
4923.00198	4021.18
4923.002021	4461.83
4923.002055	4979.13
4923.002089	5418.47
4923.002129	6046.68
4923.002163	6911.6
4923.002197	8046.01
4923.002238	8656.47
4923.002272	9771.11
4923.002306	10904.0
4923.002381	12606.9
4923.00249	14642.6
4923.002565	16136.1
4923.002633	17360.4
4923.002742	19000.5
4923.00285	20325.6
4923.002959	21471.6
4923.003068	22682.1
4923.003211	23661.7
4923.00332	24403.0
4923.003429	24995.7
4923.003538	25602.8
4923.003612	25926.6
4923.003721	26405.0
4923.003864	26708.4
4923.004048	27201.2
4923.004191	27703.1
4923.004374	28053.5
4923.004551	28214.2
4923.004844	28408.3
4923.005	28408.3
