0.0	1258.55
4.0816e-05	1267.21
0.000122449	1286.18
0.000251701	1321.94
0.000292517	1360.24
0.000333333	1388.51
0.00037415	1418.99
0.000414966	1500.7
0.000462585	1565.51
0.000503401	1620.11
0.00052381	1690.07
0.000544218	2223.34
0.000585034	2335.32
0.00062585	2633.01
0.000639456	3030.34
0.000646259	3564.18
0.000659864	3709.61
0.000680272	4097.35
0.00070068	4494.69
0.000734694	5635.83
0.000755102	6126.11
0.00077551	6766.42
0.000789116	7976.63
0.000809524	8700.31
0.000829932	9034.65
0.000843537	11683.4
0.000863946	16783.5
0.000870748	18772.2
0.000891156	25998.4
0.000911565	34162.7
0.000931973	46936.5
0.000952381	65601.5
0.000972789	91062.3
0.0010068	112627.0
0.0010136	117491.0
0.00104082	122705.0
0.00105442	126405.0
0.00107483	128004.0
0.00111565	129623.0
0.00122449	128004.0
0.0012585	121172.0
0.00129252	118299.0
0.00133333	113402.0
0.00136735	96747.6
0.00140136	80674.4
0.00144218	66811.9
0.00147619	57720.9
0.0015102	45823.6
0.00155102	39138.7
0.00158503	33011.4
0.00161905	30300.2
0.00165986	25411.0
0.00169388	20781.7
0.00172789	18181.1
0.00176871	16107.1
0.00180272	14091.4
0.00183673	12714.3
0.00187075	10529.5
0.00191157	9435.59
0.00194558	8660.64
0.00197959	7913.08
0.00202041	7131.59
0.00205442	6390.67
0.00208843	5872.5
0.00212925	5262.39
0.00216327	4603.85
0.00219728	3954.75
0.00223809	3675.86
0.00227211	3256.53
0.00230612	2918.2
0.00238095	2524.01
0.0024898	2173.11
0.00256463	1971.97
0.00263265	1832.9
0.0027415	1674.69
0.00285034	1565.51
0.00295918	1481.96
0.00306803	1402.86
0.00321088	1344.79
0.00331973	1303.93
0.00342857	1273.02
0.00353742	1242.83
0.00361224	1227.31
0.00372109	1205.07
0.00386395	1191.38
0.00404762	1169.8
0.00419048	1148.61
0.00437415	1134.26
0.00455102	1127.8
0.00484354	1120.09
0.005	1120.09
1.0	1258.55
1.000040816	1267.21
1.000122449	1286.18
1.000251701	1321.94
1.000292517	1360.24
1.000333333	1388.51
1.00037415	1418.99
1.000414966	1500.7
1.000462585	1565.51
1.000503401	1620.11
1.00052381	1690.07
1.000544218	2223.34
1.000585034	2335.32
1.00062585	2633.01
1.000639456	3030.34
1.000646259	3564.18
1.000659864	3709.61
1.000680272	4097.35
1.00070068	4494.69
1.000734694	5635.83
1.000755102	6126.11
1.00077551	6766.42
1.000789116	7976.63
1.000809524	8700.31
1.000829932	9034.65
1.000843537	11683.4
1.000863946	16783.5
1.000870748	18772.2
1.000891156	25998.4
1.000911565	34162.7
1.000931973	46936.5
1.000952381	65601.5
1.000972789	91062.3
1.0010068	112627.0
1.0010136	117491.0
1.00104082	122705.0
1.00105442	126405.0
1.00107483	128004.0
1.00111565	129623.0
1.00122449	128004.0
1.0012585	121172.0
1.00129252	118299.0
1.00133333	113402.0
1.00136735	96747.6
1.00140136	80674.4
1.00144218	66811.9
1.00147619	57720.9
1.0015102	45823.6
1.00155102	39138.7
1.00158503	33011.4
1.00161905	30300.2
1.00165986	25411.0
1.00169388	20781.7
1.00172789	18181.1
1.00176871	16107.1
1.00180272	14091.4
1.00183673	12714.3
1.00187075	10529.5
1.00191157	9435.59
1.00194558	8660.64
1.00197959	7913.08
1.00202041	7131.59
1.00205442	6390.67
1.00208843	5872.5
1.00212925	5262.39
1.00216327	4603.85
1.00219728	3954.75
1.00223809	3675.86
1.00227211	3256.53
1.00230612	2918.2
1.00238095	2524.01
1.0024898	2173.11
1.00256463	1971.97
1.00263265	1832.9
1.0027415	1674.69
1.00285034	1565.51
1.00295918	1481.96
1.00306803	1402.86
1.00321088	1344.79
1.00331973	1303.93
1.00342857	1273.02
1.00353742	1242.83
1.00361224	1227.31
1.00372109	1205.07
1.00386395	1191.38
1.00404762	1169.8
1.00419048	1148.61
1.00437415	1134.26
1.00455102	1127.8
1.00484354	1120.09
1.005	1120.09
2.0	1258.55
2.000040816	1267.21
2.000122449	1286.18
2.000251701	1321.94
2.000292517	1360.24
2.000333333	1388.51
2.00037415	1418.99
2.000414966	1500.7
2.000462585	1565.51
2.000503401	1620.11
2.00052381	1690.07
2.000544218	2223.34
2.000585034	2335.32
2.00062585	2633.01
2.000639456	3030.34
2.000646259	3564.18
2.000659864	3709.61
2.000680272	4097.35
2.00070068	4494.69
2.000734694	5635.83
2.000755102	6126.11
2.00077551	6766.42
2.000789116	7976.63
2.000809524	8700.31
2.000829932	9034.65
2.000843537	11683.4
2.000863946	16783.5
2.000870748	18772.2
2.000891156	25998.4
2.000911565	34162.7
2.000931973	46936.5
2.000952381	65601.5
2.000972789	91062.3
2.0010068	112627.0
2.0010136	117491.0
2.00104082	122705.0
2.00105442	126405.0
2.00107483	128004.0
2.00111565	129623.0
2.00122449	128004.0
2.0012585	121172.0
2.00129252	118299.0
2.00133333	113402.0
2.00136735	96747.6
2.00140136	80674.4
2.00144218	66811.9
2.00147619	57720.9
2.0015102	45823.6
2.00155102	39138.7
2.00158503	33011.4
2.00161905	30300.2
2.00165986	25411.0
2.00169388	20781.7
2.00172789	18181.1
2.00176871	16107.1
2.00180272	14091.4
2.00183673	12714.3
2.00187075	10529.5
2.00191157	9435.59
2.00194558	8660.64
2.00197959	7913.08
2.00202041	7131.59
2.00205442	6390.67
2.00208843	5872.5
2.00212925	5262.39
2.00216327	4603.85
2.00219728	3954.75
2.00223809	3675.86
2.00227211	3256.53
2.00230612	2918.2
2.00238095	2524.01
2.0024898	2173.11
2.00256463	1971.97
2.00263265	1832.9
2.0027415	1674.69
2.00285034	1565.51
2.00295918	1481.96
2.00306803	1402.86
2.00321088	1344.79
2.00331973	1303.93
2.00342857	1273.02
2.00353742	1242.83
2.00361224	1227.31
2.00372109	1205.07
2.00386395	1191.38
2.00404762	1169.8
2.00419048	1148.61
2.00437415	1134.26
2.00455102	1127.8
2.00484354	1120.09
2.005	1120.09
3.0	1258.55
3.000040816	1267.21
3.000122449	1286.18
3.000251701	1321.94
3.000292517	1360.24
3.000333333	1388.51
3.00037415	1418.99
3.000414966	1500.7
3.000462585	1565.51
3.000503401	1620.11
3.00052381	1690.07
3.000544218	2223.34
3.000585034	2335.32
3.00062585	2633.01
3.000639456	3030.34
3.000646259	3564.18
3.000659864	3709.61
3.000680272	4097.35
3.00070068	4494.69
3.000734694	5635.83
3.000755102	6126.11
3.00077551	6766.42
3.000789116	7976.63
3.000809524	8700.31
3.000829932	9034.65
3.000843537	11683.4
3.000863946	16783.5
3.000870748	18772.2
3.000891156	25998.4
3.000911565	34162.7
3.000931973	46936.5
3.000952381	65601.5
3.000972789	91062.3
3.0010068	112627.0
3.0010136	117491.0
3.00104082	122705.0
3.00105442	126405.0
3.00107483	128004.0
3.00111565	129623.0
3.00122449	128004.0
3.0012585	121172.0
3.00129252	118299.0
3.00133333	113402.0
3.00136735	96747.6
3.00140136	80674.4
3.00144218	66811.9
3.00147619	57720.9
3.0015102	45823.6
3.00155102	39138.7
3.00158503	33011.4
3.00161905	30300.2
3.00165986	25411.0
3.00169388	20781.7
3.00172789	18181.1
3.00176871	16107.1
3.00180272	14091.4
3.00183673	12714.3
3.00187075	10529.5
3.00191157	9435.59
3.00194558	8660.64
3.00197959	7913.08
3.00202041	7131.59
3.00205442	6390.67
3.00208843	5872.5
3.00212925	5262.39
3.00216327	4603.85
3.00219728	3954.75
3.00223809	3675.86
3.00227211	3256.53
3.00230612	2918.2
3.00238095	2524.01
3.0024898	2173.11
3.00256463	1971.97
3.00263265	1832.9
3.0027415	1674.69
3.00285034	1565.51
3.00295918	1481.96
3.00306803	1402.86
3.00321088	1344.79
3.00331973	1303.93
3.00342857	1273.02
3.00353742	1242.83
3.00361224	1227.31
3.00372109	1205.07
3.00386395	1191.38
3.00404762	1169.8
3.00419048	1148.61
3.00437415	1134.26
3.00455102	1127.8
3.00484354	1120.09
3.005	1120.09
4.0	1258.55
4.000040816	1267.21
4.000122449	1286.18
4.000251701	1321.94
4.000292517	1360.24
4.000333333	1388.51
4.00037415	1418.99
4.000414966	1500.7
4.000462585	1565.51
4.000503401	1620.11
4.00052381	1690.07
4.000544218	2223.34
4.000585034	2335.32
4.00062585	2633.01
4.000639456	3030.34
4.000646259	3564.18
4.000659864	3709.61
4.000680272	4097.35
4.00070068	4494.69
4.000734694	5635.83
4.000755102	6126.11
4.00077551	6766.42
4.000789116	7976.63
4.000809524	8700.31
4.000829932	9034.65
4.000843537	11683.4
4.000863946	16783.5
4.000870748	18772.2
4.000891156	25998.4
4.000911565	34162.7
4.000931973	46936.5
4.000952381	65601.5
4.000972789	91062.3
4.0010068	112627.0
4.0010136	117491.0
4.00104082	122705.0
4.00105442	126405.0
4.00107483	128004.0
4.00111565	129623.0
4.00122449	128004.0
4.0012585	121172.0
4.00129252	118299.0
4.00133333	113402.0
4.00136735	96747.6
4.00140136	80674.4
4.00144218	66811.9
4.00147619	57720.9
4.0015102	45823.6
4.00155102	39138.7
4.00158503	33011.4
4.00161905	30300.2
4.00165986	25411.0
4.00169388	20781.7
4.00172789	18181.1
4.00176871	16107.1
4.00180272	14091.4
4.00183673	12714.3
4.00187075	10529.5
4.00191157	9435.59
4.00194558	8660.64
4.00197959	7913.08
4.00202041	7131.59
4.00205442	6390.67
4.00208843	5872.5
4.00212925	5262.39
4.00216327	4603.85
4.00219728	3954.75
4.00223809	3675.86
4.00227211	3256.53
4.00230612	2918.2
4.00238095	2524.01
4.0024898	2173.11
4.00256463	1971.97
4.00263265	1832.9
4.0027415	1674.69
4.00285034	1565.51
4.00295918	1481.96
4.00306803	1402.86
4.00321088	1344.79
4.00331973	1303.93
4.00342857	1273.02
4.00353742	1242.83
4.00361224	1227.31
4.00372109	1205.07
4.00386395	1191.38
4.00404762	1169.8
4.00419048	1148.61
4.00437415	1134.26
4.00455102	1127.8
4.00484354	1120.09
4.005	1120.09
5.0	1258.55
5.000040816	1267.21
5.000122449	1286.18
5.000251701	1321.94
5.000292517	1360.24
5.000333333	1388.51
5.00037415	1418.99
5.000414966	1500.7
5.000462585	1565.51
5.000503401	1620.11
5.00052381	1690.07
5.000544218	2223.34
5.000585034	2335.32
5.00062585	2633.01
5.000639456	3030.34
5.000646259	3564.18
5.000659864	3709.61
5.000680272	4097.35
5.00070068	4494.69
5.000734694	5635.83
5.000755102	6126.11
5.00077551	6766.42
5.000789116	7976.63
5.000809524	8700.31
5.000829932	9034.65
5.000843537	11683.4
5.000863946	16783.5
5.000870748	18772.2
5.000891156	25998.4
5.000911565	34162.7
5.000931973	46936.5
5.000952381	65601.5
5.000972789	91062.3
5.0010068	112627.0
5.0010136	117491.0
5.00104082	122705.0
5.00105442	126405.0
5.00107483	128004.0
5.00111565	129623.0
5.00122449	128004.0
5.0012585	121172.0
5.00129252	118299.0
5.00133333	113402.0
5.00136735	96747.6
5.00140136	80674.4
5.00144218	66811.9
5.00147619	57720.9
5.0015102	45823.6
5.00155102	39138.7
5.00158503	33011.4
5.00161905	30300.2
5.00165986	25411.0
5.00169388	20781.7
5.00172789	18181.1
5.00176871	16107.1
5.00180272	14091.4
5.00183673	12714.3
5.00187075	10529.5
5.00191157	9435.59
5.00194558	8660.64
5.00197959	7913.08
5.00202041	7131.59
5.00205442	6390.67
5.00208843	5872.5
5.00212925	5262.39
5.00216327	4603.85
5.00219728	3954.75
5.00223809	3675.86
5.00227211	3256.53
5.00230612	2918.2
5.00238095	2524.01
5.0024898	2173.11
5.00256463	1971.97
5.00263265	1832.9
5.0027415	1674.69
5.00285034	1565.51
5.00295918	1481.96
5.00306803	1402.86
5.00321088	1344.79
5.00331973	1303.93
5.00342857	1273.02
5.00353742	1242.83
5.00361224	1227.31
5.00372109	1205.07
5.00386395	1191.38
5.00404762	1169.8
5.00419048	1148.61
5.00437415	1134.26
5.00455102	1127.8
5.00484354	1120.09
5.005	1120.09
6.0	1258.55
6.000040816	1267.21
6.000122449	1286.18
6.000251701	1321.94
6.000292517	1360.24
6.000333333	1388.51
6.00037415	1418.99
6.000414966	1500.7
6.000462585	1565.51
6.000503401	1620.11
6.00052381	1690.07
6.000544218	2223.34
6.000585034	2335.32
6.00062585	2633.01
6.000639456	3030.34
6.000646259	3564.18
6.000659864	3709.61
6.000680272	4097.35
6.00070068	4494.69
6.000734694	5635.83
6.000755102	6126.11
6.00077551	6766.42
6.000789116	7976.63
6.000809524	8700.31
6.000829932	9034.65
6.000843537	11683.4
6.000863946	16783.5
6.000870748	18772.2
6.000891156	25998.4
6.000911565	34162.7
6.000931973	46936.5
6.000952381	65601.5
6.000972789	91062.3
6.0010068	112627.0
6.0010136	117491.0
6.00104082	122705.0
6.00105442	126405.0
6.00107483	128004.0
6.00111565	129623.0
6.00122449	128004.0
6.0012585	121172.0
6.00129252	118299.0
6.00133333	113402.0
6.00136735	96747.6
6.00140136	80674.4
6.00144218	66811.9
6.00147619	57720.9
6.0015102	45823.6
6.00155102	39138.7
6.00158503	33011.4
6.00161905	30300.2
6.00165986	25411.0
6.00169388	20781.7
6.00172789	18181.1
6.00176871	16107.1
6.00180272	14091.4
6.00183673	12714.3
6.00187075	10529.5
6.00191157	9435.59
6.00194558	8660.64
6.00197959	7913.08
6.00202041	7131.59
6.00205442	6390.67
6.00208843	5872.5
6.00212925	5262.39
6.00216327	4603.85
6.00219728	3954.75
6.00223809	3675.86
6.00227211	3256.53
6.00230612	2918.2
6.00238095	2524.01
6.0024898	2173.11
6.00256463	1971.97
6.00263265	1832.9
6.0027415	1674.69
6.00285034	1565.51
6.00295918	1481.96
6.00306803	1402.86
6.00321088	1344.79
6.00331973	1303.93
6.00342857	1273.02
6.00353742	1242.83
6.00361224	1227.31
6.00372109	1205.07
6.00386395	1191.38
6.00404762	1169.8
6.00419048	1148.61
6.00437415	1134.26
6.00455102	1127.8
6.00484354	1120.09
6.005	1120.09
7.0	1258.55
7.000040816	1267.21
7.000122449	1286.18
7.000251701	1321.94
7.000292517	1360.24
7.000333333	1388.51
7.00037415	1418.99
7.000414966	1500.7
7.000462585	1565.51
7.000503401	1620.11
7.00052381	1690.07
7.000544218	2223.34
7.000585034	2335.32
7.00062585	2633.01
7.000639456	3030.34
7.000646259	3564.18
7.000659864	3709.61
7.000680272	4097.35
7.00070068	4494.69
7.000734694	5635.83
7.000755102	6126.11
7.00077551	6766.42
7.000789116	7976.63
7.000809524	8700.31
7.000829932	9034.65
7.000843537	11683.4
7.000863946	16783.5
7.000870748	18772.2
7.000891156	25998.4
7.000911565	34162.7
7.000931973	46936.5
7.000952381	65601.5
7.000972789	91062.3
7.0010068	112627.0
7.0010136	117491.0
7.00104082	122705.0
7.00105442	126405.0
7.00107483	128004.0
7.00111565	129623.0
7.00122449	128004.0
7.0012585	121172.0
7.00129252	118299.0
7.00133333	113402.0
7.00136735	96747.6
7.00140136	80674.4
7.00144218	66811.9
7.00147619	57720.9
7.0015102	45823.6
7.00155102	39138.7
7.00158503	33011.4
7.00161905	30300.2
7.00165986	25411.0
7.00169388	20781.7
7.00172789	18181.1
7.00176871	16107.1
7.00180272	14091.4
7.00183673	12714.3
7.00187075	10529.5
7.00191157	9435.59
7.00194558	8660.64
7.00197959	7913.08
7.00202041	7131.59
7.00205442	6390.67
7.00208843	5872.5
7.00212925	5262.39
7.00216327	4603.85
7.00219728	3954.75
7.00223809	3675.86
7.00227211	3256.53
7.00230612	2918.2
7.00238095	2524.01
7.0024898	2173.11
7.00256463	1971.97
7.00263265	1832.9
7.0027415	1674.69
7.00285034	1565.51
7.00295918	1481.96
7.00306803	1402.86
7.00321088	1344.79
7.00331973	1303.93
7.00342857	1273.02
7.00353742	1242.83
7.00361224	1227.31
7.00372109	1205.07
7.00386395	1191.38
7.00404762	1169.8
7.00419048	1148.61
7.00437415	1134.26
7.00455102	1127.8
7.00484354	1120.09
7.005	1120.09
8.0	1258.55
8.000040816	1267.21
8.000122449	1286.18
8.000251701	1321.94
8.000292517	1360.24
8.000333333	1388.51
8.00037415	1418.99
8.000414966	1500.7
8.000462585	1565.51
8.000503401	1620.11
8.00052381	1690.07
8.000544218	2223.34
8.000585034	2335.32
8.00062585	2633.01
8.000639456	3030.34
8.000646259	3564.18
8.000659864	3709.61
8.000680272	4097.35
8.00070068	4494.69
8.000734694	5635.83
8.000755102	6126.11
8.00077551	6766.42
8.000789116	7976.63
8.000809524	8700.31
8.000829932	9034.65
8.000843537	11683.4
8.000863946	16783.5
8.000870748	18772.2
8.000891156	25998.4
8.000911565	34162.7
8.000931973	46936.5
8.000952381	65601.5
8.000972789	91062.3
8.0010068	112627.0
8.0010136	117491.0
8.00104082	122705.0
8.00105442	126405.0
8.00107483	128004.0
8.00111565	129623.0
8.00122449	128004.0
8.0012585	121172.0
8.00129252	118299.0
8.00133333	113402.0
8.00136735	96747.6
8.00140136	80674.4
8.00144218	66811.9
8.00147619	57720.9
8.0015102	45823.6
8.00155102	39138.7
8.00158503	33011.4
8.00161905	30300.2
8.00165986	25411.0
8.00169388	20781.7
8.00172789	18181.1
8.00176871	16107.1
8.00180272	14091.4
8.00183673	12714.3
8.00187075	10529.5
8.00191157	9435.59
8.00194558	8660.64
8.00197959	7913.08
8.00202041	7131.59
8.00205442	6390.67
8.00208843	5872.5
8.00212925	5262.39
8.00216327	4603.85
8.00219728	3954.75
8.00223809	3675.86
8.00227211	3256.53
8.00230612	2918.2
8.00238095	2524.01
8.0024898	2173.11
8.00256463	1971.97
8.00263265	1832.9
8.0027415	1674.69
8.00285034	1565.51
8.00295918	1481.96
8.00306803	1402.86
8.00321088	1344.79
8.00331973	1303.93
8.00342857	1273.02
8.00353742	1242.83
8.00361224	1227.31
8.00372109	1205.07
8.00386395	1191.38
8.00404762	1169.8
8.00419048	1148.61
8.00437415	1134.26
8.00455102	1127.8
8.00484354	1120.09
8.005	1120.09
9.0	1258.55
9.000040816	1267.21
9.000122449	1286.18
9.000251701	1321.94
9.000292517	1360.24
9.000333333	1388.51
9.00037415	1418.99
9.000414966	1500.7
9.000462585	1565.51
9.000503401	1620.11
9.00052381	1690.07
9.000544218	2223.34
9.000585034	2335.32
9.00062585	2633.01
9.000639456	3030.34
9.000646259	3564.18
9.000659864	3709.61
9.000680272	4097.35
9.00070068	4494.69
9.000734694	5635.83
9.000755102	6126.11
9.00077551	6766.42
9.000789116	7976.63
9.000809524	8700.31
9.000829932	9034.65
9.000843537	11683.4
9.000863946	16783.5
9.000870748	18772.2
9.000891156	25998.4
9.000911565	34162.7
9.000931973	46936.5
9.000952381	65601.5
9.000972789	91062.3
9.0010068	112627.0
9.0010136	117491.0
9.00104082	122705.0
9.00105442	126405.0
9.00107483	128004.0
9.00111565	129623.0
9.00122449	128004.0
9.0012585	121172.0
9.00129252	118299.0
9.00133333	113402.0
9.00136735	96747.6
9.00140136	80674.4
9.00144218	66811.9
9.00147619	57720.9
9.0015102	45823.6
9.00155102	39138.7
9.00158503	33011.4
9.00161905	30300.2
9.00165986	25411.0
9.00169388	20781.7
9.00172789	18181.1
9.00176871	16107.1
9.00180272	14091.4
9.00183673	12714.3
9.00187075	10529.5
9.00191157	9435.59
9.00194558	8660.64
9.00197959	7913.08
9.00202041	7131.59
9.00205442	6390.67
9.00208843	5872.5
9.00212925	5262.39
9.00216327	4603.85
9.00219728	3954.75
9.00223809	3675.86
9.00227211	3256.53
9.00230612	2918.2
9.00238095	2524.01
9.0024898	2173.11
9.00256463	1971.97
9.00263265	1832.9
9.0027415	1674.69
9.00285034	1565.51
9.00295918	1481.96
9.00306803	1402.86
9.00321088	1344.79
9.00331973	1303.93
9.00342857	1273.02
9.00353742	1242.83
9.00361224	1227.31
9.00372109	1205.07
9.00386395	1191.38
9.00404762	1169.8
9.00419048	1148.61
9.00437415	1134.26
9.00455102	1127.8
9.00484354	1120.09
9.005	1120.09
10.0	1258.55
10.000040816	1267.21
10.000122449	1286.18
10.000251701	1321.94
10.000292517	1360.24
10.000333333	1388.51
10.00037415	1418.99
10.000414966	1500.7
10.000462585	1565.51
10.000503401	1620.11
10.00052381	1690.07
10.000544218	2223.34
10.000585034	2335.32
10.00062585	2633.01
10.000639456	3030.34
10.000646259	3564.18
10.000659864	3709.61
10.000680272	4097.35
10.00070068	4494.69
10.000734694	5635.83
10.000755102	6126.11
10.00077551	6766.42
10.000789116	7976.63
10.000809524	8700.31
10.000829932	9034.65
10.000843537	11683.4
10.000863946	16783.5
10.000870748	18772.2
10.000891156	25998.4
10.000911565	34162.7
10.000931973	46936.5
10.000952381	65601.5
10.000972789	91062.3
10.0010068	112627.0
10.0010136	117491.0
10.00104082	122705.0
10.00105442	126405.0
10.00107483	128004.0
10.00111565	129623.0
10.00122449	128004.0
10.0012585	121172.0
10.00129252	118299.0
10.00133333	113402.0
10.00136735	96747.6
10.00140136	80674.4
10.00144218	66811.9
10.00147619	57720.9
10.0015102	45823.6
10.00155102	39138.7
10.00158503	33011.4
10.00161905	30300.2
10.00165986	25411.0
10.00169388	20781.7
10.00172789	18181.1
10.00176871	16107.1
10.00180272	14091.4
10.00183673	12714.3
10.00187075	10529.5
10.00191157	9435.59
10.00194558	8660.64
10.00197959	7913.08
10.00202041	7131.59
10.00205442	6390.67
10.00208843	5872.5
10.00212925	5262.39
10.00216327	4603.85
10.00219728	3954.75
10.00223809	3675.86
10.00227211	3256.53
10.00230612	2918.2
10.00238095	2524.01
10.0024898	2173.11
10.00256463	1971.97
10.00263265	1832.9
10.0027415	1674.69
10.00285034	1565.51
10.00295918	1481.96
10.00306803	1402.86
10.00321088	1344.79
10.00331973	1303.93
10.00342857	1273.02
10.00353742	1242.83
10.00361224	1227.31
10.00372109	1205.07
10.00386395	1191.38
10.00404762	1169.8
10.00419048	1148.61
10.00437415	1134.26
10.00455102	1127.8
10.00484354	1120.09
10.005	1120.09
11.0	1258.55
11.000040816	1267.21
11.000122449	1286.18
11.000251701	1321.94
11.000292517	1360.24
11.000333333	1388.51
11.00037415	1418.99
11.000414966	1500.7
11.000462585	1565.51
11.000503401	1620.11
11.00052381	1690.07
11.000544218	2223.34
11.000585034	2335.32
11.00062585	2633.01
11.000639456	3030.34
11.000646259	3564.18
11.000659864	3709.61
11.000680272	4097.35
11.00070068	4494.69
11.000734694	5635.83
11.000755102	6126.11
11.00077551	6766.42
11.000789116	7976.63
11.000809524	8700.31
11.000829932	9034.65
11.000843537	11683.4
11.000863946	16783.5
11.000870748	18772.2
11.000891156	25998.4
11.000911565	34162.7
11.000931973	46936.5
11.000952381	65601.5
11.000972789	91062.3
11.0010068	112627.0
11.0010136	117491.0
11.00104082	122705.0
11.00105442	126405.0
11.00107483	128004.0
11.00111565	129623.0
11.00122449	128004.0
11.0012585	121172.0
11.00129252	118299.0
11.00133333	113402.0
11.00136735	96747.6
11.00140136	80674.4
11.00144218	66811.9
11.00147619	57720.9
11.0015102	45823.6
11.00155102	39138.7
11.00158503	33011.4
11.00161905	30300.2
11.00165986	25411.0
11.00169388	20781.7
11.00172789	18181.1
11.00176871	16107.1
11.00180272	14091.4
11.00183673	12714.3
11.00187075	10529.5
11.00191157	9435.59
11.00194558	8660.64
11.00197959	7913.08
11.00202041	7131.59
11.00205442	6390.67
11.00208843	5872.5
11.00212925	5262.39
11.00216327	4603.85
11.00219728	3954.75
11.00223809	3675.86
11.00227211	3256.53
11.00230612	2918.2
11.00238095	2524.01
11.0024898	2173.11
11.00256463	1971.97
11.00263265	1832.9
11.0027415	1674.69
11.00285034	1565.51
11.00295918	1481.96
11.00306803	1402.86
11.00321088	1344.79
11.00331973	1303.93
11.00342857	1273.02
11.00353742	1242.83
11.00361224	1227.31
11.00372109	1205.07
11.00386395	1191.38
11.00404762	1169.8
11.00419048	1148.61
11.00437415	1134.26
11.00455102	1127.8
11.00484354	1120.09
11.005	1120.09
12.0	1258.55
12.000040816	1267.21
12.000122449	1286.18
12.000251701	1321.94
12.000292517	1360.24
12.000333333	1388.51
12.00037415	1418.99
12.000414966	1500.7
12.000462585	1565.51
12.000503401	1620.11
12.00052381	1690.07
12.000544218	2223.34
12.000585034	2335.32
12.00062585	2633.01
12.000639456	3030.34
12.000646259	3564.18
12.000659864	3709.61
12.000680272	4097.35
12.00070068	4494.69
12.000734694	5635.83
12.000755102	6126.11
12.00077551	6766.42
12.000789116	7976.63
12.000809524	8700.31
12.000829932	9034.65
12.000843537	11683.4
12.000863946	16783.5
12.000870748	18772.2
12.000891156	25998.4
12.000911565	34162.7
12.000931973	46936.5
12.000952381	65601.5
12.000972789	91062.3
12.0010068	112627.0
12.0010136	117491.0
12.00104082	122705.0
12.00105442	126405.0
12.00107483	128004.0
12.00111565	129623.0
12.00122449	128004.0
12.0012585	121172.0
12.00129252	118299.0
12.00133333	113402.0
12.00136735	96747.6
12.00140136	80674.4
12.00144218	66811.9
12.00147619	57720.9
12.0015102	45823.6
12.00155102	39138.7
12.00158503	33011.4
12.00161905	30300.2
12.00165986	25411.0
12.00169388	20781.7
12.00172789	18181.1
12.00176871	16107.1
12.00180272	14091.4
12.00183673	12714.3
12.00187075	10529.5
12.00191157	9435.59
12.00194558	8660.64
12.00197959	7913.08
12.00202041	7131.59
12.00205442	6390.67
12.00208843	5872.5
12.00212925	5262.39
12.00216327	4603.85
12.00219728	3954.75
12.00223809	3675.86
12.00227211	3256.53
12.00230612	2918.2
12.00238095	2524.01
12.0024898	2173.11
12.00256463	1971.97
12.00263265	1832.9
12.0027415	1674.69
12.00285034	1565.51
12.00295918	1481.96
12.00306803	1402.86
12.00321088	1344.79
12.00331973	1303.93
12.00342857	1273.02
12.00353742	1242.83
12.00361224	1227.31
12.00372109	1205.07
12.00386395	1191.38
12.00404762	1169.8
12.00419048	1148.61
12.00437415	1134.26
12.00455102	1127.8
12.00484354	1120.09
12.005	1120.09
13.0	1258.55
13.000040816	1267.21
13.000122449	1286.18
13.000251701	1321.94
13.000292517	1360.24
13.000333333	1388.51
13.00037415	1418.99
13.000414966	1500.7
13.000462585	1565.51
13.000503401	1620.11
13.00052381	1690.07
13.000544218	2223.34
13.000585034	2335.32
13.00062585	2633.01
13.000639456	3030.34
13.000646259	3564.18
13.000659864	3709.61
13.000680272	4097.35
13.00070068	4494.69
13.000734694	5635.83
13.000755102	6126.11
13.00077551	6766.42
13.000789116	7976.63
13.000809524	8700.31
13.000829932	9034.65
13.000843537	11683.4
13.000863946	16783.5
13.000870748	18772.2
13.000891156	25998.4
13.000911565	34162.7
13.000931973	46936.5
13.000952381	65601.5
13.000972789	91062.3
13.0010068	112627.0
13.0010136	117491.0
13.00104082	122705.0
13.00105442	126405.0
13.00107483	128004.0
13.00111565	129623.0
13.00122449	128004.0
13.0012585	121172.0
13.00129252	118299.0
13.00133333	113402.0
13.00136735	96747.6
13.00140136	80674.4
13.00144218	66811.9
13.00147619	57720.9
13.0015102	45823.6
13.00155102	39138.7
13.00158503	33011.4
13.00161905	30300.2
13.00165986	25411.0
13.00169388	20781.7
13.00172789	18181.1
13.00176871	16107.1
13.00180272	14091.4
13.00183673	12714.3
13.00187075	10529.5
13.00191157	9435.59
13.00194558	8660.64
13.00197959	7913.08
13.00202041	7131.59
13.00205442	6390.67
13.00208843	5872.5
13.00212925	5262.39
13.00216327	4603.85
13.00219728	3954.75
13.00223809	3675.86
13.00227211	3256.53
13.00230612	2918.2
13.00238095	2524.01
13.0024898	2173.11
13.00256463	1971.97
13.00263265	1832.9
13.0027415	1674.69
13.00285034	1565.51
13.00295918	1481.96
13.00306803	1402.86
13.00321088	1344.79
13.00331973	1303.93
13.00342857	1273.02
13.00353742	1242.83
13.00361224	1227.31
13.00372109	1205.07
13.00386395	1191.38
13.00404762	1169.8
13.00419048	1148.61
13.00437415	1134.26
13.00455102	1127.8
13.00484354	1120.09
13.005	1120.09
14.0	1258.55
14.000040816	1267.21
14.000122449	1286.18
14.000251701	1321.94
14.000292517	1360.24
14.000333333	1388.51
14.00037415	1418.99
14.000414966	1500.7
14.000462585	1565.51
14.000503401	1620.11
14.00052381	1690.07
14.000544218	2223.34
14.000585034	2335.32
14.00062585	2633.01
14.000639456	3030.34
14.000646259	3564.18
14.000659864	3709.61
14.000680272	4097.35
14.00070068	4494.69
14.000734694	5635.83
14.000755102	6126.11
14.00077551	6766.42
14.000789116	7976.63
14.000809524	8700.31
14.000829932	9034.65
14.000843537	11683.4
14.000863946	16783.5
14.000870748	18772.2
14.000891156	25998.4
14.000911565	34162.7
14.000931973	46936.5
14.000952381	65601.5
14.000972789	91062.3
14.0010068	112627.0
14.0010136	117491.0
14.00104082	122705.0
14.00105442	126405.0
14.00107483	128004.0
14.00111565	129623.0
14.00122449	128004.0
14.0012585	121172.0
14.00129252	118299.0
14.00133333	113402.0
14.00136735	96747.6
14.00140136	80674.4
14.00144218	66811.9
14.00147619	57720.9
14.0015102	45823.6
14.00155102	39138.7
14.00158503	33011.4
14.00161905	30300.2
14.00165986	25411.0
14.00169388	20781.7
14.00172789	18181.1
14.00176871	16107.1
14.00180272	14091.4
14.00183673	12714.3
14.00187075	10529.5
14.00191157	9435.59
14.00194558	8660.64
14.00197959	7913.08
14.00202041	7131.59
14.00205442	6390.67
14.00208843	5872.5
14.00212925	5262.39
14.00216327	4603.85
14.00219728	3954.75
14.00223809	3675.86
14.00227211	3256.53
14.00230612	2918.2
14.00238095	2524.01
14.0024898	2173.11
14.00256463	1971.97
14.00263265	1832.9
14.0027415	1674.69
14.00285034	1565.51
14.00295918	1481.96
14.00306803	1402.86
14.00321088	1344.79
14.00331973	1303.93
14.00342857	1273.02
14.00353742	1242.83
14.00361224	1227.31
14.00372109	1205.07
14.00386395	1191.38
14.00404762	1169.8
14.00419048	1148.61
14.00437415	1134.26
14.00455102	1127.8
14.00484354	1120.09
14.005	1120.09
15.0	1258.55
15.000040816	1267.21
15.000122449	1286.18
15.000251701	1321.94
15.000292517	1360.24
15.000333333	1388.51
15.00037415	1418.99
15.000414966	1500.7
15.000462585	1565.51
15.000503401	1620.11
15.00052381	1690.07
15.000544218	2223.34
15.000585034	2335.32
15.00062585	2633.01
15.000639456	3030.34
15.000646259	3564.18
15.000659864	3709.61
15.000680272	4097.35
15.00070068	4494.69
15.000734694	5635.83
15.000755102	6126.11
15.00077551	6766.42
15.000789116	7976.63
15.000809524	8700.31
15.000829932	9034.65
15.000843537	11683.4
15.000863946	16783.5
15.000870748	18772.2
15.000891156	25998.4
15.000911565	34162.7
15.000931973	46936.5
15.000952381	65601.5
15.000972789	91062.3
15.0010068	112627.0
15.0010136	117491.0
15.00104082	122705.0
15.00105442	126405.0
15.00107483	128004.0
15.00111565	129623.0
15.00122449	128004.0
15.0012585	121172.0
15.00129252	118299.0
15.00133333	113402.0
15.00136735	96747.6
15.00140136	80674.4
15.00144218	66811.9
15.00147619	57720.9
15.0015102	45823.6
15.00155102	39138.7
15.00158503	33011.4
15.00161905	30300.2
15.00165986	25411.0
15.00169388	20781.7
15.00172789	18181.1
15.00176871	16107.1
15.00180272	14091.4
15.00183673	12714.3
15.00187075	10529.5
15.00191157	9435.59
15.00194558	8660.64
15.00197959	7913.08
15.00202041	7131.59
15.00205442	6390.67
15.00208843	5872.5
15.00212925	5262.39
15.00216327	4603.85
15.00219728	3954.75
15.00223809	3675.86
15.00227211	3256.53
15.00230612	2918.2
15.00238095	2524.01
15.0024898	2173.11
15.00256463	1971.97
15.00263265	1832.9
15.0027415	1674.69
15.00285034	1565.51
15.00295918	1481.96
15.00306803	1402.86
15.00321088	1344.79
15.00331973	1303.93
15.00342857	1273.02
15.00353742	1242.83
15.00361224	1227.31
15.00372109	1205.07
15.00386395	1191.38
15.00404762	1169.8
15.00419048	1148.61
15.00437415	1134.26
15.00455102	1127.8
15.00484354	1120.09
15.005	1120.09
16.0	1258.55
16.000040816	1267.21
16.000122449	1286.18
16.000251701	1321.94
16.000292517	1360.24
16.000333333	1388.51
16.00037415	1418.99
16.000414966	1500.7
16.000462585	1565.51
16.000503401	1620.11
16.00052381	1690.07
16.000544218	2223.34
16.000585034	2335.32
16.00062585	2633.01
16.000639456	3030.34
16.000646259	3564.18
16.000659864	3709.61
16.000680272	4097.35
16.00070068	4494.69
16.000734694	5635.83
16.000755102	6126.11
16.00077551	6766.42
16.000789116	7976.63
16.000809524	8700.31
16.000829932	9034.65
16.000843537	11683.4
16.000863946	16783.5
16.000870748	18772.2
16.000891156	25998.4
16.000911565	34162.7
16.000931973	46936.5
16.000952381	65601.5
16.000972789	91062.3
16.0010068	112627.0
16.0010136	117491.0
16.00104082	122705.0
16.00105442	126405.0
16.00107483	128004.0
16.00111565	129623.0
16.00122449	128004.0
16.0012585	121172.0
16.00129252	118299.0
16.00133333	113402.0
16.00136735	96747.6
16.00140136	80674.4
16.00144218	66811.9
16.00147619	57720.9
16.0015102	45823.6
16.00155102	39138.7
16.00158503	33011.4
16.00161905	30300.2
16.00165986	25411.0
16.00169388	20781.7
16.00172789	18181.1
16.00176871	16107.1
16.00180272	14091.4
16.00183673	12714.3
16.00187075	10529.5
16.00191157	9435.59
16.00194558	8660.64
16.00197959	7913.08
16.00202041	7131.59
16.00205442	6390.67
16.00208843	5872.5
16.00212925	5262.39
16.00216327	4603.85
16.00219728	3954.75
16.00223809	3675.86
16.00227211	3256.53
16.00230612	2918.2
16.00238095	2524.01
16.0024898	2173.11
16.00256463	1971.97
16.00263265	1832.9
16.0027415	1674.69
16.00285034	1565.51
16.00295918	1481.96
16.00306803	1402.86
16.00321088	1344.79
16.00331973	1303.93
16.00342857	1273.02
16.00353742	1242.83
16.00361224	1227.31
16.00372109	1205.07
16.00386395	1191.38
16.00404762	1169.8
16.00419048	1148.61
16.00437415	1134.26
16.00455102	1127.8
16.00484354	1120.09
16.005	1120.09
17.0	1258.55
17.000040816	1267.21
17.000122449	1286.18
17.000251701	1321.94
17.000292517	1360.24
17.000333333	1388.51
17.00037415	1418.99
17.000414966	1500.7
17.000462585	1565.51
17.000503401	1620.11
17.00052381	1690.07
17.000544218	2223.34
17.000585034	2335.32
17.00062585	2633.01
17.000639456	3030.34
17.000646259	3564.18
17.000659864	3709.61
17.000680272	4097.35
17.00070068	4494.69
17.000734694	5635.83
17.000755102	6126.11
17.00077551	6766.42
17.000789116	7976.63
17.000809524	8700.31
17.000829932	9034.65
17.000843537	11683.4
17.000863946	16783.5
17.000870748	18772.2
17.000891156	25998.4
17.000911565	34162.7
17.000931973	46936.5
17.000952381	65601.5
17.000972789	91062.3
17.0010068	112627.0
17.0010136	117491.0
17.00104082	122705.0
17.00105442	126405.0
17.00107483	128004.0
17.00111565	129623.0
17.00122449	128004.0
17.0012585	121172.0
17.00129252	118299.0
17.00133333	113402.0
17.00136735	96747.6
17.00140136	80674.4
17.00144218	66811.9
17.00147619	57720.9
17.0015102	45823.6
17.00155102	39138.7
17.00158503	33011.4
17.00161905	30300.2
17.00165986	25411.0
17.00169388	20781.7
17.00172789	18181.1
17.00176871	16107.1
17.00180272	14091.4
17.00183673	12714.3
17.00187075	10529.5
17.00191157	9435.59
17.00194558	8660.64
17.00197959	7913.08
17.00202041	7131.59
17.00205442	6390.67
17.00208843	5872.5
17.00212925	5262.39
17.00216327	4603.85
17.00219728	3954.75
17.00223809	3675.86
17.00227211	3256.53
17.00230612	2918.2
17.00238095	2524.01
17.0024898	2173.11
17.00256463	1971.97
17.00263265	1832.9
17.0027415	1674.69
17.00285034	1565.51
17.00295918	1481.96
17.00306803	1402.86
17.00321088	1344.79
17.00331973	1303.93
17.00342857	1273.02
17.00353742	1242.83
17.00361224	1227.31
17.00372109	1205.07
17.00386395	1191.38
17.00404762	1169.8
17.00419048	1148.61
17.00437415	1134.26
17.00455102	1127.8
17.00484354	1120.09
17.005	1120.09
18.0	1258.55
18.000040816	1267.21
18.000122449	1286.18
18.000251701	1321.94
18.000292517	1360.24
18.000333333	1388.51
18.00037415	1418.99
18.000414966	1500.7
18.000462585	1565.51
18.000503401	1620.11
18.00052381	1690.07
18.000544218	2223.34
18.000585034	2335.32
18.00062585	2633.01
18.000639456	3030.34
18.000646259	3564.18
18.000659864	3709.61
18.000680272	4097.35
18.00070068	4494.69
18.000734694	5635.83
18.000755102	6126.11
18.00077551	6766.42
18.000789116	7976.63
18.000809524	8700.31
18.000829932	9034.65
18.000843537	11683.4
18.000863946	16783.5
18.000870748	18772.2
18.000891156	25998.4
18.000911565	34162.7
18.000931973	46936.5
18.000952381	65601.5
18.000972789	91062.3
18.0010068	112627.0
18.0010136	117491.0
18.00104082	122705.0
18.00105442	126405.0
18.00107483	128004.0
18.00111565	129623.0
18.00122449	128004.0
18.0012585	121172.0
18.00129252	118299.0
18.00133333	113402.0
18.00136735	96747.6
18.00140136	80674.4
18.00144218	66811.9
18.00147619	57720.9
18.0015102	45823.6
18.00155102	39138.7
18.00158503	33011.4
18.00161905	30300.2
18.00165986	25411.0
18.00169388	20781.7
18.00172789	18181.1
18.00176871	16107.1
18.00180272	14091.4
18.00183673	12714.3
18.00187075	10529.5
18.00191157	9435.59
18.00194558	8660.64
18.00197959	7913.08
18.00202041	7131.59
18.00205442	6390.67
18.00208843	5872.5
18.00212925	5262.39
18.00216327	4603.85
18.00219728	3954.75
18.00223809	3675.86
18.00227211	3256.53
18.00230612	2918.2
18.00238095	2524.01
18.0024898	2173.11
18.00256463	1971.97
18.00263265	1832.9
18.0027415	1674.69
18.00285034	1565.51
18.00295918	1481.96
18.00306803	1402.86
18.00321088	1344.79
18.00331973	1303.93
18.00342857	1273.02
18.00353742	1242.83
18.00361224	1227.31
18.00372109	1205.07
18.00386395	1191.38
18.00404762	1169.8
18.00419048	1148.61
18.00437415	1134.26
18.00455102	1127.8
18.00484354	1120.09
18.005	1120.09
19.0	1258.55
19.000040816	1267.21
19.000122449	1286.18
19.000251701	1321.94
19.000292517	1360.24
19.000333333	1388.51
19.00037415	1418.99
19.000414966	1500.7
19.000462585	1565.51
19.000503401	1620.11
19.00052381	1690.07
19.000544218	2223.34
19.000585034	2335.32
19.00062585	2633.01
19.000639456	3030.34
19.000646259	3564.18
19.000659864	3709.61
19.000680272	4097.35
19.00070068	4494.69
19.000734694	5635.83
19.000755102	6126.11
19.00077551	6766.42
19.000789116	7976.63
19.000809524	8700.31
19.000829932	9034.65
19.000843537	11683.4
19.000863946	16783.5
19.000870748	18772.2
19.000891156	25998.4
19.000911565	34162.7
19.000931973	46936.5
19.000952381	65601.5
19.000972789	91062.3
19.0010068	112627.0
19.0010136	117491.0
19.00104082	122705.0
19.00105442	126405.0
19.00107483	128004.0
19.00111565	129623.0
19.00122449	128004.0
19.0012585	121172.0
19.00129252	118299.0
19.00133333	113402.0
19.00136735	96747.6
19.00140136	80674.4
19.00144218	66811.9
19.00147619	57720.9
19.0015102	45823.6
19.00155102	39138.7
19.00158503	33011.4
19.00161905	30300.2
19.00165986	25411.0
19.00169388	20781.7
19.00172789	18181.1
19.00176871	16107.1
19.00180272	14091.4
19.00183673	12714.3
19.00187075	10529.5
19.00191157	9435.59
19.00194558	8660.64
19.00197959	7913.08
19.00202041	7131.59
19.00205442	6390.67
19.00208843	5872.5
19.00212925	5262.39
19.00216327	4603.85
19.00219728	3954.75
19.00223809	3675.86
19.00227211	3256.53
19.00230612	2918.2
19.00238095	2524.01
19.0024898	2173.11
19.00256463	1971.97
19.00263265	1832.9
19.0027415	1674.69
19.00285034	1565.51
19.00295918	1481.96
19.00306803	1402.86
19.00321088	1344.79
19.00331973	1303.93
19.00342857	1273.02
19.00353742	1242.83
19.00361224	1227.31
19.00372109	1205.07
19.00386395	1191.38
19.00404762	1169.8
19.00419048	1148.61
19.00437415	1134.26
19.00455102	1127.8
19.00484354	1120.09
19.005	1120.09
