0.0	980.099
4.0816e-05	983.736
0.000122449	991.663
0.000251701	1006.47
0.000292517	1022.12
0.000333333	1033.54
0.00037415	1045.74
0.000414966	1077.86
0.000462585	1102.76
0.000503401	1123.38
0.00052381	1149.33
0.000544218	1332.89
0.000585034	1368.75
0.00062585	1460.42
0.000639456	1575.64
0.000646259	1720.0
0.000659864	1757.57
0.000680272	1854.56
0.00070068	1949.66
0.000734694	2203.16
0.000755102	2304.73
0.00077551	2431.9
0.000789116	2658.01
0.000809524	2785.69
0.000829932	2843.03
0.000843537	3266.7
0.000863946	3972.87
0.000870748	4220.66
0.000891156	5032.63
0.000911565	5832.79
0.000931973	6924.92
0.000952381	8298.02
0.000972789	9906.62
0.0010068	11112.1
0.0010136	11368.9
0.00104082	11638.7
0.00105442	11827.1
0.00107483	11907.7
0.00111565	11988.8
0.00122449	11907.7
0.0012585	11560.0
0.00129252	11411.1
0.00133333	11153.3
0.00136735	10236.1
0.00140136	9279.07
0.00144218	8380.39
0.00147619	7743.63
0.0015102	6835.71
0.00155102	6277.45
0.00158503	5725.75
0.00161905	5466.68
0.00165986	4970.87
0.00169388	4459.06
0.00172789	4148.32
0.00176871	3885.54
0.00180272	3614.77
0.00183673	3419.4
0.00187075	3088.23
0.00191157	2910.52
0.00194558	2778.82
0.00197959	2646.54
0.00202041	2501.96
0.00205442	2357.98
0.00208843	2252.68
0.00212925	2123.05
0.00216327	1975.1
0.00219728	1819.4
0.00223809	1748.92
0.00227211	1638.13
0.00230612	1543.86
0.00238095	1427.44
0.0024898	1316.53
0.00256463	1249.23
0.00263265	1200.83
0.0027415	1143.67
0.00285034	1102.76
0.00295918	1070.56
0.00306803	1039.3
0.00321088	1015.83
0.00331973	999.037
0.00342857	986.168
0.00353742	973.465
0.00361224	966.877
0.00372109	957.373
0.00386395	951.48
0.00404762	942.128
0.00419048	932.867
0.00437415	926.554
0.00455102	923.698
0.00484354	920.283
0.005	920.283
0.05	980.099
0.050040816	983.736
0.050122449	991.663
0.050251701	1006.47
0.050292517	1022.12
0.050333333	1033.54
0.05037415	1045.74
0.050414966	1077.86
0.050462585	1102.76
0.050503401	1123.38
0.05052381	1149.33
0.050544218	1332.89
0.050585034	1368.75
0.05062585	1460.42
0.050639456	1575.64
0.050646259	1720.0
0.050659864	1757.57
0.050680272	1854.56
0.05070068	1949.66
0.050734694	2203.16
0.050755102	2304.73
0.05077551	2431.9
0.050789116	2658.01
0.050809524	2785.69
0.050829932	2843.03
0.050843537	3266.7
0.050863946	3972.87
0.050870748	4220.66
0.050891156	5032.63
0.050911565	5832.79
0.050931973	6924.92
0.050952381	8298.02
0.050972789	9906.62
0.0510068	11112.1
0.0510136	11368.9
0.05104082	11638.7
0.05105442	11827.1
0.05107483	11907.7
0.05111565	11988.8
0.05122449	11907.7
0.0512585	11560.0
0.05129252	11411.1
0.05133333	11153.3
0.05136735	10236.1
0.05140136	9279.07
0.05144218	8380.39
0.05147619	7743.63
0.0515102	6835.71
0.05155102	6277.45
0.05158503	5725.75
0.05161905	5466.68
0.05165986	4970.87
0.05169388	4459.06
0.05172789	4148.32
0.05176871	3885.54
0.05180272	3614.77
0.05183673	3419.4
0.05187075	3088.23
0.05191157	2910.52
0.05194558	2778.82
0.05197959	2646.54
0.05202041	2501.96
0.05205442	2357.98
0.05208843	2252.68
0.05212925	2123.05
0.05216327	1975.1
0.05219728	1819.4
0.05223809	1748.92
0.05227211	1638.13
0.05230612	1543.86
0.05238095	1427.44
0.0524898	1316.53
0.05256463	1249.23
0.05263265	1200.83
0.0527415	1143.67
0.05285034	1102.76
0.05295918	1070.56
0.05306803	1039.3
0.05321088	1015.83
0.05331973	999.037
0.05342857	986.168
0.05353742	973.465
0.05361224	966.877
0.05372109	957.373
0.05386395	951.48
0.05404762	942.128
0.05419048	932.867
0.05437415	926.554
0.05455102	923.698
0.05484354	920.283
0.055	920.283
0.1	980.099
0.100040816	983.736
0.100122449	991.663
0.100251701	1006.47
0.100292517	1022.12
0.100333333	1033.54
0.10037415	1045.74
0.100414966	1077.86
0.100462585	1102.76
0.100503401	1123.38
0.10052381	1149.33
0.100544218	1332.89
0.100585034	1368.75
0.10062585	1460.42
0.100639456	1575.64
0.100646259	1720.0
0.100659864	1757.57
0.100680272	1854.56
0.10070068	1949.66
0.100734694	2203.16
0.100755102	2304.73
0.10077551	2431.9
0.100789116	2658.01
0.100809524	2785.69
0.100829932	2843.03
0.100843537	3266.7
0.100863946	3972.87
0.100870748	4220.66
0.100891156	5032.63
0.100911565	5832.79
0.100931973	6924.92
0.100952381	8298.02
0.100972789	9906.62
0.1010068	11112.1
0.1010136	11368.9
0.10104082	11638.7
0.10105442	11827.1
0.10107483	11907.7
0.10111565	11988.8
0.10122449	11907.7
0.1012585	11560.0
0.10129252	11411.1
0.10133333	11153.3
0.10136735	10236.1
0.10140136	9279.07
0.10144218	8380.39
0.10147619	7743.63
0.1015102	6835.71
0.10155102	6277.45
0.10158503	5725.75
0.10161905	5466.68
0.10165986	4970.87
0.10169388	4459.06
0.10172789	4148.32
0.10176871	3885.54
0.10180272	3614.77
0.10183673	3419.4
0.10187075	3088.23
0.10191157	2910.52
0.10194558	2778.82
0.10197959	2646.54
0.10202041	2501.96
0.10205442	2357.98
0.10208843	2252.68
0.10212925	2123.05
0.10216327	1975.1
0.10219728	1819.4
0.10223809	1748.92
0.10227211	1638.13
0.10230612	1543.86
0.10238095	1427.44
0.1024898	1316.53
0.10256463	1249.23
0.10263265	1200.83
0.1027415	1143.67
0.10285034	1102.76
0.10295918	1070.56
0.10306803	1039.3
0.10321088	1015.83
0.10331973	999.037
0.10342857	986.168
0.10353742	973.465
0.10361224	966.877
0.10372109	957.373
0.10386395	951.48
0.10404762	942.128
0.10419048	932.867
0.10437415	926.554
0.10455102	923.698
0.10484354	920.283
0.105	920.283
0.15	980.099
0.150040816	983.736
0.150122449	991.663
0.150251701	1006.47
0.150292517	1022.12
0.150333333	1033.54
0.15037415	1045.74
0.150414966	1077.86
0.150462585	1102.76
0.150503401	1123.38
0.15052381	1149.33
0.150544218	1332.89
0.150585034	1368.75
0.15062585	1460.42
0.150639456	1575.64
0.150646259	1720.0
0.150659864	1757.57
0.150680272	1854.56
0.15070068	1949.66
0.150734694	2203.16
0.150755102	2304.73
0.15077551	2431.9
0.150789116	2658.01
0.150809524	2785.69
0.150829932	2843.03
0.150843537	3266.7
0.150863946	3972.87
0.150870748	4220.66
0.150891156	5032.63
0.150911565	5832.79
0.150931973	6924.92
0.150952381	8298.02
0.150972789	9906.62
0.1510068	11112.1
0.1510136	11368.9
0.15104082	11638.7
0.15105442	11827.1
0.15107483	11907.7
0.15111565	11988.8
0.15122449	11907.7
0.1512585	11560.0
0.15129252	11411.1
0.15133333	11153.3
0.15136735	10236.1
0.15140136	9279.07
0.15144218	8380.39
0.15147619	7743.63
0.1515102	6835.71
0.15155102	6277.45
0.15158503	5725.75
0.15161905	5466.68
0.15165986	4970.87
0.15169388	4459.06
0.15172789	4148.32
0.15176871	3885.54
0.15180272	3614.77
0.15183673	3419.4
0.15187075	3088.23
0.15191157	2910.52
0.15194558	2778.82
0.15197959	2646.54
0.15202041	2501.96
0.15205442	2357.98
0.15208843	2252.68
0.15212925	2123.05
0.15216327	1975.1
0.15219728	1819.4
0.15223809	1748.92
0.15227211	1638.13
0.15230612	1543.86
0.15238095	1427.44
0.1524898	1316.53
0.15256463	1249.23
0.15263265	1200.83
0.1527415	1143.67
0.15285034	1102.76
0.15295918	1070.56
0.15306803	1039.3
0.15321088	1015.83
0.15331973	999.037
0.15342857	986.168
0.15353742	973.465
0.15361224	966.877
0.15372109	957.373
0.15386395	951.48
0.15404762	942.128
0.15419048	932.867
0.15437415	926.554
0.15455102	923.698
0.15484354	920.283
0.155	920.283
0.2	980.099
0.200040816	983.736
0.200122449	991.663
0.200251701	1006.47
0.200292517	1022.12
0.200333333	1033.54
0.20037415	1045.74
0.200414966	1077.86
0.200462585	1102.76
0.200503401	1123.38
0.20052381	1149.33
0.200544218	1332.89
0.200585034	1368.75
0.20062585	1460.42
0.200639456	1575.64
0.200646259	1720.0
0.200659864	1757.57
0.200680272	1854.56
0.20070068	1949.66
0.200734694	2203.16
0.200755102	2304.73
0.20077551	2431.9
0.200789116	2658.01
0.200809524	2785.69
0.200829932	2843.03
0.200843537	3266.7
0.200863946	3972.87
0.200870748	4220.66
0.200891156	5032.63
0.200911565	5832.79
0.200931973	6924.92
0.200952381	8298.02
0.200972789	9906.62
0.2010068	11112.1
0.2010136	11368.9
0.20104082	11638.7
0.20105442	11827.1
0.20107483	11907.7
0.20111565	11988.8
0.20122449	11907.7
0.2012585	11560.0
0.20129252	11411.1
0.20133333	11153.3
0.20136735	10236.1
0.20140136	9279.07
0.20144218	8380.39
0.20147619	7743.63
0.2015102	6835.71
0.20155102	6277.45
0.20158503	5725.75
0.20161905	5466.68
0.20165986	4970.87
0.20169388	4459.06
0.20172789	4148.32
0.20176871	3885.54
0.20180272	3614.77
0.20183673	3419.4
0.20187075	3088.23
0.20191157	2910.52
0.20194558	2778.82
0.20197959	2646.54
0.20202041	2501.96
0.20205442	2357.98
0.20208843	2252.68
0.20212925	2123.05
0.20216327	1975.1
0.20219728	1819.4
0.20223809	1748.92
0.20227211	1638.13
0.20230612	1543.86
0.20238095	1427.44
0.2024898	1316.53
0.20256463	1249.23
0.20263265	1200.83
0.2027415	1143.67
0.20285034	1102.76
0.20295918	1070.56
0.20306803	1039.3
0.20321088	1015.83
0.20331973	999.037
0.20342857	986.168
0.20353742	973.465
0.20361224	966.877
0.20372109	957.373
0.20386395	951.48
0.20404762	942.128
0.20419048	932.867
0.20437415	926.554
0.20455102	923.698
0.20484354	920.283
0.205	920.283
0.25	980.099
0.250040816	983.736
0.250122449	991.663
0.250251701	1006.47
0.250292517	1022.12
0.250333333	1033.54
0.25037415	1045.74
0.250414966	1077.86
0.250462585	1102.76
0.250503401	1123.38
0.25052381	1149.33
0.250544218	1332.89
0.250585034	1368.75
0.25062585	1460.42
0.250639456	1575.64
0.250646259	1720.0
0.250659864	1757.57
0.250680272	1854.56
0.25070068	1949.66
0.250734694	2203.16
0.250755102	2304.73
0.25077551	2431.9
0.250789116	2658.01
0.250809524	2785.69
0.250829932	2843.03
0.250843537	3266.7
0.250863946	3972.87
0.250870748	4220.66
0.250891156	5032.63
0.250911565	5832.79
0.250931973	6924.92
0.250952381	8298.02
0.250972789	9906.62
0.2510068	11112.1
0.2510136	11368.9
0.25104082	11638.7
0.25105442	11827.1
0.25107483	11907.7
0.25111565	11988.8
0.25122449	11907.7
0.2512585	11560.0
0.25129252	11411.1
0.25133333	11153.3
0.25136735	10236.1
0.25140136	9279.07
0.25144218	8380.39
0.25147619	7743.63
0.2515102	6835.71
0.25155102	6277.45
0.25158503	5725.75
0.25161905	5466.68
0.25165986	4970.87
0.25169388	4459.06
0.25172789	4148.32
0.25176871	3885.54
0.25180272	3614.77
0.25183673	3419.4
0.25187075	3088.23
0.25191157	2910.52
0.25194558	2778.82
0.25197959	2646.54
0.25202041	2501.96
0.25205442	2357.98
0.25208843	2252.68
0.25212925	2123.05
0.25216327	1975.1
0.25219728	1819.4
0.25223809	1748.92
0.25227211	1638.13
0.25230612	1543.86
0.25238095	1427.44
0.2524898	1316.53
0.25256463	1249.23
0.25263265	1200.83
0.2527415	1143.67
0.25285034	1102.76
0.25295918	1070.56
0.25306803	1039.3
0.25321088	1015.83
0.25331973	999.037
0.25342857	986.168
0.25353742	973.465
0.25361224	966.877
0.25372109	957.373
0.25386395	951.48
0.25404762	942.128
0.25419048	932.867
0.25437415	926.554
0.25455102	923.698
0.25484354	920.283
0.255	920.283
0.3	980.099
0.300040816	983.736
0.300122449	991.663
0.300251701	1006.47
0.300292517	1022.12
0.300333333	1033.54
0.30037415	1045.74
0.300414966	1077.86
0.300462585	1102.76
0.300503401	1123.38
0.30052381	1149.33
0.300544218	1332.89
0.300585034	1368.75
0.30062585	1460.42
0.300639456	1575.64
0.300646259	1720.0
0.300659864	1757.57
0.300680272	1854.56
0.30070068	1949.66
0.300734694	2203.16
0.300755102	2304.73
0.30077551	2431.9
0.300789116	2658.01
0.300809524	2785.69
0.300829932	2843.03
0.300843537	3266.7
0.300863946	3972.87
0.300870748	4220.66
0.300891156	5032.63
0.300911565	5832.79
0.300931973	6924.92
0.300952381	8298.02
0.300972789	9906.62
0.3010068	11112.1
0.3010136	11368.9
0.30104082	11638.7
0.30105442	11827.1
0.30107483	11907.7
0.30111565	11988.8
0.30122449	11907.7
0.3012585	11560.0
0.30129252	11411.1
0.30133333	11153.3
0.30136735	10236.1
0.30140136	9279.07
0.30144218	8380.39
0.30147619	7743.63
0.3015102	6835.71
0.30155102	6277.45
0.30158503	5725.75
0.30161905	5466.68
0.30165986	4970.87
0.30169388	4459.06
0.30172789	4148.32
0.30176871	3885.54
0.30180272	3614.77
0.30183673	3419.4
0.30187075	3088.23
0.30191157	2910.52
0.30194558	2778.82
0.30197959	2646.54
0.30202041	2501.96
0.30205442	2357.98
0.30208843	2252.68
0.30212925	2123.05
0.30216327	1975.1
0.30219728	1819.4
0.30223809	1748.92
0.30227211	1638.13
0.30230612	1543.86
0.30238095	1427.44
0.3024898	1316.53
0.30256463	1249.23
0.30263265	1200.83
0.3027415	1143.67
0.30285034	1102.76
0.30295918	1070.56
0.30306803	1039.3
0.30321088	1015.83
0.30331973	999.037
0.30342857	986.168
0.30353742	973.465
0.30361224	966.877
0.30372109	957.373
0.30386395	951.48
0.30404762	942.128
0.30419048	932.867
0.30437415	926.554
0.30455102	923.698
0.30484354	920.283
0.305	920.283
0.35	980.099
0.350040816	983.736
0.350122449	991.663
0.350251701	1006.47
0.350292517	1022.12
0.350333333	1033.54
0.35037415	1045.74
0.350414966	1077.86
0.350462585	1102.76
0.350503401	1123.38
0.35052381	1149.33
0.350544218	1332.89
0.350585034	1368.75
0.35062585	1460.42
0.350639456	1575.64
0.350646259	1720.0
0.350659864	1757.57
0.350680272	1854.56
0.35070068	1949.66
0.350734694	2203.16
0.350755102	2304.73
0.35077551	2431.9
0.350789116	2658.01
0.350809524	2785.69
0.350829932	2843.03
0.350843537	3266.7
0.350863946	3972.87
0.350870748	4220.66
0.350891156	5032.63
0.350911565	5832.79
0.350931973	6924.92
0.350952381	8298.02
0.350972789	9906.62
0.3510068	11112.1
0.3510136	11368.9
0.35104082	11638.7
0.35105442	11827.1
0.35107483	11907.7
0.35111565	11988.8
0.35122449	11907.7
0.3512585	11560.0
0.35129252	11411.1
0.35133333	11153.3
0.35136735	10236.1
0.35140136	9279.07
0.35144218	8380.39
0.35147619	7743.63
0.3515102	6835.71
0.35155102	6277.45
0.35158503	5725.75
0.35161905	5466.68
0.35165986	4970.87
0.35169388	4459.06
0.35172789	4148.32
0.35176871	3885.54
0.35180272	3614.77
0.35183673	3419.4
0.35187075	3088.23
0.35191157	2910.52
0.35194558	2778.82
0.35197959	2646.54
0.35202041	2501.96
0.35205442	2357.98
0.35208843	2252.68
0.35212925	2123.05
0.35216327	1975.1
0.35219728	1819.4
0.35223809	1748.92
0.35227211	1638.13
0.35230612	1543.86
0.35238095	1427.44
0.3524898	1316.53
0.35256463	1249.23
0.35263265	1200.83
0.3527415	1143.67
0.35285034	1102.76
0.35295918	1070.56
0.35306803	1039.3
0.35321088	1015.83
0.35331973	999.037
0.35342857	986.168
0.35353742	973.465
0.35361224	966.877
0.35372109	957.373
0.35386395	951.48
0.35404762	942.128
0.35419048	932.867
0.35437415	926.554
0.35455102	923.698
0.35484354	920.283
0.355	920.283
0.4	980.099
0.400040816	983.736
0.400122449	991.663
0.400251701	1006.47
0.400292517	1022.12
0.400333333	1033.54
0.40037415	1045.74
0.400414966	1077.86
0.400462585	1102.76
0.400503401	1123.38
0.40052381	1149.33
0.400544218	1332.89
0.400585034	1368.75
0.40062585	1460.42
0.400639456	1575.64
0.400646259	1720.0
0.400659864	1757.57
0.400680272	1854.56
0.40070068	1949.66
0.400734694	2203.16
0.400755102	2304.73
0.40077551	2431.9
0.400789116	2658.01
0.400809524	2785.69
0.400829932	2843.03
0.400843537	3266.7
0.400863946	3972.87
0.400870748	4220.66
0.400891156	5032.63
0.400911565	5832.79
0.400931973	6924.92
0.400952381	8298.02
0.400972789	9906.62
0.4010068	11112.1
0.4010136	11368.9
0.40104082	11638.7
0.40105442	11827.1
0.40107483	11907.7
0.40111565	11988.8
0.40122449	11907.7
0.4012585	11560.0
0.40129252	11411.1
0.40133333	11153.3
0.40136735	10236.1
0.40140136	9279.07
0.40144218	8380.39
0.40147619	7743.63
0.4015102	6835.71
0.40155102	6277.45
0.40158503	5725.75
0.40161905	5466.68
0.40165986	4970.87
0.40169388	4459.06
0.40172789	4148.32
0.40176871	3885.54
0.40180272	3614.77
0.40183673	3419.4
0.40187075	3088.23
0.40191157	2910.52
0.40194558	2778.82
0.40197959	2646.54
0.40202041	2501.96
0.40205442	2357.98
0.40208843	2252.68
0.40212925	2123.05
0.40216327	1975.1
0.40219728	1819.4
0.40223809	1748.92
0.40227211	1638.13
0.40230612	1543.86
0.40238095	1427.44
0.4024898	1316.53
0.40256463	1249.23
0.40263265	1200.83
0.4027415	1143.67
0.40285034	1102.76
0.40295918	1070.56
0.40306803	1039.3
0.40321088	1015.83
0.40331973	999.037
0.40342857	986.168
0.40353742	973.465
0.40361224	966.877
0.40372109	957.373
0.40386395	951.48
0.40404762	942.128
0.40419048	932.867
0.40437415	926.554
0.40455102	923.698
0.40484354	920.283
0.405	920.283
0.45	980.099
0.450040816	983.736
0.450122449	991.663
0.450251701	1006.47
0.450292517	1022.12
0.450333333	1033.54
0.45037415	1045.74
0.450414966	1077.86
0.450462585	1102.76
0.450503401	1123.38
0.45052381	1149.33
0.450544218	1332.89
0.450585034	1368.75
0.45062585	1460.42
0.450639456	1575.64
0.450646259	1720.0
0.450659864	1757.57
0.450680272	1854.56
0.45070068	1949.66
0.450734694	2203.16
0.450755102	2304.73
0.45077551	2431.9
0.450789116	2658.01
0.450809524	2785.69
0.450829932	2843.03
0.450843537	3266.7
0.450863946	3972.87
0.450870748	4220.66
0.450891156	5032.63
0.450911565	5832.79
0.450931973	6924.92
0.450952381	8298.02
0.450972789	9906.62
0.4510068	11112.1
0.4510136	11368.9
0.45104082	11638.7
0.45105442	11827.1
0.45107483	11907.7
0.45111565	11988.8
0.45122449	11907.7
0.4512585	11560.0
0.45129252	11411.1
0.45133333	11153.3
0.45136735	10236.1
0.45140136	9279.07
0.45144218	8380.39
0.45147619	7743.63
0.4515102	6835.71
0.45155102	6277.45
0.45158503	5725.75
0.45161905	5466.68
0.45165986	4970.87
0.45169388	4459.06
0.45172789	4148.32
0.45176871	3885.54
0.45180272	3614.77
0.45183673	3419.4
0.45187075	3088.23
0.45191157	2910.52
0.45194558	2778.82
0.45197959	2646.54
0.45202041	2501.96
0.45205442	2357.98
0.45208843	2252.68
0.45212925	2123.05
0.45216327	1975.1
0.45219728	1819.4
0.45223809	1748.92
0.45227211	1638.13
0.45230612	1543.86
0.45238095	1427.44
0.4524898	1316.53
0.45256463	1249.23
0.45263265	1200.83
0.4527415	1143.67
0.45285034	1102.76
0.45295918	1070.56
0.45306803	1039.3
0.45321088	1015.83
0.45331973	999.037
0.45342857	986.168
0.45353742	973.465
0.45361224	966.877
0.45372109	957.373
0.45386395	951.48
0.45404762	942.128
0.45419048	932.867
0.45437415	926.554
0.45455102	923.698
0.45484354	920.283
0.455	920.283
0.5	980.099
0.500040816	983.736
0.500122449	991.663
0.500251701	1006.47
0.500292517	1022.12
0.500333333	1033.54
0.50037415	1045.74
0.500414966	1077.86
0.500462585	1102.76
0.500503401	1123.38
0.50052381	1149.33
0.500544218	1332.89
0.500585034	1368.75
0.50062585	1460.42
0.500639456	1575.64
0.500646259	1720.0
0.500659864	1757.57
0.500680272	1854.56
0.50070068	1949.66
0.500734694	2203.16
0.500755102	2304.73
0.50077551	2431.9
0.500789116	2658.01
0.500809524	2785.69
0.500829932	2843.03
0.500843537	3266.7
0.500863946	3972.87
0.500870748	4220.66
0.500891156	5032.63
0.500911565	5832.79
0.500931973	6924.92
0.500952381	8298.02
0.500972789	9906.62
0.5010068	11112.1
0.5010136	11368.9
0.50104082	11638.7
0.50105442	11827.1
0.50107483	11907.7
0.50111565	11988.8
0.50122449	11907.7
0.5012585	11560.0
0.50129252	11411.1
0.50133333	11153.3
0.50136735	10236.1
0.50140136	9279.07
0.50144218	8380.39
0.50147619	7743.63
0.5015102	6835.71
0.50155102	6277.45
0.50158503	5725.75
0.50161905	5466.68
0.50165986	4970.87
0.50169388	4459.06
0.50172789	4148.32
0.50176871	3885.54
0.50180272	3614.77
0.50183673	3419.4
0.50187075	3088.23
0.50191157	2910.52
0.50194558	2778.82
0.50197959	2646.54
0.50202041	2501.96
0.50205442	2357.98
0.50208843	2252.68
0.50212925	2123.05
0.50216327	1975.1
0.50219728	1819.4
0.50223809	1748.92
0.50227211	1638.13
0.50230612	1543.86
0.50238095	1427.44
0.5024898	1316.53
0.50256463	1249.23
0.50263265	1200.83
0.5027415	1143.67
0.50285034	1102.76
0.50295918	1070.56
0.50306803	1039.3
0.50321088	1015.83
0.50331973	999.037
0.50342857	986.168
0.50353742	973.465
0.50361224	966.877
0.50372109	957.373
0.50386395	951.48
0.50404762	942.128
0.50419048	932.867
0.50437415	926.554
0.50455102	923.698
0.50484354	920.283
0.505	920.283
0.55	980.099
0.550040816	983.736
0.550122449	991.663
0.550251701	1006.47
0.550292517	1022.12
0.550333333	1033.54
0.55037415	1045.74
0.550414966	1077.86
0.550462585	1102.76
0.550503401	1123.38
0.55052381	1149.33
0.550544218	1332.89
0.550585034	1368.75
0.55062585	1460.42
0.550639456	1575.64
0.550646259	1720.0
0.550659864	1757.57
0.550680272	1854.56
0.55070068	1949.66
0.550734694	2203.16
0.550755102	2304.73
0.55077551	2431.9
0.550789116	2658.01
0.550809524	2785.69
0.550829932	2843.03
0.550843537	3266.7
0.550863946	3972.87
0.550870748	4220.66
0.550891156	5032.63
0.550911565	5832.79
0.550931973	6924.92
0.550952381	8298.02
0.550972789	9906.62
0.5510068	11112.1
0.5510136	11368.9
0.55104082	11638.7
0.55105442	11827.1
0.55107483	11907.7
0.55111565	11988.8
0.55122449	11907.7
0.5512585	11560.0
0.55129252	11411.1
0.55133333	11153.3
0.55136735	10236.1
0.55140136	9279.07
0.55144218	8380.39
0.55147619	7743.63
0.5515102	6835.71
0.55155102	6277.45
0.55158503	5725.75
0.55161905	5466.68
0.55165986	4970.87
0.55169388	4459.06
0.55172789	4148.32
0.55176871	3885.54
0.55180272	3614.77
0.55183673	3419.4
0.55187075	3088.23
0.55191157	2910.52
0.55194558	2778.82
0.55197959	2646.54
0.55202041	2501.96
0.55205442	2357.98
0.55208843	2252.68
0.55212925	2123.05
0.55216327	1975.1
0.55219728	1819.4
0.55223809	1748.92
0.55227211	1638.13
0.55230612	1543.86
0.55238095	1427.44
0.5524898	1316.53
0.55256463	1249.23
0.55263265	1200.83
0.5527415	1143.67
0.55285034	1102.76
0.55295918	1070.56
0.55306803	1039.3
0.55321088	1015.83
0.55331973	999.037
0.55342857	986.168
0.55353742	973.465
0.55361224	966.877
0.55372109	957.373
0.55386395	951.48
0.55404762	942.128
0.55419048	932.867
0.55437415	926.554
0.55455102	923.698
0.55484354	920.283
0.555	920.283
0.6	980.099
0.600040816	983.736
0.600122449	991.663
0.600251701	1006.47
0.600292517	1022.12
0.600333333	1033.54
0.60037415	1045.74
0.600414966	1077.86
0.600462585	1102.76
0.600503401	1123.38
0.60052381	1149.33
0.600544218	1332.89
0.600585034	1368.75
0.60062585	1460.42
0.600639456	1575.64
0.600646259	1720.0
0.600659864	1757.57
0.600680272	1854.56
0.60070068	1949.66
0.600734694	2203.16
0.600755102	2304.73
0.60077551	2431.9
0.600789116	2658.01
0.600809524	2785.69
0.600829932	2843.03
0.600843537	3266.7
0.600863946	3972.87
0.600870748	4220.66
0.600891156	5032.63
0.600911565	5832.79
0.600931973	6924.92
0.600952381	8298.02
0.600972789	9906.62
0.6010068	11112.1
0.6010136	11368.9
0.60104082	11638.7
0.60105442	11827.1
0.60107483	11907.7
0.60111565	11988.8
0.60122449	11907.7
0.6012585	11560.0
0.60129252	11411.1
0.60133333	11153.3
0.60136735	10236.1
0.60140136	9279.07
0.60144218	8380.39
0.60147619	7743.63
0.6015102	6835.71
0.60155102	6277.45
0.60158503	5725.75
0.60161905	5466.68
0.60165986	4970.87
0.60169388	4459.06
0.60172789	4148.32
0.60176871	3885.54
0.60180272	3614.77
0.60183673	3419.4
0.60187075	3088.23
0.60191157	2910.52
0.60194558	2778.82
0.60197959	2646.54
0.60202041	2501.96
0.60205442	2357.98
0.60208843	2252.68
0.60212925	2123.05
0.60216327	1975.1
0.60219728	1819.4
0.60223809	1748.92
0.60227211	1638.13
0.60230612	1543.86
0.60238095	1427.44
0.6024898	1316.53
0.60256463	1249.23
0.60263265	1200.83
0.6027415	1143.67
0.60285034	1102.76
0.60295918	1070.56
0.60306803	1039.3
0.60321088	1015.83
0.60331973	999.037
0.60342857	986.168
0.60353742	973.465
0.60361224	966.877
0.60372109	957.373
0.60386395	951.48
0.60404762	942.128
0.60419048	932.867
0.60437415	926.554
0.60455102	923.698
0.60484354	920.283
0.605	920.283
0.65	980.099
0.650040816	983.736
0.650122449	991.663
0.650251701	1006.47
0.650292517	1022.12
0.650333333	1033.54
0.65037415	1045.74
0.650414966	1077.86
0.650462585	1102.76
0.650503401	1123.38
0.65052381	1149.33
0.650544218	1332.89
0.650585034	1368.75
0.65062585	1460.42
0.650639456	1575.64
0.650646259	1720.0
0.650659864	1757.57
0.650680272	1854.56
0.65070068	1949.66
0.650734694	2203.16
0.650755102	2304.73
0.65077551	2431.9
0.650789116	2658.01
0.650809524	2785.69
0.650829932	2843.03
0.650843537	3266.7
0.650863946	3972.87
0.650870748	4220.66
0.650891156	5032.63
0.650911565	5832.79
0.650931973	6924.92
0.650952381	8298.02
0.650972789	9906.62
0.6510068	11112.1
0.6510136	11368.9
0.65104082	11638.7
0.65105442	11827.1
0.65107483	11907.7
0.65111565	11988.8
0.65122449	11907.7
0.6512585	11560.0
0.65129252	11411.1
0.65133333	11153.3
0.65136735	10236.1
0.65140136	9279.07
0.65144218	8380.39
0.65147619	7743.63
0.6515102	6835.71
0.65155102	6277.45
0.65158503	5725.75
0.65161905	5466.68
0.65165986	4970.87
0.65169388	4459.06
0.65172789	4148.32
0.65176871	3885.54
0.65180272	3614.77
0.65183673	3419.4
0.65187075	3088.23
0.65191157	2910.52
0.65194558	2778.82
0.65197959	2646.54
0.65202041	2501.96
0.65205442	2357.98
0.65208843	2252.68
0.65212925	2123.05
0.65216327	1975.1
0.65219728	1819.4
0.65223809	1748.92
0.65227211	1638.13
0.65230612	1543.86
0.65238095	1427.44
0.6524898	1316.53
0.65256463	1249.23
0.65263265	1200.83
0.6527415	1143.67
0.65285034	1102.76
0.65295918	1070.56
0.65306803	1039.3
0.65321088	1015.83
0.65331973	999.037
0.65342857	986.168
0.65353742	973.465
0.65361224	966.877
0.65372109	957.373
0.65386395	951.48
0.65404762	942.128
0.65419048	932.867
0.65437415	926.554
0.65455102	923.698
0.65484354	920.283
0.655	920.283
0.7	980.099
0.700040816	983.736
0.700122449	991.663
0.700251701	1006.47
0.700292517	1022.12
0.700333333	1033.54
0.70037415	1045.74
0.700414966	1077.86
0.700462585	1102.76
0.700503401	1123.38
0.70052381	1149.33
0.700544218	1332.89
0.700585034	1368.75
0.70062585	1460.42
0.700639456	1575.64
0.700646259	1720.0
0.700659864	1757.57
0.700680272	1854.56
0.70070068	1949.66
0.700734694	2203.16
0.700755102	2304.73
0.70077551	2431.9
0.700789116	2658.01
0.700809524	2785.69
0.700829932	2843.03
0.700843537	3266.7
0.700863946	3972.87
0.700870748	4220.66
0.700891156	5032.63
0.700911565	5832.79
0.700931973	6924.92
0.700952381	8298.02
0.700972789	9906.62
0.7010068	11112.1
0.7010136	11368.9
0.70104082	11638.7
0.70105442	11827.1
0.70107483	11907.7
0.70111565	11988.8
0.70122449	11907.7
0.7012585	11560.0
0.70129252	11411.1
0.70133333	11153.3
0.70136735	10236.1
0.70140136	9279.07
0.70144218	8380.39
0.70147619	7743.63
0.7015102	6835.71
0.70155102	6277.45
0.70158503	5725.75
0.70161905	5466.68
0.70165986	4970.87
0.70169388	4459.06
0.70172789	4148.32
0.70176871	3885.54
0.70180272	3614.77
0.70183673	3419.4
0.70187075	3088.23
0.70191157	2910.52
0.70194558	2778.82
0.70197959	2646.54
0.70202041	2501.96
0.70205442	2357.98
0.70208843	2252.68
0.70212925	2123.05
0.70216327	1975.1
0.70219728	1819.4
0.70223809	1748.92
0.70227211	1638.13
0.70230612	1543.86
0.70238095	1427.44
0.7024898	1316.53
0.70256463	1249.23
0.70263265	1200.83
0.7027415	1143.67
0.70285034	1102.76
0.70295918	1070.56
0.70306803	1039.3
0.70321088	1015.83
0.70331973	999.037
0.70342857	986.168
0.70353742	973.465
0.70361224	966.877
0.70372109	957.373
0.70386395	951.48
0.70404762	942.128
0.70419048	932.867
0.70437415	926.554
0.70455102	923.698
0.70484354	920.283
0.705	920.283
0.75	980.099
0.750040816	983.736
0.750122449	991.663
0.750251701	1006.47
0.750292517	1022.12
0.750333333	1033.54
0.75037415	1045.74
0.750414966	1077.86
0.750462585	1102.76
0.750503401	1123.38
0.75052381	1149.33
0.750544218	1332.89
0.750585034	1368.75
0.75062585	1460.42
0.750639456	1575.64
0.750646259	1720.0
0.750659864	1757.57
0.750680272	1854.56
0.75070068	1949.66
0.750734694	2203.16
0.750755102	2304.73
0.75077551	2431.9
0.750789116	2658.01
0.750809524	2785.69
0.750829932	2843.03
0.750843537	3266.7
0.750863946	3972.87
0.750870748	4220.66
0.750891156	5032.63
0.750911565	5832.79
0.750931973	6924.92
0.750952381	8298.02
0.750972789	9906.62
0.7510068	11112.1
0.7510136	11368.9
0.75104082	11638.7
0.75105442	11827.1
0.75107483	11907.7
0.75111565	11988.8
0.75122449	11907.7
0.7512585	11560.0
0.75129252	11411.1
0.75133333	11153.3
0.75136735	10236.1
0.75140136	9279.07
0.75144218	8380.39
0.75147619	7743.63
0.7515102	6835.71
0.75155102	6277.45
0.75158503	5725.75
0.75161905	5466.68
0.75165986	4970.87
0.75169388	4459.06
0.75172789	4148.32
0.75176871	3885.54
0.75180272	3614.77
0.75183673	3419.4
0.75187075	3088.23
0.75191157	2910.52
0.75194558	2778.82
0.75197959	2646.54
0.75202041	2501.96
0.75205442	2357.98
0.75208843	2252.68
0.75212925	2123.05
0.75216327	1975.1
0.75219728	1819.4
0.75223809	1748.92
0.75227211	1638.13
0.75230612	1543.86
0.75238095	1427.44
0.7524898	1316.53
0.75256463	1249.23
0.75263265	1200.83
0.7527415	1143.67
0.75285034	1102.76
0.75295918	1070.56
0.75306803	1039.3
0.75321088	1015.83
0.75331973	999.037
0.75342857	986.168
0.75353742	973.465
0.75361224	966.877
0.75372109	957.373
0.75386395	951.48
0.75404762	942.128
0.75419048	932.867
0.75437415	926.554
0.75455102	923.698
0.75484354	920.283
0.755	920.283
0.8	980.099
0.800040816	983.736
0.800122449	991.663
0.800251701	1006.47
0.800292517	1022.12
0.800333333	1033.54
0.80037415	1045.74
0.800414966	1077.86
0.800462585	1102.76
0.800503401	1123.38
0.80052381	1149.33
0.800544218	1332.89
0.800585034	1368.75
0.80062585	1460.42
0.800639456	1575.64
0.800646259	1720.0
0.800659864	1757.57
0.800680272	1854.56
0.80070068	1949.66
0.800734694	2203.16
0.800755102	2304.73
0.80077551	2431.9
0.800789116	2658.01
0.800809524	2785.69
0.800829932	2843.03
0.800843537	3266.7
0.800863946	3972.87
0.800870748	4220.66
0.800891156	5032.63
0.800911565	5832.79
0.800931973	6924.92
0.800952381	8298.02
0.800972789	9906.62
0.8010068	11112.1
0.8010136	11368.9
0.80104082	11638.7
0.80105442	11827.1
0.80107483	11907.7
0.80111565	11988.8
0.80122449	11907.7
0.8012585	11560.0
0.80129252	11411.1
0.80133333	11153.3
0.80136735	10236.1
0.80140136	9279.07
0.80144218	8380.39
0.80147619	7743.63
0.8015102	6835.71
0.80155102	6277.45
0.80158503	5725.75
0.80161905	5466.68
0.80165986	4970.87
0.80169388	4459.06
0.80172789	4148.32
0.80176871	3885.54
0.80180272	3614.77
0.80183673	3419.4
0.80187075	3088.23
0.80191157	2910.52
0.80194558	2778.82
0.80197959	2646.54
0.80202041	2501.96
0.80205442	2357.98
0.80208843	2252.68
0.80212925	2123.05
0.80216327	1975.1
0.80219728	1819.4
0.80223809	1748.92
0.80227211	1638.13
0.80230612	1543.86
0.80238095	1427.44
0.8024898	1316.53
0.80256463	1249.23
0.80263265	1200.83
0.8027415	1143.67
0.80285034	1102.76
0.80295918	1070.56
0.80306803	1039.3
0.80321088	1015.83
0.80331973	999.037
0.80342857	986.168
0.80353742	973.465
0.80361224	966.877
0.80372109	957.373
0.80386395	951.48
0.80404762	942.128
0.80419048	932.867
0.80437415	926.554
0.80455102	923.698
0.80484354	920.283
0.805	920.283
0.85	980.099
0.850040816	983.736
0.850122449	991.663
0.850251701	1006.47
0.850292517	1022.12
0.850333333	1033.54
0.85037415	1045.74
0.850414966	1077.86
0.850462585	1102.76
0.850503401	1123.38
0.85052381	1149.33
0.850544218	1332.89
0.850585034	1368.75
0.85062585	1460.42
0.850639456	1575.64
0.850646259	1720.0
0.850659864	1757.57
0.850680272	1854.56
0.85070068	1949.66
0.850734694	2203.16
0.850755102	2304.73
0.85077551	2431.9
0.850789116	2658.01
0.850809524	2785.69
0.850829932	2843.03
0.850843537	3266.7
0.850863946	3972.87
0.850870748	4220.66
0.850891156	5032.63
0.850911565	5832.79
0.850931973	6924.92
0.850952381	8298.02
0.850972789	9906.62
0.8510068	11112.1
0.8510136	11368.9
0.85104082	11638.7
0.85105442	11827.1
0.85107483	11907.7
0.85111565	11988.8
0.85122449	11907.7
0.8512585	11560.0
0.85129252	11411.1
0.85133333	11153.3
0.85136735	10236.1
0.85140136	9279.07
0.85144218	8380.39
0.85147619	7743.63
0.8515102	6835.71
0.85155102	6277.45
0.85158503	5725.75
0.85161905	5466.68
0.85165986	4970.87
0.85169388	4459.06
0.85172789	4148.32
0.85176871	3885.54
0.85180272	3614.77
0.85183673	3419.4
0.85187075	3088.23
0.85191157	2910.52
0.85194558	2778.82
0.85197959	2646.54
0.85202041	2501.96
0.85205442	2357.98
0.85208843	2252.68
0.85212925	2123.05
0.85216327	1975.1
0.85219728	1819.4
0.85223809	1748.92
0.85227211	1638.13
0.85230612	1543.86
0.85238095	1427.44
0.8524898	1316.53
0.85256463	1249.23
0.85263265	1200.83
0.8527415	1143.67
0.85285034	1102.76
0.85295918	1070.56
0.85306803	1039.3
0.85321088	1015.83
0.85331973	999.037
0.85342857	986.168
0.85353742	973.465
0.85361224	966.877
0.85372109	957.373
0.85386395	951.48
0.85404762	942.128
0.85419048	932.867
0.85437415	926.554
0.85455102	923.698
0.85484354	920.283
0.855	920.283
0.9	980.099
0.900040816	983.736
0.900122449	991.663
0.900251701	1006.47
0.900292517	1022.12
0.900333333	1033.54
0.90037415	1045.74
0.900414966	1077.86
0.900462585	1102.76
0.900503401	1123.38
0.90052381	1149.33
0.900544218	1332.89
0.900585034	1368.75
0.90062585	1460.42
0.900639456	1575.64
0.900646259	1720.0
0.900659864	1757.57
0.900680272	1854.56
0.90070068	1949.66
0.900734694	2203.16
0.900755102	2304.73
0.90077551	2431.9
0.900789116	2658.01
0.900809524	2785.69
0.900829932	2843.03
0.900843537	3266.7
0.900863946	3972.87
0.900870748	4220.66
0.900891156	5032.63
0.900911565	5832.79
0.900931973	6924.92
0.900952381	8298.02
0.900972789	9906.62
0.9010068	11112.1
0.9010136	11368.9
0.90104082	11638.7
0.90105442	11827.1
0.90107483	11907.7
0.90111565	11988.8
0.90122449	11907.7
0.9012585	11560.0
0.90129252	11411.1
0.90133333	11153.3
0.90136735	10236.1
0.90140136	9279.07
0.90144218	8380.39
0.90147619	7743.63
0.9015102	6835.71
0.90155102	6277.45
0.90158503	5725.75
0.90161905	5466.68
0.90165986	4970.87
0.90169388	4459.06
0.90172789	4148.32
0.90176871	3885.54
0.90180272	3614.77
0.90183673	3419.4
0.90187075	3088.23
0.90191157	2910.52
0.90194558	2778.82
0.90197959	2646.54
0.90202041	2501.96
0.90205442	2357.98
0.90208843	2252.68
0.90212925	2123.05
0.90216327	1975.1
0.90219728	1819.4
0.90223809	1748.92
0.90227211	1638.13
0.90230612	1543.86
0.90238095	1427.44
0.9024898	1316.53
0.90256463	1249.23
0.90263265	1200.83
0.9027415	1143.67
0.90285034	1102.76
0.90295918	1070.56
0.90306803	1039.3
0.90321088	1015.83
0.90331973	999.037
0.90342857	986.168
0.90353742	973.465
0.90361224	966.877
0.90372109	957.373
0.90386395	951.48
0.90404762	942.128
0.90419048	932.867
0.90437415	926.554
0.90455102	923.698
0.90484354	920.283
0.905	920.283
0.95	980.099
0.950040816	983.736
0.950122449	991.663
0.950251701	1006.47
0.950292517	1022.12
0.950333333	1033.54
0.95037415	1045.74
0.950414966	1077.86
0.950462585	1102.76
0.950503401	1123.38
0.95052381	1149.33
0.950544218	1332.89
0.950585034	1368.75
0.95062585	1460.42
0.950639456	1575.64
0.950646259	1720.0
0.950659864	1757.57
0.950680272	1854.56
0.95070068	1949.66
0.950734694	2203.16
0.950755102	2304.73
0.95077551	2431.9
0.950789116	2658.01
0.950809524	2785.69
0.950829932	2843.03
0.950843537	3266.7
0.950863946	3972.87
0.950870748	4220.66
0.950891156	5032.63
0.950911565	5832.79
0.950931973	6924.92
0.950952381	8298.02
0.950972789	9906.62
0.9510068	11112.1
0.9510136	11368.9
0.95104082	11638.7
0.95105442	11827.1
0.95107483	11907.7
0.95111565	11988.8
0.95122449	11907.7
0.9512585	11560.0
0.95129252	11411.1
0.95133333	11153.3
0.95136735	10236.1
0.95140136	9279.07
0.95144218	8380.39
0.95147619	7743.63
0.9515102	6835.71
0.95155102	6277.45
0.95158503	5725.75
0.95161905	5466.68
0.95165986	4970.87
0.95169388	4459.06
0.95172789	4148.32
0.95176871	3885.54
0.95180272	3614.77
0.95183673	3419.4
0.95187075	3088.23
0.95191157	2910.52
0.95194558	2778.82
0.95197959	2646.54
0.95202041	2501.96
0.95205442	2357.98
0.95208843	2252.68
0.95212925	2123.05
0.95216327	1975.1
0.95219728	1819.4
0.95223809	1748.92
0.95227211	1638.13
0.95230612	1543.86
0.95238095	1427.44
0.9524898	1316.53
0.95256463	1249.23
0.95263265	1200.83
0.9527415	1143.67
0.95285034	1102.76
0.95295918	1070.56
0.95306803	1039.3
0.95321088	1015.83
0.95331973	999.037
0.95342857	986.168
0.95353742	973.465
0.95361224	966.877
0.95372109	957.373
0.95386395	951.48
0.95404762	942.128
0.95419048	932.867
0.95437415	926.554
0.95455102	923.698
0.95484354	920.283
0.955	920.283
