0.0	25283.0
4.1e-05	25110.2
0.000123	24740.0
0.000252	24070.7
0.000293	23392.8
0.000333	22916.6
0.000374	22424.4
0.000415	21203.4
0.000463	20325.6
0.000504	19640.6
0.000524	18827.6
0.000544	14311.8
0.000585	13625.6
0.000626	12085.0
0.00064	10500.5
0.000646	8927.7
0.00066	8577.7
0.00068	7765.99
0.000701	7079.46
0.000735	5646.01
0.000755	5194.16
0.000776	4702.63
0.000789	3989.15
0.00081	3657.34
0.00083	3521.99
0.000844	2723.52
0.000864	1895.91
0.000871	1695.06
0.000891	1223.92
0.000912	931.425
0.000932	677.936
0.000953	485.05
0.000973	349.431
0.001007	282.525
0.001014	270.83
0.001041	259.321
0.001055	251.731
0.001075	248.586
0.001116	245.481
0.001225	248.586
0.001259	262.602
0.001293	268.979
0.001333	280.595
0.001367	328.897
0.001401	394.425
0.001442	476.262
0.001476	551.273
0.00151	694.401
0.001551	813.005
0.001585	963.907
0.001619	1050.16
0.00166	1252.21
0.001694	1531.15
0.001728	1750.17
0.001769	1975.53
0.001803	2258.11
0.001837	2502.7
0.001871	3021.97
0.001912	3372.33
0.001946	3674.09
0.00198	4021.18
0.002021	4461.83
0.002055	4979.13
0.002089	5418.47
0.002129	6046.68
0.002163	6911.6
0.002197	8046.01
0.002238	8656.47
0.002272	9771.11
0.002306	10904.0
0.002381	12606.9
0.00249	14642.6
0.002565	16136.1
0.002633	17360.4
0.002742	19000.5
0.00285	20325.6
0.002959	21471.6
0.003068	22682.1
0.003211	23661.7
0.00332	24403.0
0.003429	24995.7
0.003538	25602.8
0.003612	25926.6
0.003721	26405.0
0.003864	26708.4
0.004048	27201.2
0.004191	27703.1
0.004374	28053.5
0.004551	28214.2
0.004844	28408.3
0.005	28408.3
0.05	25283.0
0.050041	25110.2
0.050123	24740.0
0.050252	24070.7
0.050293	23392.8
0.050333	22916.6
0.050374	22424.4
0.050415	21203.4
0.050463	20325.6
0.050504	19640.6
0.050524	18827.6
0.050544	14311.8
0.050585	13625.6
0.050626	12085.0
0.05064	10500.5
0.050646	8927.7
0.05066	8577.7
0.05068	7765.99
0.050701	7079.46
0.050735	5646.01
0.050755	5194.16
0.050776	4702.63
0.050789	3989.15
0.05081	3657.34
0.05083	3521.99
0.050844	2723.52
0.050864	1895.91
0.050871	1695.06
0.050891	1223.92
0.050912	931.425
0.050932	677.936
0.050953	485.05
0.050973	349.431
0.051007	282.525
0.051014	270.83
0.051041	259.321
0.051055	251.731
0.051075	248.586
0.051116	245.481
0.051225	248.586
0.051259	262.602
0.051293	268.979
0.051333	280.595
0.051367	328.897
0.051401	394.425
0.051442	476.262
0.051476	551.273
0.05151	694.401
0.051551	813.005
0.051585	963.907
0.051619	1050.16
0.05166	1252.21
0.051694	1531.15
0.051728	1750.17
0.051769	1975.53
0.051803	2258.11
0.051837	2502.7
0.051871	3021.97
0.051912	3372.33
0.051946	3674.09
0.05198	4021.18
0.052021	4461.83
0.052055	4979.13
0.052089	5418.47
0.052129	6046.68
0.052163	6911.6
0.052197	8046.01
0.052238	8656.47
0.052272	9771.11
0.052306	10904.0
0.052381	12606.9
0.05249	14642.6
0.052565	16136.1
0.052633	17360.4
0.052742	19000.5
0.05285	20325.6
0.052959	21471.6
0.053068	22682.1
0.053211	23661.7
0.05332	24403.0
0.053429	24995.7
0.053538	25602.8
0.053612	25926.6
0.053721	26405.0
0.053864	26708.4
0.054048	27201.2
0.054191	27703.1
0.054374	28053.5
0.054551	28214.2
0.054844	28408.3
0.055	28408.3
0.1	25283.0
0.100041	25110.2
0.100123	24740.0
0.100252	24070.7
0.100293	23392.8
0.100333	22916.6
0.100374	22424.4
0.100415	21203.4
0.100463	20325.6
0.100504	19640.6
0.100524	18827.6
0.100544	14311.8
0.100585	13625.6
0.100626	12085.0
0.10064	10500.5
0.100646	8927.7
0.10066	8577.7
0.10068	7765.99
0.100701	7079.46
0.100735	5646.01
0.100755	5194.16
0.100776	4702.63
0.100789	3989.15
0.10081	3657.34
0.10083	3521.99
0.100844	2723.52
0.100864	1895.91
0.100871	1695.06
0.100891	1223.92
0.100912	931.425
0.100932	677.936
0.100953	485.05
0.100973	349.431
0.101007	282.525
0.101014	270.83
0.101041	259.321
0.101055	251.731
0.101075	248.586
0.101116	245.481
0.101225	248.586
0.101259	262.602
0.101293	268.979
0.101333	280.595
0.101367	328.897
0.101401	394.425
0.101442	476.262
0.101476	551.273
0.10151	694.401
0.101551	813.005
0.101585	963.907
0.101619	1050.16
0.10166	1252.21
0.101694	1531.15
0.101728	1750.17
0.101769	1975.53
0.101803	2258.11
0.101837	2502.7
0.101871	3021.97
0.101912	3372.33
0.101946	3674.09
0.10198	4021.18
0.102021	4461.83
0.102055	4979.13
0.102089	5418.47
0.102129	6046.68
0.102163	6911.6
0.102197	8046.01
0.102238	8656.47
0.102272	9771.11
0.102306	10904.0
0.102381	12606.9
0.10249	14642.6
0.102565	16136.1
0.102633	17360.4
0.102742	19000.5
0.10285	20325.6
0.102959	21471.6
0.103068	22682.1
0.103211	23661.7
0.10332	24403.0
0.103429	24995.7
0.103538	25602.8
0.103612	25926.6
0.103721	26405.0
0.103864	26708.4
0.104048	27201.2
0.104191	27703.1
0.104374	28053.5
0.104551	28214.2
0.104844	28408.3
0.105	28408.3
0.15	25283.0
0.150041	25110.2
0.150123	24740.0
0.150252	24070.7
0.150293	23392.8
0.150333	22916.6
0.150374	22424.4
0.150415	21203.4
0.150463	20325.6
0.150504	19640.6
0.150524	18827.6
0.150544	14311.8
0.150585	13625.6
0.150626	12085.0
0.15064	10500.5
0.150646	8927.7
0.15066	8577.7
0.15068	7765.99
0.150701	7079.46
0.150735	5646.01
0.150755	5194.16
0.150776	4702.63
0.150789	3989.15
0.15081	3657.34
0.15083	3521.99
0.150844	2723.52
0.150864	1895.91
0.150871	1695.06
0.150891	1223.92
0.150912	931.425
0.150932	677.936
0.150953	485.05
0.150973	349.431
0.151007	282.525
0.151014	270.83
0.151041	259.321
0.151055	251.731
0.151075	248.586
0.151116	245.481
0.151225	248.586
0.151259	262.602
0.151293	268.979
0.151333	280.595
0.151367	328.897
0.151401	394.425
0.151442	476.262
0.151476	551.273
0.15151	694.401
0.151551	813.005
0.151585	963.907
0.151619	1050.16
0.15166	1252.21
0.151694	1531.15
0.151728	1750.17
0.151769	1975.53
0.151803	2258.11
0.151837	2502.7
0.151871	3021.97
0.151912	3372.33
0.151946	3674.09
0.15198	4021.18
0.152021	4461.83
0.152055	4979.13
0.152089	5418.47
0.152129	6046.68
0.152163	6911.6
0.152197	8046.01
0.152238	8656.47
0.152272	9771.11
0.152306	10904.0
0.152381	12606.9
0.15249	14642.6
0.152565	16136.1
0.152633	17360.4
0.152742	19000.5
0.15285	20325.6
0.152959	21471.6
0.153068	22682.1
0.153211	23661.7
0.15332	24403.0
0.153429	24995.7
0.153538	25602.8
0.153612	25926.6
0.153721	26405.0
0.153864	26708.4
0.154048	27201.2
0.154191	27703.1
0.154374	28053.5
0.154551	28214.2
0.154844	28408.3
0.155	28408.3
0.2	25283.0
0.200041	25110.2
0.200123	24740.0
0.200252	24070.7
0.200293	23392.8
0.200333	22916.6
0.200374	22424.4
0.200415	21203.4
0.200463	20325.6
0.200504	19640.6
0.200524	18827.6
0.200544	14311.8
0.200585	13625.6
0.200626	12085.0
0.20064	10500.5
0.200646	8927.7
0.20066	8577.7
0.20068	7765.99
0.200701	7079.46
0.200735	5646.01
0.200755	5194.16
0.200776	4702.63
0.200789	3989.15
0.20081	3657.34
0.20083	3521.99
0.200844	2723.52
0.200864	1895.91
0.200871	1695.06
0.200891	1223.92
0.200912	931.425
0.200932	677.936
0.200953	485.05
0.200973	349.431
0.201007	282.525
0.201014	270.83
0.201041	259.321
0.201055	251.731
0.201075	248.586
0.201116	245.481
0.201225	248.586
0.201259	262.602
0.201293	268.979
0.201333	280.595
0.201367	328.897
0.201401	394.425
0.201442	476.262
0.201476	551.273
0.20151	694.401
0.201551	813.005
0.201585	963.907
0.201619	1050.16
0.20166	1252.21
0.201694	1531.15
0.201728	1750.17
0.201769	1975.53
0.201803	2258.11
0.201837	2502.7
0.201871	3021.97
0.201912	3372.33
0.201946	3674.09
0.20198	4021.18
0.202021	4461.83
0.202055	4979.13
0.202089	5418.47
0.202129	6046.68
0.202163	6911.6
0.202197	8046.01
0.202238	8656.47
0.202272	9771.11
0.202306	10904.0
0.202381	12606.9
0.20249	14642.6
0.202565	16136.1
0.202633	17360.4
0.202742	19000.5
0.20285	20325.6
0.202959	21471.6
0.203068	22682.1
0.203211	23661.7
0.20332	24403.0
0.203429	24995.7
0.203538	25602.8
0.203612	25926.6
0.203721	26405.0
0.203864	26708.4
0.204048	27201.2
0.204191	27703.1
0.204374	28053.5
0.204551	28214.2
0.204844	28408.3
0.205	28408.3
0.25	25283.0
0.250041	25110.2
0.250123	24740.0
0.250252	24070.7
0.250293	23392.8
0.250333	22916.6
0.250374	22424.4
0.250415	21203.4
0.250463	20325.6
0.250504	19640.6
0.250524	18827.6
0.250544	14311.8
0.250585	13625.6
0.250626	12085.0
0.25064	10500.5
0.250646	8927.7
0.25066	8577.7
0.25068	7765.99
0.250701	7079.46
0.250735	5646.01
0.250755	5194.16
0.250776	4702.63
0.250789	3989.15
0.25081	3657.34
0.25083	3521.99
0.250844	2723.52
0.250864	1895.91
0.250871	1695.06
0.250891	1223.92
0.250912	931.425
0.250932	677.936
0.250953	485.05
0.250973	349.431
0.251007	282.525
0.251014	270.83
0.251041	259.321
0.251055	251.731
0.251075	248.586
0.251116	245.481
0.251225	248.586
0.251259	262.602
0.251293	268.979
0.251333	280.595
0.251367	328.897
0.251401	394.425
0.251442	476.262
0.251476	551.273
0.25151	694.401
0.251551	813.005
0.251585	963.907
0.251619	1050.16
0.25166	1252.21
0.251694	1531.15
0.251728	1750.17
0.251769	1975.53
0.251803	2258.11
0.251837	2502.7
0.251871	3021.97
0.251912	3372.33
0.251946	3674.09
0.25198	4021.18
0.252021	4461.83
0.252055	4979.13
0.252089	5418.47
0.252129	6046.68
0.252163	6911.6
0.252197	8046.01
0.252238	8656.47
0.252272	9771.11
0.252306	10904.0
0.252381	12606.9
0.25249	14642.6
0.252565	16136.1
0.252633	17360.4
0.252742	19000.5
0.25285	20325.6
0.252959	21471.6
0.253068	22682.1
0.253211	23661.7
0.25332	24403.0
0.253429	24995.7
0.253538	25602.8
0.253612	25926.6
0.253721	26405.0
0.253864	26708.4
0.254048	27201.2
0.254191	27703.1
0.254374	28053.5
0.254551	28214.2
0.254844	28408.3
0.255	28408.3
0.3	25283.0
0.300041	25110.2
0.300123	24740.0
0.300252	24070.7
0.300293	23392.8
0.300333	22916.6
0.300374	22424.4
0.300415	21203.4
0.300463	20325.6
0.300504	19640.6
0.300524	18827.6
0.300544	14311.8
0.300585	13625.6
0.300626	12085.0
0.30064	10500.5
0.300646	8927.7
0.30066	8577.7
0.30068	7765.99
0.300701	7079.46
0.300735	5646.01
0.300755	5194.16
0.300776	4702.63
0.300789	3989.15
0.30081	3657.34
0.30083	3521.99
0.300844	2723.52
0.300864	1895.91
0.300871	1695.06
0.300891	1223.92
0.300912	931.425
0.300932	677.936
0.300953	485.05
0.300973	349.431
0.301007	282.525
0.301014	270.83
0.301041	259.321
0.301055	251.731
0.301075	248.586
0.301116	245.481
0.301225	248.586
0.301259	262.602
0.301293	268.979
0.301333	280.595
0.301367	328.897
0.301401	394.425
0.301442	476.262
0.301476	551.273
0.30151	694.401
0.301551	813.005
0.301585	963.907
0.301619	1050.16
0.30166	1252.21
0.301694	1531.15
0.301728	1750.17
0.301769	1975.53
0.301803	2258.11
0.301837	2502.7
0.301871	3021.97
0.301912	3372.33
0.301946	3674.09
0.30198	4021.18
0.302021	4461.83
0.302055	4979.13
0.302089	5418.47
0.302129	6046.68
0.302163	6911.6
0.302197	8046.01
0.302238	8656.47
0.302272	9771.11
0.302306	10904.0
0.302381	12606.9
0.30249	14642.6
0.302565	16136.1
0.302633	17360.4
0.302742	19000.5
0.30285	20325.6
0.302959	21471.6
0.303068	22682.1
0.303211	23661.7
0.30332	24403.0
0.303429	24995.7
0.303538	25602.8
0.303612	25926.6
0.303721	26405.0
0.303864	26708.4
0.304048	27201.2
0.304191	27703.1
0.304374	28053.5
0.304551	28214.2
0.304844	28408.3
0.305	28408.3
0.35	25283.0
0.350041	25110.2
0.350123	24740.0
0.350252	24070.7
0.350293	23392.8
0.350333	22916.6
0.350374	22424.4
0.350415	21203.4
0.350463	20325.6
0.350504	19640.6
0.350524	18827.6
0.350544	14311.8
0.350585	13625.6
0.350626	12085.0
0.35064	10500.5
0.350646	8927.7
0.35066	8577.7
0.35068	7765.99
0.350701	7079.46
0.350735	5646.01
0.350755	5194.16
0.350776	4702.63
0.350789	3989.15
0.35081	3657.34
0.35083	3521.99
0.350844	2723.52
0.350864	1895.91
0.350871	1695.06
0.350891	1223.92
0.350912	931.425
0.350932	677.936
0.350953	485.05
0.350973	349.431
0.351007	282.525
0.351014	270.83
0.351041	259.321
0.351055	251.731
0.351075	248.586
0.351116	245.481
0.351225	248.586
0.351259	262.602
0.351293	268.979
0.351333	280.595
0.351367	328.897
0.351401	394.425
0.351442	476.262
0.351476	551.273
0.35151	694.401
0.351551	813.005
0.351585	963.907
0.351619	1050.16
0.35166	1252.21
0.351694	1531.15
0.351728	1750.17
0.351769	1975.53
0.351803	2258.11
0.351837	2502.7
0.351871	3021.97
0.351912	3372.33
0.351946	3674.09
0.35198	4021.18
0.352021	4461.83
0.352055	4979.13
0.352089	5418.47
0.352129	6046.68
0.352163	6911.6
0.352197	8046.01
0.352238	8656.47
0.352272	9771.11
0.352306	10904.0
0.352381	12606.9
0.35249	14642.6
0.352565	16136.1
0.352633	17360.4
0.352742	19000.5
0.35285	20325.6
0.352959	21471.6
0.353068	22682.1
0.353211	23661.7
0.35332	24403.0
0.353429	24995.7
0.353538	25602.8
0.353612	25926.6
0.353721	26405.0
0.353864	26708.4
0.354048	27201.2
0.354191	27703.1
0.354374	28053.5
0.354551	28214.2
0.354844	28408.3
0.355	28408.3
0.4	25283.0
0.400041	25110.2
0.400123	24740.0
0.400252	24070.7
0.400293	23392.8
0.400333	22916.6
0.400374	22424.4
0.400415	21203.4
0.400463	20325.6
0.400504	19640.6
0.400524	18827.6
0.400544	14311.8
0.400585	13625.6
0.400626	12085.0
0.40064	10500.5
0.400646	8927.7
0.40066	8577.7
0.40068	7765.99
0.400701	7079.46
0.400735	5646.01
0.400755	5194.16
0.400776	4702.63
0.400789	3989.15
0.40081	3657.34
0.40083	3521.99
0.400844	2723.52
0.400864	1895.91
0.400871	1695.06
0.400891	1223.92
0.400912	931.425
0.400932	677.936
0.400953	485.05
0.400973	349.431
0.401007	282.525
0.401014	270.83
0.401041	259.321
0.401055	251.731
0.401075	248.586
0.401116	245.481
0.401225	248.586
0.401259	262.602
0.401293	268.979
0.401333	280.595
0.401367	328.897
0.401401	394.425
0.401442	476.262
0.401476	551.273
0.40151	694.401
0.401551	813.005
0.401585	963.907
0.401619	1050.16
0.40166	1252.21
0.401694	1531.15
0.401728	1750.17
0.401769	1975.53
0.401803	2258.11
0.401837	2502.7
0.401871	3021.97
0.401912	3372.33
0.401946	3674.09
0.40198	4021.18
0.402021	4461.83
0.402055	4979.13
0.402089	5418.47
0.402129	6046.68
0.402163	6911.6
0.402197	8046.01
0.402238	8656.47
0.402272	9771.11
0.402306	10904.0
0.402381	12606.9
0.40249	14642.6
0.402565	16136.1
0.402633	17360.4
0.402742	19000.5
0.40285	20325.6
0.402959	21471.6
0.403068	22682.1
0.403211	23661.7
0.40332	24403.0
0.403429	24995.7
0.403538	25602.8
0.403612	25926.6
0.403721	26405.0
0.403864	26708.4
0.404048	27201.2
0.404191	27703.1
0.404374	28053.5
0.404551	28214.2
0.404844	28408.3
0.405	28408.3
0.45	25283.0
0.450041	25110.2
0.450123	24740.0
0.450252	24070.7
0.450293	23392.8
0.450333	22916.6
0.450374	22424.4
0.450415	21203.4
0.450463	20325.6
0.450504	19640.6
0.450524	18827.6
0.450544	14311.8
0.450585	13625.6
0.450626	12085.0
0.45064	10500.5
0.450646	8927.7
0.45066	8577.7
0.45068	7765.99
0.450701	7079.46
0.450735	5646.01
0.450755	5194.16
0.450776	4702.63
0.450789	3989.15
0.45081	3657.34
0.45083	3521.99
0.450844	2723.52
0.450864	1895.91
0.450871	1695.06
0.450891	1223.92
0.450912	931.425
0.450932	677.936
0.450953	485.05
0.450973	349.431
0.451007	282.525
0.451014	270.83
0.451041	259.321
0.451055	251.731
0.451075	248.586
0.451116	245.481
0.451225	248.586
0.451259	262.602
0.451293	268.979
0.451333	280.595
0.451367	328.897
0.451401	394.425
0.451442	476.262
0.451476	551.273
0.45151	694.401
0.451551	813.005
0.451585	963.907
0.451619	1050.16
0.45166	1252.21
0.451694	1531.15
0.451728	1750.17
0.451769	1975.53
0.451803	2258.11
0.451837	2502.7
0.451871	3021.97
0.451912	3372.33
0.451946	3674.09
0.45198	4021.18
0.452021	4461.83
0.452055	4979.13
0.452089	5418.47
0.452129	6046.68
0.452163	6911.6
0.452197	8046.01
0.452238	8656.47
0.452272	9771.11
0.452306	10904.0
0.452381	12606.9
0.45249	14642.6
0.452565	16136.1
0.452633	17360.4
0.452742	19000.5
0.45285	20325.6
0.452959	21471.6
0.453068	22682.1
0.453211	23661.7
0.45332	24403.0
0.453429	24995.7
0.453538	25602.8
0.453612	25926.6
0.453721	26405.0
0.453864	26708.4
0.454048	27201.2
0.454191	27703.1
0.454374	28053.5
0.454551	28214.2
0.454844	28408.3
0.455	28408.3
0.5	25283.0
0.500041	25110.2
0.500123	24740.0
0.500252	24070.7
0.500293	23392.8
0.500333	22916.6
0.500374	22424.4
0.500415	21203.4
0.500463	20325.6
0.500504	19640.6
0.500524	18827.6
0.500544	14311.8
0.500585	13625.6
0.500626	12085.0
0.50064	10500.5
0.500646	8927.7
0.50066	8577.7
0.50068	7765.99
0.500701	7079.46
0.500735	5646.01
0.500755	5194.16
0.500776	4702.63
0.500789	3989.15
0.50081	3657.34
0.50083	3521.99
0.500844	2723.52
0.500864	1895.91
0.500871	1695.06
0.500891	1223.92
0.500912	931.425
0.500932	677.936
0.500953	485.05
0.500973	349.431
0.501007	282.525
0.501014	270.83
0.501041	259.321
0.501055	251.731
0.501075	248.586
0.501116	245.481
0.501225	248.586
0.501259	262.602
0.501293	268.979
0.501333	280.595
0.501367	328.897
0.501401	394.425
0.501442	476.262
0.501476	551.273
0.50151	694.401
0.501551	813.005
0.501585	963.907
0.501619	1050.16
0.50166	1252.21
0.501694	1531.15
0.501728	1750.17
0.501769	1975.53
0.501803	2258.11
0.501837	2502.7
0.501871	3021.97
0.501912	3372.33
0.501946	3674.09
0.50198	4021.18
0.502021	4461.83
0.502055	4979.13
0.502089	5418.47
0.502129	6046.68
0.502163	6911.6
0.502197	8046.01
0.502238	8656.47
0.502272	9771.11
0.502306	10904.0
0.502381	12606.9
0.50249	14642.6
0.502565	16136.1
0.502633	17360.4
0.502742	19000.5
0.50285	20325.6
0.502959	21471.6
0.503068	22682.1
0.503211	23661.7
0.50332	24403.0
0.503429	24995.7
0.503538	25602.8
0.503612	25926.6
0.503721	26405.0
0.503864	26708.4
0.504048	27201.2
0.504191	27703.1
0.504374	28053.5
0.504551	28214.2
0.504844	28408.3
0.505	28408.3
0.55	25283.0
0.550041	25110.2
0.550123	24740.0
0.550252	24070.7
0.550293	23392.8
0.550333	22916.6
0.550374	22424.4
0.550415	21203.4
0.550463	20325.6
0.550504	19640.6
0.550524	18827.6
0.550544	14311.8
0.550585	13625.6
0.550626	12085.0
0.55064	10500.5
0.550646	8927.7
0.55066	8577.7
0.55068	7765.99
0.550701	7079.46
0.550735	5646.01
0.550755	5194.16
0.550776	4702.63
0.550789	3989.15
0.55081	3657.34
0.55083	3521.99
0.550844	2723.52
0.550864	1895.91
0.550871	1695.06
0.550891	1223.92
0.550912	931.425
0.550932	677.936
0.550953	485.05
0.550973	349.431
0.551007	282.525
0.551014	270.83
0.551041	259.321
0.551055	251.731
0.551075	248.586
0.551116	245.481
0.551225	248.586
0.551259	262.602
0.551293	268.979
0.551333	280.595
0.551367	328.897
0.551401	394.425
0.551442	476.262
0.551476	551.273
0.55151	694.401
0.551551	813.005
0.551585	963.907
0.551619	1050.16
0.55166	1252.21
0.551694	1531.15
0.551728	1750.17
0.551769	1975.53
0.551803	2258.11
0.551837	2502.7
0.551871	3021.97
0.551912	3372.33
0.551946	3674.09
0.55198	4021.18
0.552021	4461.83
0.552055	4979.13
0.552089	5418.47
0.552129	6046.68
0.552163	6911.6
0.552197	8046.01
0.552238	8656.47
0.552272	9771.11
0.552306	10904.0
0.552381	12606.9
0.55249	14642.6
0.552565	16136.1
0.552633	17360.4
0.552742	19000.5
0.55285	20325.6
0.552959	21471.6
0.553068	22682.1
0.553211	23661.7
0.55332	24403.0
0.553429	24995.7
0.553538	25602.8
0.553612	25926.6
0.553721	26405.0
0.553864	26708.4
0.554048	27201.2
0.554191	27703.1
0.554374	28053.5
0.554551	28214.2
0.554844	28408.3
0.555	28408.3
0.6	25283.0
0.600041	25110.2
0.600123	24740.0
0.600252	24070.7
0.600293	23392.8
0.600333	22916.6
0.600374	22424.4
0.600415	21203.4
0.600463	20325.6
0.600504	19640.6
0.600524	18827.6
0.600544	14311.8
0.600585	13625.6
0.600626	12085.0
0.60064	10500.5
0.600646	8927.7
0.60066	8577.7
0.60068	7765.99
0.600701	7079.46
0.600735	5646.01
0.600755	5194.16
0.600776	4702.63
0.600789	3989.15
0.60081	3657.34
0.60083	3521.99
0.600844	2723.52
0.600864	1895.91
0.600871	1695.06
0.600891	1223.92
0.600912	931.425
0.600932	677.936
0.600953	485.05
0.600973	349.431
0.601007	282.525
0.601014	270.83
0.601041	259.321
0.601055	251.731
0.601075	248.586
0.601116	245.481
0.601225	248.586
0.601259	262.602
0.601293	268.979
0.601333	280.595
0.601367	328.897
0.601401	394.425
0.601442	476.262
0.601476	551.273
0.60151	694.401
0.601551	813.005
0.601585	963.907
0.601619	1050.16
0.60166	1252.21
0.601694	1531.15
0.601728	1750.17
0.601769	1975.53
0.601803	2258.11
0.601837	2502.7
0.601871	3021.97
0.601912	3372.33
0.601946	3674.09
0.60198	4021.18
0.602021	4461.83
0.602055	4979.13
0.602089	5418.47
0.602129	6046.68
0.602163	6911.6
0.602197	8046.01
0.602238	8656.47
0.602272	9771.11
0.602306	10904.0
0.602381	12606.9
0.60249	14642.6
0.602565	16136.1
0.602633	17360.4
0.602742	19000.5
0.60285	20325.6
0.602959	21471.6
0.603068	22682.1
0.603211	23661.7
0.60332	24403.0
0.603429	24995.7
0.603538	25602.8
0.603612	25926.6
0.603721	26405.0
0.603864	26708.4
0.604048	27201.2
0.604191	27703.1
0.604374	28053.5
0.604551	28214.2
0.604844	28408.3
0.605	28408.3
0.65	25283.0
0.650041	25110.2
0.650123	24740.0
0.650252	24070.7
0.650293	23392.8
0.650333	22916.6
0.650374	22424.4
0.650415	21203.4
0.650463	20325.6
0.650504	19640.6
0.650524	18827.6
0.650544	14311.8
0.650585	13625.6
0.650626	12085.0
0.65064	10500.5
0.650646	8927.7
0.65066	8577.7
0.65068	7765.99
0.650701	7079.46
0.650735	5646.01
0.650755	5194.16
0.650776	4702.63
0.650789	3989.15
0.65081	3657.34
0.65083	3521.99
0.650844	2723.52
0.650864	1895.91
0.650871	1695.06
0.650891	1223.92
0.650912	931.425
0.650932	677.936
0.650953	485.05
0.650973	349.431
0.651007	282.525
0.651014	270.83
0.651041	259.321
0.651055	251.731
0.651075	248.586
0.651116	245.481
0.651225	248.586
0.651259	262.602
0.651293	268.979
0.651333	280.595
0.651367	328.897
0.651401	394.425
0.651442	476.262
0.651476	551.273
0.65151	694.401
0.651551	813.005
0.651585	963.907
0.651619	1050.16
0.65166	1252.21
0.651694	1531.15
0.651728	1750.17
0.651769	1975.53
0.651803	2258.11
0.651837	2502.7
0.651871	3021.97
0.651912	3372.33
0.651946	3674.09
0.65198	4021.18
0.652021	4461.83
0.652055	4979.13
0.652089	5418.47
0.652129	6046.68
0.652163	6911.6
0.652197	8046.01
0.652238	8656.47
0.652272	9771.11
0.652306	10904.0
0.652381	12606.9
0.65249	14642.6
0.652565	16136.1
0.652633	17360.4
0.652742	19000.5
0.65285	20325.6
0.652959	21471.6
0.653068	22682.1
0.653211	23661.7
0.65332	24403.0
0.653429	24995.7
0.653538	25602.8
0.653612	25926.6
0.653721	26405.0
0.653864	26708.4
0.654048	27201.2
0.654191	27703.1
0.654374	28053.5
0.654551	28214.2
0.654844	28408.3
0.655	28408.3
0.7	25283.0
0.700041	25110.2
0.700123	24740.0
0.700252	24070.7
0.700293	23392.8
0.700333	22916.6
0.700374	22424.4
0.700415	21203.4
0.700463	20325.6
0.700504	19640.6
0.700524	18827.6
0.700544	14311.8
0.700585	13625.6
0.700626	12085.0
0.70064	10500.5
0.700646	8927.7
0.70066	8577.7
0.70068	7765.99
0.700701	7079.46
0.700735	5646.01
0.700755	5194.16
0.700776	4702.63
0.700789	3989.15
0.70081	3657.34
0.70083	3521.99
0.700844	2723.52
0.700864	1895.91
0.700871	1695.06
0.700891	1223.92
0.700912	931.425
0.700932	677.936
0.700953	485.05
0.700973	349.431
0.701007	282.525
0.701014	270.83
0.701041	259.321
0.701055	251.731
0.701075	248.586
0.701116	245.481
0.701225	248.586
0.701259	262.602
0.701293	268.979
0.701333	280.595
0.701367	328.897
0.701401	394.425
0.701442	476.262
0.701476	551.273
0.70151	694.401
0.701551	813.005
0.701585	963.907
0.701619	1050.16
0.70166	1252.21
0.701694	1531.15
0.701728	1750.17
0.701769	1975.53
0.701803	2258.11
0.701837	2502.7
0.701871	3021.97
0.701912	3372.33
0.701946	3674.09
0.70198	4021.18
0.702021	4461.83
0.702055	4979.13
0.702089	5418.47
0.702129	6046.68
0.702163	6911.6
0.702197	8046.01
0.702238	8656.47
0.702272	9771.11
0.702306	10904.0
0.702381	12606.9
0.70249	14642.6
0.702565	16136.1
0.702633	17360.4
0.702742	19000.5
0.70285	20325.6
0.702959	21471.6
0.703068	22682.1
0.703211	23661.7
0.70332	24403.0
0.703429	24995.7
0.703538	25602.8
0.703612	25926.6
0.703721	26405.0
0.703864	26708.4
0.704048	27201.2
0.704191	27703.1
0.704374	28053.5
0.704551	28214.2
0.704844	28408.3
0.705	28408.3
0.75	25283.0
0.750041	25110.2
0.750123	24740.0
0.750252	24070.7
0.750293	23392.8
0.750333	22916.6
0.750374	22424.4
0.750415	21203.4
0.750463	20325.6
0.750504	19640.6
0.750524	18827.6
0.750544	14311.8
0.750585	13625.6
0.750626	12085.0
0.75064	10500.5
0.750646	8927.7
0.75066	8577.7
0.75068	7765.99
0.750701	7079.46
0.750735	5646.01
0.750755	5194.16
0.750776	4702.63
0.750789	3989.15
0.75081	3657.34
0.75083	3521.99
0.750844	2723.52
0.750864	1895.91
0.750871	1695.06
0.750891	1223.92
0.750912	931.425
0.750932	677.936
0.750953	485.05
0.750973	349.431
0.751007	282.525
0.751014	270.83
0.751041	259.321
0.751055	251.731
0.751075	248.586
0.751116	245.481
0.751225	248.586
0.751259	262.602
0.751293	268.979
0.751333	280.595
0.751367	328.897
0.751401	394.425
0.751442	476.262
0.751476	551.273
0.75151	694.401
0.751551	813.005
0.751585	963.907
0.751619	1050.16
0.75166	1252.21
0.751694	1531.15
0.751728	1750.17
0.751769	1975.53
0.751803	2258.11
0.751837	2502.7
0.751871	3021.97
0.751912	3372.33
0.751946	3674.09
0.75198	4021.18
0.752021	4461.83
0.752055	4979.13
0.752089	5418.47
0.752129	6046.68
0.752163	6911.6
0.752197	8046.01
0.752238	8656.47
0.752272	9771.11
0.752306	10904.0
0.752381	12606.9
0.75249	14642.6
0.752565	16136.1
0.752633	17360.4
0.752742	19000.5
0.75285	20325.6
0.752959	21471.6
0.753068	22682.1
0.753211	23661.7
0.75332	24403.0
0.753429	24995.7
0.753538	25602.8
0.753612	25926.6
0.753721	26405.0
0.753864	26708.4
0.754048	27201.2
0.754191	27703.1
0.754374	28053.5
0.754551	28214.2
0.754844	28408.3
0.755	28408.3
0.8	25283.0
0.800041	25110.2
0.800123	24740.0
0.800252	24070.7
0.800293	23392.8
0.800333	22916.6
0.800374	22424.4
0.800415	21203.4
0.800463	20325.6
0.800504	19640.6
0.800524	18827.6
0.800544	14311.8
0.800585	13625.6
0.800626	12085.0
0.80064	10500.5
0.800646	8927.7
0.80066	8577.7
0.80068	7765.99
0.800701	7079.46
0.800735	5646.01
0.800755	5194.16
0.800776	4702.63
0.800789	3989.15
0.80081	3657.34
0.80083	3521.99
0.800844	2723.52
0.800864	1895.91
0.800871	1695.06
0.800891	1223.92
0.800912	931.425
0.800932	677.936
0.800953	485.05
0.800973	349.431
0.801007	282.525
0.801014	270.83
0.801041	259.321
0.801055	251.731
0.801075	248.586
0.801116	245.481
0.801225	248.586
0.801259	262.602
0.801293	268.979
0.801333	280.595
0.801367	328.897
0.801401	394.425
0.801442	476.262
0.801476	551.273
0.80151	694.401
0.801551	813.005
0.801585	963.907
0.801619	1050.16
0.80166	1252.21
0.801694	1531.15
0.801728	1750.17
0.801769	1975.53
0.801803	2258.11
0.801837	2502.7
0.801871	3021.97
0.801912	3372.33
0.801946	3674.09
0.80198	4021.18
0.802021	4461.83
0.802055	4979.13
0.802089	5418.47
0.802129	6046.68
0.802163	6911.6
0.802197	8046.01
0.802238	8656.47
0.802272	9771.11
0.802306	10904.0
0.802381	12606.9
0.80249	14642.6
0.802565	16136.1
0.802633	17360.4
0.802742	19000.5
0.80285	20325.6
0.802959	21471.6
0.803068	22682.1
0.803211	23661.7
0.80332	24403.0
0.803429	24995.7
0.803538	25602.8
0.803612	25926.6
0.803721	26405.0
0.803864	26708.4
0.804048	27201.2
0.804191	27703.1
0.804374	28053.5
0.804551	28214.2
0.804844	28408.3
0.805	28408.3
0.85	25283.0
0.850041	25110.2
0.850123	24740.0
0.850252	24070.7
0.850293	23392.8
0.850333	22916.6
0.850374	22424.4
0.850415	21203.4
0.850463	20325.6
0.850504	19640.6
0.850524	18827.6
0.850544	14311.8
0.850585	13625.6
0.850626	12085.0
0.85064	10500.5
0.850646	8927.7
0.85066	8577.7
0.85068	7765.99
0.850701	7079.46
0.850735	5646.01
0.850755	5194.16
0.850776	4702.63
0.850789	3989.15
0.85081	3657.34
0.85083	3521.99
0.850844	2723.52
0.850864	1895.91
0.850871	1695.06
0.850891	1223.92
0.850912	931.425
0.850932	677.936
0.850953	485.05
0.850973	349.431
0.851007	282.525
0.851014	270.83
0.851041	259.321
0.851055	251.731
0.851075	248.586
0.851116	245.481
0.851225	248.586
0.851259	262.602
0.851293	268.979
0.851333	280.595
0.851367	328.897
0.851401	394.425
0.851442	476.262
0.851476	551.273
0.85151	694.401
0.851551	813.005
0.851585	963.907
0.851619	1050.16
0.85166	1252.21
0.851694	1531.15
0.851728	1750.17
0.851769	1975.53
0.851803	2258.11
0.851837	2502.7
0.851871	3021.97
0.851912	3372.33
0.851946	3674.09
0.85198	4021.18
0.852021	4461.83
0.852055	4979.13
0.852089	5418.47
0.852129	6046.68
0.852163	6911.6
0.852197	8046.01
0.852238	8656.47
0.852272	9771.11
0.852306	10904.0
0.852381	12606.9
0.85249	14642.6
0.852565	16136.1
0.852633	17360.4
0.852742	19000.5
0.85285	20325.6
0.852959	21471.6
0.853068	22682.1
0.853211	23661.7
0.85332	24403.0
0.853429	24995.7
0.853538	25602.8
0.853612	25926.6
0.853721	26405.0
0.853864	26708.4
0.854048	27201.2
0.854191	27703.1
0.854374	28053.5
0.854551	28214.2
0.854844	28408.3
0.855	28408.3
0.9	25283.0
0.900041	25110.2
0.900123	24740.0
0.900252	24070.7
0.900293	23392.8
0.900333	22916.6
0.900374	22424.4
0.900415	21203.4
0.900463	20325.6
0.900504	19640.6
0.900524	18827.6
0.900544	14311.8
0.900585	13625.6
0.900626	12085.0
0.90064	10500.5
0.900646	8927.7
0.90066	8577.7
0.90068	7765.99
0.900701	7079.46
0.900735	5646.01
0.900755	5194.16
0.900776	4702.63
0.900789	3989.15
0.90081	3657.34
0.90083	3521.99
0.900844	2723.52
0.900864	1895.91
0.900871	1695.06
0.900891	1223.92
0.900912	931.425
0.900932	677.936
0.900953	485.05
0.900973	349.431
0.901007	282.525
0.901014	270.83
0.901041	259.321
0.901055	251.731
0.901075	248.586
0.901116	245.481
0.901225	248.586
0.901259	262.602
0.901293	268.979
0.901333	280.595
0.901367	328.897
0.901401	394.425
0.901442	476.262
0.901476	551.273
0.90151	694.401
0.901551	813.005
0.901585	963.907
0.901619	1050.16
0.90166	1252.21
0.901694	1531.15
0.901728	1750.17
0.901769	1975.53
0.901803	2258.11
0.901837	2502.7
0.901871	3021.97
0.901912	3372.33
0.901946	3674.09
0.90198	4021.18
0.902021	4461.83
0.902055	4979.13
0.902089	5418.47
0.902129	6046.68
0.902163	6911.6
0.902197	8046.01
0.902238	8656.47
0.902272	9771.11
0.902306	10904.0
0.902381	12606.9
0.90249	14642.6
0.902565	16136.1
0.902633	17360.4
0.902742	19000.5
0.90285	20325.6
0.902959	21471.6
0.903068	22682.1
0.903211	23661.7
0.90332	24403.0
0.903429	24995.7
0.903538	25602.8
0.903612	25926.6
0.903721	26405.0
0.903864	26708.4
0.904048	27201.2
0.904191	27703.1
0.904374	28053.5
0.904551	28214.2
0.904844	28408.3
0.905	28408.3
0.95	25283.0
0.950041	25110.2
0.950123	24740.0
0.950252	24070.7
0.950293	23392.8
0.950333	22916.6
0.950374	22424.4
0.950415	21203.4
0.950463	20325.6
0.950504	19640.6
0.950524	18827.6
0.950544	14311.8
0.950585	13625.6
0.950626	12085.0
0.95064	10500.5
0.950646	8927.7
0.95066	8577.7
0.95068	7765.99
0.950701	7079.46
0.950735	5646.01
0.950755	5194.16
0.950776	4702.63
0.950789	3989.15
0.95081	3657.34
0.95083	3521.99
0.950844	2723.52
0.950864	1895.91
0.950871	1695.06
0.950891	1223.92
0.950912	931.425
0.950932	677.936
0.950953	485.05
0.950973	349.431
0.951007	282.525
0.951014	270.83
0.951041	259.321
0.951055	251.731
0.951075	248.586
0.951116	245.481
0.951225	248.586
0.951259	262.602
0.951293	268.979
0.951333	280.595
0.951367	328.897
0.951401	394.425
0.951442	476.262
0.951476	551.273
0.95151	694.401
0.951551	813.005
0.951585	963.907
0.951619	1050.16
0.95166	1252.21
0.951694	1531.15
0.951728	1750.17
0.951769	1975.53
0.951803	2258.11
0.951837	2502.7
0.951871	3021.97
0.951912	3372.33
0.951946	3674.09
0.95198	4021.18
0.952021	4461.83
0.952055	4979.13
0.952089	5418.47
0.952129	6046.68
0.952163	6911.6
0.952197	8046.01
0.952238	8656.47
0.952272	9771.11
0.952306	10904.0
0.952381	12606.9
0.95249	14642.6
0.952565	16136.1
0.952633	17360.4
0.952742	19000.5
0.95285	20325.6
0.952959	21471.6
0.953068	22682.1
0.953211	23661.7
0.95332	24403.0
0.953429	24995.7
0.953538	25602.8
0.953612	25926.6
0.953721	26405.0
0.953864	26708.4
0.954048	27201.2
0.954191	27703.1
0.954374	28053.5
0.954551	28214.2
0.954844	28408.3
0.955	28408.3
