0.0	28736.2
4.0816e-05	28641.8
0.000122449	28438.3
0.000251701	28066.4
0.000292517	27684.1
0.000333333	27412.1
0.00037415	27127.9
0.000414966	26408.5
0.000462585	25877.9
0.000503401	25455.6
0.00052381	24944.2
0.000544218	21867.4
0.000585034	21357.6
0.00062585	20162.3
0.000639456	18846.8
0.000646259	17434.6
0.000659864	17103.1
0.000680272	16306.1
0.00070068	15597.4
0.000734694	13992.2
0.000755102	13443.0
0.00077551	12816.5
0.000789116	11843.1
0.000809524	11359.6
0.000829932	11155.8
0.000843537	9860.56
0.000863946	8286.79
0.000870748	7853.09
0.000891156	6716.58
0.000911565	5891.34
0.000931973	5058.12
0.000952381	4307.16
0.000972789	3679.78
0.0010068	3322.87
0.0010136	3256.11
0.00104082	3188.94
0.00105442	3143.78
0.00107483	3124.87
0.00111565	3106.07
0.00122449	3124.87
0.0012585	3208.24
0.00129252	3245.41
0.00133333	3311.95
0.00136735	3574.34
0.00140136	3900.07
0.00144218	4269.52
0.00147619	4580.06
0.0015102	5116.72
0.00155102	5519.07
0.00158503	5989.08
0.00161905	6240.61
0.00165986	6790.67
0.00169388	7478.93
0.00172789	7974.64
0.00176871	8452.05
0.00180272	9012.26
0.00183673	9468.33
0.00187075	10365.2
0.00191157	10925.7
0.00194558	11384.5
0.00197959	11888.7
0.00202041	12497.2
0.00205442	13172.9
0.00208843	13718.6
0.00212925	14460.4
0.00216327	15418.8
0.00219728	16585.7
0.00223809	17178.3
0.00227211	18206.7
0.00230612	19191.1
0.00238095	20575.7
0.0024898	22108.6
0.00256463	23163.8
0.00263265	23991.4
0.0027415	25053.9
0.00285034	25877.9
0.00295918	26568.3
0.00306803	27277.1
0.00321088	27836.4
0.00331973	28251.7
0.00342857	28579.0
0.00353742	28910.1
0.00361224	29085.1
0.00372109	29341.5
0.00386395	29502.8
0.00404762	29762.9
0.00419048	30025.3
0.00437415	30207.0
0.00455102	30289.9
0.00484354	30389.8
0.005	30389.8
0.05	28736.2
0.050040816	28641.8
0.050122449	28438.3
0.050251701	28066.4
0.050292517	27684.1
0.050333333	27412.1
0.05037415	27127.9
0.050414966	26408.5
0.050462585	25877.9
0.050503401	25455.6
0.05052381	24944.2
0.050544218	21867.4
0.050585034	21357.6
0.05062585	20162.3
0.050639456	18846.8
0.050646259	17434.6
0.050659864	17103.1
0.050680272	16306.1
0.05070068	15597.4
0.050734694	13992.2
0.050755102	13443.0
0.05077551	12816.5
0.050789116	11843.1
0.050809524	11359.6
0.050829932	11155.8
0.050843537	9860.56
0.050863946	8286.79
0.050870748	7853.09
0.050891156	6716.58
0.050911565	5891.34
0.050931973	5058.12
0.050952381	4307.16
0.050972789	3679.78
0.0510068	3322.87
0.0510136	3256.11
0.05104082	3188.94
0.05105442	3143.78
0.05107483	3124.87
0.05111565	3106.07
0.05122449	3124.87
0.0512585	3208.24
0.05129252	3245.41
0.05133333	3311.95
0.05136735	3574.34
0.05140136	3900.07
0.05144218	4269.52
0.05147619	4580.06
0.0515102	5116.72
0.05155102	5519.07
0.05158503	5989.08
0.05161905	6240.61
0.05165986	6790.67
0.05169388	7478.93
0.05172789	7974.64
0.05176871	8452.05
0.05180272	9012.26
0.05183673	9468.33
0.05187075	10365.2
0.05191157	10925.7
0.05194558	11384.5
0.05197959	11888.7
0.05202041	12497.2
0.05205442	13172.9
0.05208843	13718.6
0.05212925	14460.4
0.05216327	15418.8
0.05219728	16585.7
0.05223809	17178.3
0.05227211	18206.7
0.05230612	19191.1
0.05238095	20575.7
0.0524898	22108.6
0.05256463	23163.8
0.05263265	23991.4
0.0527415	25053.9
0.05285034	25877.9
0.05295918	26568.3
0.05306803	27277.1
0.05321088	27836.4
0.05331973	28251.7
0.05342857	28579.0
0.05353742	28910.1
0.05361224	29085.1
0.05372109	29341.5
0.05386395	29502.8
0.05404762	29762.9
0.05419048	30025.3
0.05437415	30207.0
0.05455102	30289.9
0.05484354	30389.8
0.055	30389.8
0.1	28736.2
0.100040816	28641.8
0.100122449	28438.3
0.100251701	28066.4
0.100292517	27684.1
0.100333333	27412.1
0.10037415	27127.9
0.100414966	26408.5
0.100462585	25877.9
0.100503401	25455.6
0.10052381	24944.2
0.100544218	21867.4
0.100585034	21357.6
0.10062585	20162.3
0.100639456	18846.8
0.100646259	17434.6
0.100659864	17103.1
0.100680272	16306.1
0.10070068	15597.4
0.100734694	13992.2
0.100755102	13443.0
0.10077551	12816.5
0.100789116	11843.1
0.100809524	11359.6
0.100829932	11155.8
0.100843537	9860.56
0.100863946	8286.79
0.100870748	7853.09
0.100891156	6716.58
0.100911565	5891.34
0.100931973	5058.12
0.100952381	4307.16
0.100972789	3679.78
0.1010068	3322.87
0.1010136	3256.11
0.10104082	3188.94
0.10105442	3143.78
0.10107483	3124.87
0.10111565	3106.07
0.10122449	3124.87
0.1012585	3208.24
0.10129252	3245.41
0.10133333	3311.95
0.10136735	3574.34
0.10140136	3900.07
0.10144218	4269.52
0.10147619	4580.06
0.1015102	5116.72
0.10155102	5519.07
0.10158503	5989.08
0.10161905	6240.61
0.10165986	6790.67
0.10169388	7478.93
0.10172789	7974.64
0.10176871	8452.05
0.10180272	9012.26
0.10183673	9468.33
0.10187075	10365.2
0.10191157	10925.7
0.10194558	11384.5
0.10197959	11888.7
0.10202041	12497.2
0.10205442	13172.9
0.10208843	13718.6
0.10212925	14460.4
0.10216327	15418.8
0.10219728	16585.7
0.10223809	17178.3
0.10227211	18206.7
0.10230612	19191.1
0.10238095	20575.7
0.1024898	22108.6
0.10256463	23163.8
0.10263265	23991.4
0.1027415	25053.9
0.10285034	25877.9
0.10295918	26568.3
0.10306803	27277.1
0.10321088	27836.4
0.10331973	28251.7
0.10342857	28579.0
0.10353742	28910.1
0.10361224	29085.1
0.10372109	29341.5
0.10386395	29502.8
0.10404762	29762.9
0.10419048	30025.3
0.10437415	30207.0
0.10455102	30289.9
0.10484354	30389.8
0.105	30389.8
0.15	28736.2
0.150040816	28641.8
0.150122449	28438.3
0.150251701	28066.4
0.150292517	27684.1
0.150333333	27412.1
0.15037415	27127.9
0.150414966	26408.5
0.150462585	25877.9
0.150503401	25455.6
0.15052381	24944.2
0.150544218	21867.4
0.150585034	21357.6
0.15062585	20162.3
0.150639456	18846.8
0.150646259	17434.6
0.150659864	17103.1
0.150680272	16306.1
0.15070068	15597.4
0.150734694	13992.2
0.150755102	13443.0
0.15077551	12816.5
0.150789116	11843.1
0.150809524	11359.6
0.150829932	11155.8
0.150843537	9860.56
0.150863946	8286.79
0.150870748	7853.09
0.150891156	6716.58
0.150911565	5891.34
0.150931973	5058.12
0.150952381	4307.16
0.150972789	3679.78
0.1510068	3322.87
0.1510136	3256.11
0.15104082	3188.94
0.15105442	3143.78
0.15107483	3124.87
0.15111565	3106.07
0.15122449	3124.87
0.1512585	3208.24
0.15129252	3245.41
0.15133333	3311.95
0.15136735	3574.34
0.15140136	3900.07
0.15144218	4269.52
0.15147619	4580.06
0.1515102	5116.72
0.15155102	5519.07
0.15158503	5989.08
0.15161905	6240.61
0.15165986	6790.67
0.15169388	7478.93
0.15172789	7974.64
0.15176871	8452.05
0.15180272	9012.26
0.15183673	9468.33
0.15187075	10365.2
0.15191157	10925.7
0.15194558	11384.5
0.15197959	11888.7
0.15202041	12497.2
0.15205442	13172.9
0.15208843	13718.6
0.15212925	14460.4
0.15216327	15418.8
0.15219728	16585.7
0.15223809	17178.3
0.15227211	18206.7
0.15230612	19191.1
0.15238095	20575.7
0.1524898	22108.6
0.15256463	23163.8
0.15263265	23991.4
0.1527415	25053.9
0.15285034	25877.9
0.15295918	26568.3
0.15306803	27277.1
0.15321088	27836.4
0.15331973	28251.7
0.15342857	28579.0
0.15353742	28910.1
0.15361224	29085.1
0.15372109	29341.5
0.15386395	29502.8
0.15404762	29762.9
0.15419048	30025.3
0.15437415	30207.0
0.15455102	30289.9
0.15484354	30389.8
0.155	30389.8
0.2	28736.2
0.200040816	28641.8
0.200122449	28438.3
0.200251701	28066.4
0.200292517	27684.1
0.200333333	27412.1
0.20037415	27127.9
0.200414966	26408.5
0.200462585	25877.9
0.200503401	25455.6
0.20052381	24944.2
0.200544218	21867.4
0.200585034	21357.6
0.20062585	20162.3
0.200639456	18846.8
0.200646259	17434.6
0.200659864	17103.1
0.200680272	16306.1
0.20070068	15597.4
0.200734694	13992.2
0.200755102	13443.0
0.20077551	12816.5
0.200789116	11843.1
0.200809524	11359.6
0.200829932	11155.8
0.200843537	9860.56
0.200863946	8286.79
0.200870748	7853.09
0.200891156	6716.58
0.200911565	5891.34
0.200931973	5058.12
0.200952381	4307.16
0.200972789	3679.78
0.2010068	3322.87
0.2010136	3256.11
0.20104082	3188.94
0.20105442	3143.78
0.20107483	3124.87
0.20111565	3106.07
0.20122449	3124.87
0.2012585	3208.24
0.20129252	3245.41
0.20133333	3311.95
0.20136735	3574.34
0.20140136	3900.07
0.20144218	4269.52
0.20147619	4580.06
0.2015102	5116.72
0.20155102	5519.07
0.20158503	5989.08
0.20161905	6240.61
0.20165986	6790.67
0.20169388	7478.93
0.20172789	7974.64
0.20176871	8452.05
0.20180272	9012.26
0.20183673	9468.33
0.20187075	10365.2
0.20191157	10925.7
0.20194558	11384.5
0.20197959	11888.7
0.20202041	12497.2
0.20205442	13172.9
0.20208843	13718.6
0.20212925	14460.4
0.20216327	15418.8
0.20219728	16585.7
0.20223809	17178.3
0.20227211	18206.7
0.20230612	19191.1
0.20238095	20575.7
0.2024898	22108.6
0.20256463	23163.8
0.20263265	23991.4
0.2027415	25053.9
0.20285034	25877.9
0.20295918	26568.3
0.20306803	27277.1
0.20321088	27836.4
0.20331973	28251.7
0.20342857	28579.0
0.20353742	28910.1
0.20361224	29085.1
0.20372109	29341.5
0.20386395	29502.8
0.20404762	29762.9
0.20419048	30025.3
0.20437415	30207.0
0.20455102	30289.9
0.20484354	30389.8
0.205	30389.8
0.25	28736.2
0.250040816	28641.8
0.250122449	28438.3
0.250251701	28066.4
0.250292517	27684.1
0.250333333	27412.1
0.25037415	27127.9
0.250414966	26408.5
0.250462585	25877.9
0.250503401	25455.6
0.25052381	24944.2
0.250544218	21867.4
0.250585034	21357.6
0.25062585	20162.3
0.250639456	18846.8
0.250646259	17434.6
0.250659864	17103.1
0.250680272	16306.1
0.25070068	15597.4
0.250734694	13992.2
0.250755102	13443.0
0.25077551	12816.5
0.250789116	11843.1
0.250809524	11359.6
0.250829932	11155.8
0.250843537	9860.56
0.250863946	8286.79
0.250870748	7853.09
0.250891156	6716.58
0.250911565	5891.34
0.250931973	5058.12
0.250952381	4307.16
0.250972789	3679.78
0.2510068	3322.87
0.2510136	3256.11
0.25104082	3188.94
0.25105442	3143.78
0.25107483	3124.87
0.25111565	3106.07
0.25122449	3124.87
0.2512585	3208.24
0.25129252	3245.41
0.25133333	3311.95
0.25136735	3574.34
0.25140136	3900.07
0.25144218	4269.52
0.25147619	4580.06
0.2515102	5116.72
0.25155102	5519.07
0.25158503	5989.08
0.25161905	6240.61
0.25165986	6790.67
0.25169388	7478.93
0.25172789	7974.64
0.25176871	8452.05
0.25180272	9012.26
0.25183673	9468.33
0.25187075	10365.2
0.25191157	10925.7
0.25194558	11384.5
0.25197959	11888.7
0.25202041	12497.2
0.25205442	13172.9
0.25208843	13718.6
0.25212925	14460.4
0.25216327	15418.8
0.25219728	16585.7
0.25223809	17178.3
0.25227211	18206.7
0.25230612	19191.1
0.25238095	20575.7
0.2524898	22108.6
0.25256463	23163.8
0.25263265	23991.4
0.2527415	25053.9
0.25285034	25877.9
0.25295918	26568.3
0.25306803	27277.1
0.25321088	27836.4
0.25331973	28251.7
0.25342857	28579.0
0.25353742	28910.1
0.25361224	29085.1
0.25372109	29341.5
0.25386395	29502.8
0.25404762	29762.9
0.25419048	30025.3
0.25437415	30207.0
0.25455102	30289.9
0.25484354	30389.8
0.255	30389.8
0.3	28736.2
0.300040816	28641.8
0.300122449	28438.3
0.300251701	28066.4
0.300292517	27684.1
0.300333333	27412.1
0.30037415	27127.9
0.300414966	26408.5
0.300462585	25877.9
0.300503401	25455.6
0.30052381	24944.2
0.300544218	21867.4
0.300585034	21357.6
0.30062585	20162.3
0.300639456	18846.8
0.300646259	17434.6
0.300659864	17103.1
0.300680272	16306.1
0.30070068	15597.4
0.300734694	13992.2
0.300755102	13443.0
0.30077551	12816.5
0.300789116	11843.1
0.300809524	11359.6
0.300829932	11155.8
0.300843537	9860.56
0.300863946	8286.79
0.300870748	7853.09
0.300891156	6716.58
0.300911565	5891.34
0.300931973	5058.12
0.300952381	4307.16
0.300972789	3679.78
0.3010068	3322.87
0.3010136	3256.11
0.30104082	3188.94
0.30105442	3143.78
0.30107483	3124.87
0.30111565	3106.07
0.30122449	3124.87
0.3012585	3208.24
0.30129252	3245.41
0.30133333	3311.95
0.30136735	3574.34
0.30140136	3900.07
0.30144218	4269.52
0.30147619	4580.06
0.3015102	5116.72
0.30155102	5519.07
0.30158503	5989.08
0.30161905	6240.61
0.30165986	6790.67
0.30169388	7478.93
0.30172789	7974.64
0.30176871	8452.05
0.30180272	9012.26
0.30183673	9468.33
0.30187075	10365.2
0.30191157	10925.7
0.30194558	11384.5
0.30197959	11888.7
0.30202041	12497.2
0.30205442	13172.9
0.30208843	13718.6
0.30212925	14460.4
0.30216327	15418.8
0.30219728	16585.7
0.30223809	17178.3
0.30227211	18206.7
0.30230612	19191.1
0.30238095	20575.7
0.3024898	22108.6
0.30256463	23163.8
0.30263265	23991.4
0.3027415	25053.9
0.30285034	25877.9
0.30295918	26568.3
0.30306803	27277.1
0.30321088	27836.4
0.30331973	28251.7
0.30342857	28579.0
0.30353742	28910.1
0.30361224	29085.1
0.30372109	29341.5
0.30386395	29502.8
0.30404762	29762.9
0.30419048	30025.3
0.30437415	30207.0
0.30455102	30289.9
0.30484354	30389.8
0.305	30389.8
0.35	28736.2
0.350040816	28641.8
0.350122449	28438.3
0.350251701	28066.4
0.350292517	27684.1
0.350333333	27412.1
0.35037415	27127.9
0.350414966	26408.5
0.350462585	25877.9
0.350503401	25455.6
0.35052381	24944.2
0.350544218	21867.4
0.350585034	21357.6
0.35062585	20162.3
0.350639456	18846.8
0.350646259	17434.6
0.350659864	17103.1
0.350680272	16306.1
0.35070068	15597.4
0.350734694	13992.2
0.350755102	13443.0
0.35077551	12816.5
0.350789116	11843.1
0.350809524	11359.6
0.350829932	11155.8
0.350843537	9860.56
0.350863946	8286.79
0.350870748	7853.09
0.350891156	6716.58
0.350911565	5891.34
0.350931973	5058.12
0.350952381	4307.16
0.350972789	3679.78
0.3510068	3322.87
0.3510136	3256.11
0.35104082	3188.94
0.35105442	3143.78
0.35107483	3124.87
0.35111565	3106.07
0.35122449	3124.87
0.3512585	3208.24
0.35129252	3245.41
0.35133333	3311.95
0.35136735	3574.34
0.35140136	3900.07
0.35144218	4269.52
0.35147619	4580.06
0.3515102	5116.72
0.35155102	5519.07
0.35158503	5989.08
0.35161905	6240.61
0.35165986	6790.67
0.35169388	7478.93
0.35172789	7974.64
0.35176871	8452.05
0.35180272	9012.26
0.35183673	9468.33
0.35187075	10365.2
0.35191157	10925.7
0.35194558	11384.5
0.35197959	11888.7
0.35202041	12497.2
0.35205442	13172.9
0.35208843	13718.6
0.35212925	14460.4
0.35216327	15418.8
0.35219728	16585.7
0.35223809	17178.3
0.35227211	18206.7
0.35230612	19191.1
0.35238095	20575.7
0.3524898	22108.6
0.35256463	23163.8
0.35263265	23991.4
0.3527415	25053.9
0.35285034	25877.9
0.35295918	26568.3
0.35306803	27277.1
0.35321088	27836.4
0.35331973	28251.7
0.35342857	28579.0
0.35353742	28910.1
0.35361224	29085.1
0.35372109	29341.5
0.35386395	29502.8
0.35404762	29762.9
0.35419048	30025.3
0.35437415	30207.0
0.35455102	30289.9
0.35484354	30389.8
0.355	30389.8
0.4	28736.2
0.400040816	28641.8
0.400122449	28438.3
0.400251701	28066.4
0.400292517	27684.1
0.400333333	27412.1
0.40037415	27127.9
0.400414966	26408.5
0.400462585	25877.9
0.400503401	25455.6
0.40052381	24944.2
0.400544218	21867.4
0.400585034	21357.6
0.40062585	20162.3
0.400639456	18846.8
0.400646259	17434.6
0.400659864	17103.1
0.400680272	16306.1
0.40070068	15597.4
0.400734694	13992.2
0.400755102	13443.0
0.40077551	12816.5
0.400789116	11843.1
0.400809524	11359.6
0.400829932	11155.8
0.400843537	9860.56
0.400863946	8286.79
0.400870748	7853.09
0.400891156	6716.58
0.400911565	5891.34
0.400931973	5058.12
0.400952381	4307.16
0.400972789	3679.78
0.4010068	3322.87
0.4010136	3256.11
0.40104082	3188.94
0.40105442	3143.78
0.40107483	3124.87
0.40111565	3106.07
0.40122449	3124.87
0.4012585	3208.24
0.40129252	3245.41
0.40133333	3311.95
0.40136735	3574.34
0.40140136	3900.07
0.40144218	4269.52
0.40147619	4580.06
0.4015102	5116.72
0.40155102	5519.07
0.40158503	5989.08
0.40161905	6240.61
0.40165986	6790.67
0.40169388	7478.93
0.40172789	7974.64
0.40176871	8452.05
0.40180272	9012.26
0.40183673	9468.33
0.40187075	10365.2
0.40191157	10925.7
0.40194558	11384.5
0.40197959	11888.7
0.40202041	12497.2
0.40205442	13172.9
0.40208843	13718.6
0.40212925	14460.4
0.40216327	15418.8
0.40219728	16585.7
0.40223809	17178.3
0.40227211	18206.7
0.40230612	19191.1
0.40238095	20575.7
0.4024898	22108.6
0.40256463	23163.8
0.40263265	23991.4
0.4027415	25053.9
0.40285034	25877.9
0.40295918	26568.3
0.40306803	27277.1
0.40321088	27836.4
0.40331973	28251.7
0.40342857	28579.0
0.40353742	28910.1
0.40361224	29085.1
0.40372109	29341.5
0.40386395	29502.8
0.40404762	29762.9
0.40419048	30025.3
0.40437415	30207.0
0.40455102	30289.9
0.40484354	30389.8
0.405	30389.8
0.45	28736.2
0.450040816	28641.8
0.450122449	28438.3
0.450251701	28066.4
0.450292517	27684.1
0.450333333	27412.1
0.45037415	27127.9
0.450414966	26408.5
0.450462585	25877.9
0.450503401	25455.6
0.45052381	24944.2
0.450544218	21867.4
0.450585034	21357.6
0.45062585	20162.3
0.450639456	18846.8
0.450646259	17434.6
0.450659864	17103.1
0.450680272	16306.1
0.45070068	15597.4
0.450734694	13992.2
0.450755102	13443.0
0.45077551	12816.5
0.450789116	11843.1
0.450809524	11359.6
0.450829932	11155.8
0.450843537	9860.56
0.450863946	8286.79
0.450870748	7853.09
0.450891156	6716.58
0.450911565	5891.34
0.450931973	5058.12
0.450952381	4307.16
0.450972789	3679.78
0.4510068	3322.87
0.4510136	3256.11
0.45104082	3188.94
0.45105442	3143.78
0.45107483	3124.87
0.45111565	3106.07
0.45122449	3124.87
0.4512585	3208.24
0.45129252	3245.41
0.45133333	3311.95
0.45136735	3574.34
0.45140136	3900.07
0.45144218	4269.52
0.45147619	4580.06
0.4515102	5116.72
0.45155102	5519.07
0.45158503	5989.08
0.45161905	6240.61
0.45165986	6790.67
0.45169388	7478.93
0.45172789	7974.64
0.45176871	8452.05
0.45180272	9012.26
0.45183673	9468.33
0.45187075	10365.2
0.45191157	10925.7
0.45194558	11384.5
0.45197959	11888.7
0.45202041	12497.2
0.45205442	13172.9
0.45208843	13718.6
0.45212925	14460.4
0.45216327	15418.8
0.45219728	16585.7
0.45223809	17178.3
0.45227211	18206.7
0.45230612	19191.1
0.45238095	20575.7
0.4524898	22108.6
0.45256463	23163.8
0.45263265	23991.4
0.4527415	25053.9
0.45285034	25877.9
0.45295918	26568.3
0.45306803	27277.1
0.45321088	27836.4
0.45331973	28251.7
0.45342857	28579.0
0.45353742	28910.1
0.45361224	29085.1
0.45372109	29341.5
0.45386395	29502.8
0.45404762	29762.9
0.45419048	30025.3
0.45437415	30207.0
0.45455102	30289.9
0.45484354	30389.8
0.455	30389.8
0.5	28736.2
0.500040816	28641.8
0.500122449	28438.3
0.500251701	28066.4
0.500292517	27684.1
0.500333333	27412.1
0.50037415	27127.9
0.500414966	26408.5
0.500462585	25877.9
0.500503401	25455.6
0.50052381	24944.2
0.500544218	21867.4
0.500585034	21357.6
0.50062585	20162.3
0.500639456	18846.8
0.500646259	17434.6
0.500659864	17103.1
0.500680272	16306.1
0.50070068	15597.4
0.500734694	13992.2
0.500755102	13443.0
0.50077551	12816.5
0.500789116	11843.1
0.500809524	11359.6
0.500829932	11155.8
0.500843537	9860.56
0.500863946	8286.79
0.500870748	7853.09
0.500891156	6716.58
0.500911565	5891.34
0.500931973	5058.12
0.500952381	4307.16
0.500972789	3679.78
0.5010068	3322.87
0.5010136	3256.11
0.50104082	3188.94
0.50105442	3143.78
0.50107483	3124.87
0.50111565	3106.07
0.50122449	3124.87
0.5012585	3208.24
0.50129252	3245.41
0.50133333	3311.95
0.50136735	3574.34
0.50140136	3900.07
0.50144218	4269.52
0.50147619	4580.06
0.5015102	5116.72
0.50155102	5519.07
0.50158503	5989.08
0.50161905	6240.61
0.50165986	6790.67
0.50169388	7478.93
0.50172789	7974.64
0.50176871	8452.05
0.50180272	9012.26
0.50183673	9468.33
0.50187075	10365.2
0.50191157	10925.7
0.50194558	11384.5
0.50197959	11888.7
0.50202041	12497.2
0.50205442	13172.9
0.50208843	13718.6
0.50212925	14460.4
0.50216327	15418.8
0.50219728	16585.7
0.50223809	17178.3
0.50227211	18206.7
0.50230612	19191.1
0.50238095	20575.7
0.5024898	22108.6
0.50256463	23163.8
0.50263265	23991.4
0.5027415	25053.9
0.50285034	25877.9
0.50295918	26568.3
0.50306803	27277.1
0.50321088	27836.4
0.50331973	28251.7
0.50342857	28579.0
0.50353742	28910.1
0.50361224	29085.1
0.50372109	29341.5
0.50386395	29502.8
0.50404762	29762.9
0.50419048	30025.3
0.50437415	30207.0
0.50455102	30289.9
0.50484354	30389.8
0.505	30389.8
0.55	28736.2
0.550040816	28641.8
0.550122449	28438.3
0.550251701	28066.4
0.550292517	27684.1
0.550333333	27412.1
0.55037415	27127.9
0.550414966	26408.5
0.550462585	25877.9
0.550503401	25455.6
0.55052381	24944.2
0.550544218	21867.4
0.550585034	21357.6
0.55062585	20162.3
0.550639456	18846.8
0.550646259	17434.6
0.550659864	17103.1
0.550680272	16306.1
0.55070068	15597.4
0.550734694	13992.2
0.550755102	13443.0
0.55077551	12816.5
0.550789116	11843.1
0.550809524	11359.6
0.550829932	11155.8
0.550843537	9860.56
0.550863946	8286.79
0.550870748	7853.09
0.550891156	6716.58
0.550911565	5891.34
0.550931973	5058.12
0.550952381	4307.16
0.550972789	3679.78
0.5510068	3322.87
0.5510136	3256.11
0.55104082	3188.94
0.55105442	3143.78
0.55107483	3124.87
0.55111565	3106.07
0.55122449	3124.87
0.5512585	3208.24
0.55129252	3245.41
0.55133333	3311.95
0.55136735	3574.34
0.55140136	3900.07
0.55144218	4269.52
0.55147619	4580.06
0.5515102	5116.72
0.55155102	5519.07
0.55158503	5989.08
0.55161905	6240.61
0.55165986	6790.67
0.55169388	7478.93
0.55172789	7974.64
0.55176871	8452.05
0.55180272	9012.26
0.55183673	9468.33
0.55187075	10365.2
0.55191157	10925.7
0.55194558	11384.5
0.55197959	11888.7
0.55202041	12497.2
0.55205442	13172.9
0.55208843	13718.6
0.55212925	14460.4
0.55216327	15418.8
0.55219728	16585.7
0.55223809	17178.3
0.55227211	18206.7
0.55230612	19191.1
0.55238095	20575.7
0.5524898	22108.6
0.55256463	23163.8
0.55263265	23991.4
0.5527415	25053.9
0.55285034	25877.9
0.55295918	26568.3
0.55306803	27277.1
0.55321088	27836.4
0.55331973	28251.7
0.55342857	28579.0
0.55353742	28910.1
0.55361224	29085.1
0.55372109	29341.5
0.55386395	29502.8
0.55404762	29762.9
0.55419048	30025.3
0.55437415	30207.0
0.55455102	30289.9
0.55484354	30389.8
0.555	30389.8
0.6	28736.2
0.600040816	28641.8
0.600122449	28438.3
0.600251701	28066.4
0.600292517	27684.1
0.600333333	27412.1
0.60037415	27127.9
0.600414966	26408.5
0.600462585	25877.9
0.600503401	25455.6
0.60052381	24944.2
0.600544218	21867.4
0.600585034	21357.6
0.60062585	20162.3
0.600639456	18846.8
0.600646259	17434.6
0.600659864	17103.1
0.600680272	16306.1
0.60070068	15597.4
0.600734694	13992.2
0.600755102	13443.0
0.60077551	12816.5
0.600789116	11843.1
0.600809524	11359.6
0.600829932	11155.8
0.600843537	9860.56
0.600863946	8286.79
0.600870748	7853.09
0.600891156	6716.58
0.600911565	5891.34
0.600931973	5058.12
0.600952381	4307.16
0.600972789	3679.78
0.6010068	3322.87
0.6010136	3256.11
0.60104082	3188.94
0.60105442	3143.78
0.60107483	3124.87
0.60111565	3106.07
0.60122449	3124.87
0.6012585	3208.24
0.60129252	3245.41
0.60133333	3311.95
0.60136735	3574.34
0.60140136	3900.07
0.60144218	4269.52
0.60147619	4580.06
0.6015102	5116.72
0.60155102	5519.07
0.60158503	5989.08
0.60161905	6240.61
0.60165986	6790.67
0.60169388	7478.93
0.60172789	7974.64
0.60176871	8452.05
0.60180272	9012.26
0.60183673	9468.33
0.60187075	10365.2
0.60191157	10925.7
0.60194558	11384.5
0.60197959	11888.7
0.60202041	12497.2
0.60205442	13172.9
0.60208843	13718.6
0.60212925	14460.4
0.60216327	15418.8
0.60219728	16585.7
0.60223809	17178.3
0.60227211	18206.7
0.60230612	19191.1
0.60238095	20575.7
0.6024898	22108.6
0.60256463	23163.8
0.60263265	23991.4
0.6027415	25053.9
0.60285034	25877.9
0.60295918	26568.3
0.60306803	27277.1
0.60321088	27836.4
0.60331973	28251.7
0.60342857	28579.0
0.60353742	28910.1
0.60361224	29085.1
0.60372109	29341.5
0.60386395	29502.8
0.60404762	29762.9
0.60419048	30025.3
0.60437415	30207.0
0.60455102	30289.9
0.60484354	30389.8
0.605	30389.8
0.65	28736.2
0.650040816	28641.8
0.650122449	28438.3
0.650251701	28066.4
0.650292517	27684.1
0.650333333	27412.1
0.65037415	27127.9
0.650414966	26408.5
0.650462585	25877.9
0.650503401	25455.6
0.65052381	24944.2
0.650544218	21867.4
0.650585034	21357.6
0.65062585	20162.3
0.650639456	18846.8
0.650646259	17434.6
0.650659864	17103.1
0.650680272	16306.1
0.65070068	15597.4
0.650734694	13992.2
0.650755102	13443.0
0.65077551	12816.5
0.650789116	11843.1
0.650809524	11359.6
0.650829932	11155.8
0.650843537	9860.56
0.650863946	8286.79
0.650870748	7853.09
0.650891156	6716.58
0.650911565	5891.34
0.650931973	5058.12
0.650952381	4307.16
0.650972789	3679.78
0.6510068	3322.87
0.6510136	3256.11
0.65104082	3188.94
0.65105442	3143.78
0.65107483	3124.87
0.65111565	3106.07
0.65122449	3124.87
0.6512585	3208.24
0.65129252	3245.41
0.65133333	3311.95
0.65136735	3574.34
0.65140136	3900.07
0.65144218	4269.52
0.65147619	4580.06
0.6515102	5116.72
0.65155102	5519.07
0.65158503	5989.08
0.65161905	6240.61
0.65165986	6790.67
0.65169388	7478.93
0.65172789	7974.64
0.65176871	8452.05
0.65180272	9012.26
0.65183673	9468.33
0.65187075	10365.2
0.65191157	10925.7
0.65194558	11384.5
0.65197959	11888.7
0.65202041	12497.2
0.65205442	13172.9
0.65208843	13718.6
0.65212925	14460.4
0.65216327	15418.8
0.65219728	16585.7
0.65223809	17178.3
0.65227211	18206.7
0.65230612	19191.1
0.65238095	20575.7
0.6524898	22108.6
0.65256463	23163.8
0.65263265	23991.4
0.6527415	25053.9
0.65285034	25877.9
0.65295918	26568.3
0.65306803	27277.1
0.65321088	27836.4
0.65331973	28251.7
0.65342857	28579.0
0.65353742	28910.1
0.65361224	29085.1
0.65372109	29341.5
0.65386395	29502.8
0.65404762	29762.9
0.65419048	30025.3
0.65437415	30207.0
0.65455102	30289.9
0.65484354	30389.8
0.655	30389.8
0.7	28736.2
0.700040816	28641.8
0.700122449	28438.3
0.700251701	28066.4
0.700292517	27684.1
0.700333333	27412.1
0.70037415	27127.9
0.700414966	26408.5
0.700462585	25877.9
0.700503401	25455.6
0.70052381	24944.2
0.700544218	21867.4
0.700585034	21357.6
0.70062585	20162.3
0.700639456	18846.8
0.700646259	17434.6
0.700659864	17103.1
0.700680272	16306.1
0.70070068	15597.4
0.700734694	13992.2
0.700755102	13443.0
0.70077551	12816.5
0.700789116	11843.1
0.700809524	11359.6
0.700829932	11155.8
0.700843537	9860.56
0.700863946	8286.79
0.700870748	7853.09
0.700891156	6716.58
0.700911565	5891.34
0.700931973	5058.12
0.700952381	4307.16
0.700972789	3679.78
0.7010068	3322.87
0.7010136	3256.11
0.70104082	3188.94
0.70105442	3143.78
0.70107483	3124.87
0.70111565	3106.07
0.70122449	3124.87
0.7012585	3208.24
0.70129252	3245.41
0.70133333	3311.95
0.70136735	3574.34
0.70140136	3900.07
0.70144218	4269.52
0.70147619	4580.06
0.7015102	5116.72
0.70155102	5519.07
0.70158503	5989.08
0.70161905	6240.61
0.70165986	6790.67
0.70169388	7478.93
0.70172789	7974.64
0.70176871	8452.05
0.70180272	9012.26
0.70183673	9468.33
0.70187075	10365.2
0.70191157	10925.7
0.70194558	11384.5
0.70197959	11888.7
0.70202041	12497.2
0.70205442	13172.9
0.70208843	13718.6
0.70212925	14460.4
0.70216327	15418.8
0.70219728	16585.7
0.70223809	17178.3
0.70227211	18206.7
0.70230612	19191.1
0.70238095	20575.7
0.7024898	22108.6
0.70256463	23163.8
0.70263265	23991.4
0.7027415	25053.9
0.70285034	25877.9
0.70295918	26568.3
0.70306803	27277.1
0.70321088	27836.4
0.70331973	28251.7
0.70342857	28579.0
0.70353742	28910.1
0.70361224	29085.1
0.70372109	29341.5
0.70386395	29502.8
0.70404762	29762.9
0.70419048	30025.3
0.70437415	30207.0
0.70455102	30289.9
0.70484354	30389.8
0.705	30389.8
0.75	28736.2
0.750040816	28641.8
0.750122449	28438.3
0.750251701	28066.4
0.750292517	27684.1
0.750333333	27412.1
0.75037415	27127.9
0.750414966	26408.5
0.750462585	25877.9
0.750503401	25455.6
0.75052381	24944.2
0.750544218	21867.4
0.750585034	21357.6
0.75062585	20162.3
0.750639456	18846.8
0.750646259	17434.6
0.750659864	17103.1
0.750680272	16306.1
0.75070068	15597.4
0.750734694	13992.2
0.750755102	13443.0
0.75077551	12816.5
0.750789116	11843.1
0.750809524	11359.6
0.750829932	11155.8
0.750843537	9860.56
0.750863946	8286.79
0.750870748	7853.09
0.750891156	6716.58
0.750911565	5891.34
0.750931973	5058.12
0.750952381	4307.16
0.750972789	3679.78
0.7510068	3322.87
0.7510136	3256.11
0.75104082	3188.94
0.75105442	3143.78
0.75107483	3124.87
0.75111565	3106.07
0.75122449	3124.87
0.7512585	3208.24
0.75129252	3245.41
0.75133333	3311.95
0.75136735	3574.34
0.75140136	3900.07
0.75144218	4269.52
0.75147619	4580.06
0.7515102	5116.72
0.75155102	5519.07
0.75158503	5989.08
0.75161905	6240.61
0.75165986	6790.67
0.75169388	7478.93
0.75172789	7974.64
0.75176871	8452.05
0.75180272	9012.26
0.75183673	9468.33
0.75187075	10365.2
0.75191157	10925.7
0.75194558	11384.5
0.75197959	11888.7
0.75202041	12497.2
0.75205442	13172.9
0.75208843	13718.6
0.75212925	14460.4
0.75216327	15418.8
0.75219728	16585.7
0.75223809	17178.3
0.75227211	18206.7
0.75230612	19191.1
0.75238095	20575.7
0.7524898	22108.6
0.75256463	23163.8
0.75263265	23991.4
0.7527415	25053.9
0.75285034	25877.9
0.75295918	26568.3
0.75306803	27277.1
0.75321088	27836.4
0.75331973	28251.7
0.75342857	28579.0
0.75353742	28910.1
0.75361224	29085.1
0.75372109	29341.5
0.75386395	29502.8
0.75404762	29762.9
0.75419048	30025.3
0.75437415	30207.0
0.75455102	30289.9
0.75484354	30389.8
0.755	30389.8
0.8	28736.2
0.800040816	28641.8
0.800122449	28438.3
0.800251701	28066.4
0.800292517	27684.1
0.800333333	27412.1
0.80037415	27127.9
0.800414966	26408.5
0.800462585	25877.9
0.800503401	25455.6
0.80052381	24944.2
0.800544218	21867.4
0.800585034	21357.6
0.80062585	20162.3
0.800639456	18846.8
0.800646259	17434.6
0.800659864	17103.1
0.800680272	16306.1
0.80070068	15597.4
0.800734694	13992.2
0.800755102	13443.0
0.80077551	12816.5
0.800789116	11843.1
0.800809524	11359.6
0.800829932	11155.8
0.800843537	9860.56
0.800863946	8286.79
0.800870748	7853.09
0.800891156	6716.58
0.800911565	5891.34
0.800931973	5058.12
0.800952381	4307.16
0.800972789	3679.78
0.8010068	3322.87
0.8010136	3256.11
0.80104082	3188.94
0.80105442	3143.78
0.80107483	3124.87
0.80111565	3106.07
0.80122449	3124.87
0.8012585	3208.24
0.80129252	3245.41
0.80133333	3311.95
0.80136735	3574.34
0.80140136	3900.07
0.80144218	4269.52
0.80147619	4580.06
0.8015102	5116.72
0.80155102	5519.07
0.80158503	5989.08
0.80161905	6240.61
0.80165986	6790.67
0.80169388	7478.93
0.80172789	7974.64
0.80176871	8452.05
0.80180272	9012.26
0.80183673	9468.33
0.80187075	10365.2
0.80191157	10925.7
0.80194558	11384.5
0.80197959	11888.7
0.80202041	12497.2
0.80205442	13172.9
0.80208843	13718.6
0.80212925	14460.4
0.80216327	15418.8
0.80219728	16585.7
0.80223809	17178.3
0.80227211	18206.7
0.80230612	19191.1
0.80238095	20575.7
0.8024898	22108.6
0.80256463	23163.8
0.80263265	23991.4
0.8027415	25053.9
0.80285034	25877.9
0.80295918	26568.3
0.80306803	27277.1
0.80321088	27836.4
0.80331973	28251.7
0.80342857	28579.0
0.80353742	28910.1
0.80361224	29085.1
0.80372109	29341.5
0.80386395	29502.8
0.80404762	29762.9
0.80419048	30025.3
0.80437415	30207.0
0.80455102	30289.9
0.80484354	30389.8
0.805	30389.8
0.85	28736.2
0.850040816	28641.8
0.850122449	28438.3
0.850251701	28066.4
0.850292517	27684.1
0.850333333	27412.1
0.85037415	27127.9
0.850414966	26408.5
0.850462585	25877.9
0.850503401	25455.6
0.85052381	24944.2
0.850544218	21867.4
0.850585034	21357.6
0.85062585	20162.3
0.850639456	18846.8
0.850646259	17434.6
0.850659864	17103.1
0.850680272	16306.1
0.85070068	15597.4
0.850734694	13992.2
0.850755102	13443.0
0.85077551	12816.5
0.850789116	11843.1
0.850809524	11359.6
0.850829932	11155.8
0.850843537	9860.56
0.850863946	8286.79
0.850870748	7853.09
0.850891156	6716.58
0.850911565	5891.34
0.850931973	5058.12
0.850952381	4307.16
0.850972789	3679.78
0.8510068	3322.87
0.8510136	3256.11
0.85104082	3188.94
0.85105442	3143.78
0.85107483	3124.87
0.85111565	3106.07
0.85122449	3124.87
0.8512585	3208.24
0.85129252	3245.41
0.85133333	3311.95
0.85136735	3574.34
0.85140136	3900.07
0.85144218	4269.52
0.85147619	4580.06
0.8515102	5116.72
0.85155102	5519.07
0.85158503	5989.08
0.85161905	6240.61
0.85165986	6790.67
0.85169388	7478.93
0.85172789	7974.64
0.85176871	8452.05
0.85180272	9012.26
0.85183673	9468.33
0.85187075	10365.2
0.85191157	10925.7
0.85194558	11384.5
0.85197959	11888.7
0.85202041	12497.2
0.85205442	13172.9
0.85208843	13718.6
0.85212925	14460.4
0.85216327	15418.8
0.85219728	16585.7
0.85223809	17178.3
0.85227211	18206.7
0.85230612	19191.1
0.85238095	20575.7
0.8524898	22108.6
0.85256463	23163.8
0.85263265	23991.4
0.8527415	25053.9
0.85285034	25877.9
0.85295918	26568.3
0.85306803	27277.1
0.85321088	27836.4
0.85331973	28251.7
0.85342857	28579.0
0.85353742	28910.1
0.85361224	29085.1
0.85372109	29341.5
0.85386395	29502.8
0.85404762	29762.9
0.85419048	30025.3
0.85437415	30207.0
0.85455102	30289.9
0.85484354	30389.8
0.855	30389.8
0.9	28736.2
0.900040816	28641.8
0.900122449	28438.3
0.900251701	28066.4
0.900292517	27684.1
0.900333333	27412.1
0.90037415	27127.9
0.900414966	26408.5
0.900462585	25877.9
0.900503401	25455.6
0.90052381	24944.2
0.900544218	21867.4
0.900585034	21357.6
0.90062585	20162.3
0.900639456	18846.8
0.900646259	17434.6
0.900659864	17103.1
0.900680272	16306.1
0.90070068	15597.4
0.900734694	13992.2
0.900755102	13443.0
0.90077551	12816.5
0.900789116	11843.1
0.900809524	11359.6
0.900829932	11155.8
0.900843537	9860.56
0.900863946	8286.79
0.900870748	7853.09
0.900891156	6716.58
0.900911565	5891.34
0.900931973	5058.12
0.900952381	4307.16
0.900972789	3679.78
0.9010068	3322.87
0.9010136	3256.11
0.90104082	3188.94
0.90105442	3143.78
0.90107483	3124.87
0.90111565	3106.07
0.90122449	3124.87
0.9012585	3208.24
0.90129252	3245.41
0.90133333	3311.95
0.90136735	3574.34
0.90140136	3900.07
0.90144218	4269.52
0.90147619	4580.06
0.9015102	5116.72
0.90155102	5519.07
0.90158503	5989.08
0.90161905	6240.61
0.90165986	6790.67
0.90169388	7478.93
0.90172789	7974.64
0.90176871	8452.05
0.90180272	9012.26
0.90183673	9468.33
0.90187075	10365.2
0.90191157	10925.7
0.90194558	11384.5
0.90197959	11888.7
0.90202041	12497.2
0.90205442	13172.9
0.90208843	13718.6
0.90212925	14460.4
0.90216327	15418.8
0.90219728	16585.7
0.90223809	17178.3
0.90227211	18206.7
0.90230612	19191.1
0.90238095	20575.7
0.9024898	22108.6
0.90256463	23163.8
0.90263265	23991.4
0.9027415	25053.9
0.90285034	25877.9
0.90295918	26568.3
0.90306803	27277.1
0.90321088	27836.4
0.90331973	28251.7
0.90342857	28579.0
0.90353742	28910.1
0.90361224	29085.1
0.90372109	29341.5
0.90386395	29502.8
0.90404762	29762.9
0.90419048	30025.3
0.90437415	30207.0
0.90455102	30289.9
0.90484354	30389.8
0.905	30389.8
0.95	28736.2
0.950040816	28641.8
0.950122449	28438.3
0.950251701	28066.4
0.950292517	27684.1
0.950333333	27412.1
0.95037415	27127.9
0.950414966	26408.5
0.950462585	25877.9
0.950503401	25455.6
0.95052381	24944.2
0.950544218	21867.4
0.950585034	21357.6
0.95062585	20162.3
0.950639456	18846.8
0.950646259	17434.6
0.950659864	17103.1
0.950680272	16306.1
0.95070068	15597.4
0.950734694	13992.2
0.950755102	13443.0
0.95077551	12816.5
0.950789116	11843.1
0.950809524	11359.6
0.950829932	11155.8
0.950843537	9860.56
0.950863946	8286.79
0.950870748	7853.09
0.950891156	6716.58
0.950911565	5891.34
0.950931973	5058.12
0.950952381	4307.16
0.950972789	3679.78
0.9510068	3322.87
0.9510136	3256.11
0.95104082	3188.94
0.95105442	3143.78
0.95107483	3124.87
0.95111565	3106.07
0.95122449	3124.87
0.9512585	3208.24
0.95129252	3245.41
0.95133333	3311.95
0.95136735	3574.34
0.95140136	3900.07
0.95144218	4269.52
0.95147619	4580.06
0.9515102	5116.72
0.95155102	5519.07
0.95158503	5989.08
0.95161905	6240.61
0.95165986	6790.67
0.95169388	7478.93
0.95172789	7974.64
0.95176871	8452.05
0.95180272	9012.26
0.95183673	9468.33
0.95187075	10365.2
0.95191157	10925.7
0.95194558	11384.5
0.95197959	11888.7
0.95202041	12497.2
0.95205442	13172.9
0.95208843	13718.6
0.95212925	14460.4
0.95216327	15418.8
0.95219728	16585.7
0.95223809	17178.3
0.95227211	18206.7
0.95230612	19191.1
0.95238095	20575.7
0.9524898	22108.6
0.95256463	23163.8
0.95263265	23991.4
0.9527415	25053.9
0.95285034	25877.9
0.95295918	26568.3
0.95306803	27277.1
0.95321088	27836.4
0.95331973	28251.7
0.95342857	28579.0
0.95353742	28910.1
0.95361224	29085.1
0.95372109	29341.5
0.95386395	29502.8
0.95404762	29762.9
0.95419048	30025.3
0.95437415	30207.0
0.95455102	30289.9
0.95484354	30389.8
0.955	30389.8
