0.0	11866.0
4.0816e-05	11822.1
0.000122449	11727.6
0.000251701	11555.1
0.000292517	11378.1
0.000333333	11252.4
0.00037415	11121.2
0.000414966	10789.8
0.000462585	10546.1
0.000503401	10352.6
0.00052381	10118.8
0.000544218	8725.26
0.000585034	8496.67
0.00062585	7963.35
0.000639456	7381.03
0.000646259	6761.51
0.000659864	6616.97
0.000680272	6270.94
0.00070068	5965.06
0.000734694	5278.69
0.000755102	5046.07
0.00077551	4782.19
0.000789116	4375.39
0.000809524	4174.84
0.000829932	4090.64
0.000843537	3560.11
0.000863946	2927.31
0.000870748	2755.45
0.000891156	2310.88
0.000911565	1993.87
0.000931973	1679.42
0.000952381	1401.52
0.000972789	1173.94
0.0010068	1046.59
0.0010136	1022.95
0.00104082	999.234
0.00105442	983.323
0.00107483	976.667
0.00111565	970.057
0.00122449	976.667
0.0012585	1006.04
0.00129252	1019.17
0.00133333	1042.72
0.00136735	1136.15
0.00140136	1253.34
0.00144218	1387.74
0.00147619	1501.86
0.0015102	1701.33
0.00155102	1852.64
0.00158503	2031.14
0.00161905	2127.4
0.00165986	2339.59
0.00169388	2608.13
0.00172789	2803.5
0.00176871	2993.1
0.00180272	3217.3
0.00183673	3401.13
0.00187075	3765.85
0.00191157	3995.79
0.00194558	4185.16
0.00197959	4394.34
0.00202041	4648.29
0.00205442	4932.11
0.00208843	5162.66
0.00212925	5477.89
0.00216327	5888.22
0.00219728	6392.11
0.00223809	6649.73
0.00227211	7099.46
0.00230612	7532.95
0.00238095	8147.35
0.0024898	8833.66
0.00256463	9309.6
0.00263265	9684.81
0.0027415	10168.9
0.00285034	10546.1
0.00295918	10863.3
0.00306803	11190.0
0.00321088	11448.6
0.00331973	11641.0
0.00342857	11792.9
0.00353742	11946.8
0.00361224	12028.2
0.00372109	12147.6
0.00386395	12222.9
0.00404762	12344.2
0.00419048	12466.7
0.00437415	12551.7
0.00455102	12590.5
0.00484354	12637.2
0.005	12637.2
0.01	11866.0
0.010040816	11822.1
0.010122449	11727.6
0.010251701	11555.1
0.010292517	11378.1
0.010333333	11252.4
0.01037415	11121.2
0.010414966	10789.8
0.010462585	10546.1
0.010503401	10352.6
0.01052381	10118.8
0.010544218	8725.26
0.010585034	8496.67
0.01062585	7963.35
0.010639456	7381.03
0.010646259	6761.51
0.010659864	6616.97
0.010680272	6270.94
0.01070068	5965.06
0.010734694	5278.69
0.010755102	5046.07
0.01077551	4782.19
0.010789116	4375.39
0.010809524	4174.84
0.010829932	4090.64
0.010843537	3560.11
0.010863946	2927.31
0.010870748	2755.45
0.010891156	2310.88
0.010911565	1993.87
0.010931973	1679.42
0.010952381	1401.52
0.010972789	1173.94
0.0110068	1046.59
0.0110136	1022.95
0.01104082	999.234
0.01105442	983.323
0.01107483	976.667
0.01111565	970.057
0.01122449	976.667
0.0112585	1006.04
0.01129252	1019.17
0.01133333	1042.72
0.01136735	1136.15
0.01140136	1253.34
0.01144218	1387.74
0.01147619	1501.86
0.0115102	1701.33
0.01155102	1852.64
0.01158503	2031.14
0.01161905	2127.4
0.01165986	2339.59
0.01169388	2608.13
0.01172789	2803.5
0.01176871	2993.1
0.01180272	3217.3
0.01183673	3401.13
0.01187075	3765.85
0.01191157	3995.79
0.01194558	4185.16
0.01197959	4394.34
0.01202041	4648.29
0.01205442	4932.11
0.01208843	5162.66
0.01212925	5477.89
0.01216327	5888.22
0.01219728	6392.11
0.01223809	6649.73
0.01227211	7099.46
0.01230612	7532.95
0.01238095	8147.35
0.0124898	8833.66
0.01256463	9309.6
0.01263265	9684.81
0.0127415	10168.9
0.01285034	10546.1
0.01295918	10863.3
0.01306803	11190.0
0.01321088	11448.6
0.01331973	11641.0
0.01342857	11792.9
0.01353742	11946.8
0.01361224	12028.2
0.01372109	12147.6
0.01386395	12222.9
0.01404762	12344.2
0.01419048	12466.7
0.01437415	12551.7
0.01455102	12590.5
0.01484354	12637.2
0.015	12637.2
0.02	11866.0
0.020040816	11822.1
0.020122449	11727.6
0.020251701	11555.1
0.020292517	11378.1
0.020333333	11252.4
0.02037415	11121.2
0.020414966	10789.8
0.020462585	10546.1
0.020503401	10352.6
0.02052381	10118.8
0.020544218	8725.26
0.020585034	8496.67
0.02062585	7963.35
0.020639456	7381.03
0.020646259	6761.51
0.020659864	6616.97
0.020680272	6270.94
0.02070068	5965.06
0.020734694	5278.69
0.020755102	5046.07
0.02077551	4782.19
0.020789116	4375.39
0.020809524	4174.84
0.020829932	4090.64
0.020843537	3560.11
0.020863946	2927.31
0.020870748	2755.45
0.020891156	2310.88
0.020911565	1993.87
0.020931973	1679.42
0.020952381	1401.52
0.020972789	1173.94
0.0210068	1046.59
0.0210136	1022.95
0.02104082	999.234
0.02105442	983.323
0.02107483	976.667
0.02111565	970.057
0.02122449	976.667
0.0212585	1006.04
0.02129252	1019.17
0.02133333	1042.72
0.02136735	1136.15
0.02140136	1253.34
0.02144218	1387.74
0.02147619	1501.86
0.0215102	1701.33
0.02155102	1852.64
0.02158503	2031.14
0.02161905	2127.4
0.02165986	2339.59
0.02169388	2608.13
0.02172789	2803.5
0.02176871	2993.1
0.02180272	3217.3
0.02183673	3401.13
0.02187075	3765.85
0.02191157	3995.79
0.02194558	4185.16
0.02197959	4394.34
0.02202041	4648.29
0.02205442	4932.11
0.02208843	5162.66
0.02212925	5477.89
0.02216327	5888.22
0.02219728	6392.11
0.02223809	6649.73
0.02227211	7099.46
0.02230612	7532.95
0.02238095	8147.35
0.0224898	8833.66
0.02256463	9309.6
0.02263265	9684.81
0.0227415	10168.9
0.02285034	10546.1
0.02295918	10863.3
0.02306803	11190.0
0.02321088	11448.6
0.02331973	11641.0
0.02342857	11792.9
0.02353742	11946.8
0.02361224	12028.2
0.02372109	12147.6
0.02386395	12222.9
0.02404762	12344.2
0.02419048	12466.7
0.02437415	12551.7
0.02455102	12590.5
0.02484354	12637.2
0.025	12637.2
0.03	11866.0
0.030040816	11822.1
0.030122449	11727.6
0.030251701	11555.1
0.030292517	11378.1
0.030333333	11252.4
0.03037415	11121.2
0.030414966	10789.8
0.030462585	10546.1
0.030503401	10352.6
0.03052381	10118.8
0.030544218	8725.26
0.030585034	8496.67
0.03062585	7963.35
0.030639456	7381.03
0.030646259	6761.51
0.030659864	6616.97
0.030680272	6270.94
0.03070068	5965.06
0.030734694	5278.69
0.030755102	5046.07
0.03077551	4782.19
0.030789116	4375.39
0.030809524	4174.84
0.030829932	4090.64
0.030843537	3560.11
0.030863946	2927.31
0.030870748	2755.45
0.030891156	2310.88
0.030911565	1993.87
0.030931973	1679.42
0.030952381	1401.52
0.030972789	1173.94
0.0310068	1046.59
0.0310136	1022.95
0.03104082	999.234
0.03105442	983.323
0.03107483	976.667
0.03111565	970.057
0.03122449	976.667
0.0312585	1006.04
0.03129252	1019.17
0.03133333	1042.72
0.03136735	1136.15
0.03140136	1253.34
0.03144218	1387.74
0.03147619	1501.86
0.0315102	1701.33
0.03155102	1852.64
0.03158503	2031.14
0.03161905	2127.4
0.03165986	2339.59
0.03169388	2608.13
0.03172789	2803.5
0.03176871	2993.1
0.03180272	3217.3
0.03183673	3401.13
0.03187075	3765.85
0.03191157	3995.79
0.03194558	4185.16
0.03197959	4394.34
0.03202041	4648.29
0.03205442	4932.11
0.03208843	5162.66
0.03212925	5477.89
0.03216327	5888.22
0.03219728	6392.11
0.03223809	6649.73
0.03227211	7099.46
0.03230612	7532.95
0.03238095	8147.35
0.0324898	8833.66
0.03256463	9309.6
0.03263265	9684.81
0.0327415	10168.9
0.03285034	10546.1
0.03295918	10863.3
0.03306803	11190.0
0.03321088	11448.6
0.03331973	11641.0
0.03342857	11792.9
0.03353742	11946.8
0.03361224	12028.2
0.03372109	12147.6
0.03386395	12222.9
0.03404762	12344.2
0.03419048	12466.7
0.03437415	12551.7
0.03455102	12590.5
0.03484354	12637.2
0.035	12637.2
0.04	11866.0
0.040040816	11822.1
0.040122449	11727.6
0.040251701	11555.1
0.040292517	11378.1
0.040333333	11252.4
0.04037415	11121.2
0.040414966	10789.8
0.040462585	10546.1
0.040503401	10352.6
0.04052381	10118.8
0.040544218	8725.26
0.040585034	8496.67
0.04062585	7963.35
0.040639456	7381.03
0.040646259	6761.51
0.040659864	6616.97
0.040680272	6270.94
0.04070068	5965.06
0.040734694	5278.69
0.040755102	5046.07
0.04077551	4782.19
0.040789116	4375.39
0.040809524	4174.84
0.040829932	4090.64
0.040843537	3560.11
0.040863946	2927.31
0.040870748	2755.45
0.040891156	2310.88
0.040911565	1993.87
0.040931973	1679.42
0.040952381	1401.52
0.040972789	1173.94
0.0410068	1046.59
0.0410136	1022.95
0.04104082	999.234
0.04105442	983.323
0.04107483	976.667
0.04111565	970.057
0.04122449	976.667
0.0412585	1006.04
0.04129252	1019.17
0.04133333	1042.72
0.04136735	1136.15
0.04140136	1253.34
0.04144218	1387.74
0.04147619	1501.86
0.0415102	1701.33
0.04155102	1852.64
0.04158503	2031.14
0.04161905	2127.4
0.04165986	2339.59
0.04169388	2608.13
0.04172789	2803.5
0.04176871	2993.1
0.04180272	3217.3
0.04183673	3401.13
0.04187075	3765.85
0.04191157	3995.79
0.04194558	4185.16
0.04197959	4394.34
0.04202041	4648.29
0.04205442	4932.11
0.04208843	5162.66
0.04212925	5477.89
0.04216327	5888.22
0.04219728	6392.11
0.04223809	6649.73
0.04227211	7099.46
0.04230612	7532.95
0.04238095	8147.35
0.0424898	8833.66
0.04256463	9309.6
0.04263265	9684.81
0.0427415	10168.9
0.04285034	10546.1
0.04295918	10863.3
0.04306803	11190.0
0.04321088	11448.6
0.04331973	11641.0
0.04342857	11792.9
0.04353742	11946.8
0.04361224	12028.2
0.04372109	12147.6
0.04386395	12222.9
0.04404762	12344.2
0.04419048	12466.7
0.04437415	12551.7
0.04455102	12590.5
0.04484354	12637.2
0.045	12637.2
0.05	11866.0
0.050040816	11822.1
0.050122449	11727.6
0.050251701	11555.1
0.050292517	11378.1
0.050333333	11252.4
0.05037415	11121.2
0.050414966	10789.8
0.050462585	10546.1
0.050503401	10352.6
0.05052381	10118.8
0.050544218	8725.26
0.050585034	8496.67
0.05062585	7963.35
0.050639456	7381.03
0.050646259	6761.51
0.050659864	6616.97
0.050680272	6270.94
0.05070068	5965.06
0.050734694	5278.69
0.050755102	5046.07
0.05077551	4782.19
0.050789116	4375.39
0.050809524	4174.84
0.050829932	4090.64
0.050843537	3560.11
0.050863946	2927.31
0.050870748	2755.45
0.050891156	2310.88
0.050911565	1993.87
0.050931973	1679.42
0.050952381	1401.52
0.050972789	1173.94
0.0510068	1046.59
0.0510136	1022.95
0.05104082	999.234
0.05105442	983.323
0.05107483	976.667
0.05111565	970.057
0.05122449	976.667
0.0512585	1006.04
0.05129252	1019.17
0.05133333	1042.72
0.05136735	1136.15
0.05140136	1253.34
0.05144218	1387.74
0.05147619	1501.86
0.0515102	1701.33
0.05155102	1852.64
0.05158503	2031.14
0.05161905	2127.4
0.05165986	2339.59
0.05169388	2608.13
0.05172789	2803.5
0.05176871	2993.1
0.05180272	3217.3
0.05183673	3401.13
0.05187075	3765.85
0.05191157	3995.79
0.05194558	4185.16
0.05197959	4394.34
0.05202041	4648.29
0.05205442	4932.11
0.05208843	5162.66
0.05212925	5477.89
0.05216327	5888.22
0.05219728	6392.11
0.05223809	6649.73
0.05227211	7099.46
0.05230612	7532.95
0.05238095	8147.35
0.0524898	8833.66
0.05256463	9309.6
0.05263265	9684.81
0.0527415	10168.9
0.05285034	10546.1
0.05295918	10863.3
0.05306803	11190.0
0.05321088	11448.6
0.05331973	11641.0
0.05342857	11792.9
0.05353742	11946.8
0.05361224	12028.2
0.05372109	12147.6
0.05386395	12222.9
0.05404762	12344.2
0.05419048	12466.7
0.05437415	12551.7
0.05455102	12590.5
0.05484354	12637.2
0.055	12637.2
0.06	11866.0
0.060040816	11822.1
0.060122449	11727.6
0.060251701	11555.1
0.060292517	11378.1
0.060333333	11252.4
0.06037415	11121.2
0.060414966	10789.8
0.060462585	10546.1
0.060503401	10352.6
0.06052381	10118.8
0.060544218	8725.26
0.060585034	8496.67
0.06062585	7963.35
0.060639456	7381.03
0.060646259	6761.51
0.060659864	6616.97
0.060680272	6270.94
0.06070068	5965.06
0.060734694	5278.69
0.060755102	5046.07
0.06077551	4782.19
0.060789116	4375.39
0.060809524	4174.84
0.060829932	4090.64
0.060843537	3560.11
0.060863946	2927.31
0.060870748	2755.45
0.060891156	2310.88
0.060911565	1993.87
0.060931973	1679.42
0.060952381	1401.52
0.060972789	1173.94
0.0610068	1046.59
0.0610136	1022.95
0.06104082	999.234
0.06105442	983.323
0.06107483	976.667
0.06111565	970.057
0.06122449	976.667
0.0612585	1006.04
0.06129252	1019.17
0.06133333	1042.72
0.06136735	1136.15
0.06140136	1253.34
0.06144218	1387.74
0.06147619	1501.86
0.0615102	1701.33
0.06155102	1852.64
0.06158503	2031.14
0.06161905	2127.4
0.06165986	2339.59
0.06169388	2608.13
0.06172789	2803.5
0.06176871	2993.1
0.06180272	3217.3
0.06183673	3401.13
0.06187075	3765.85
0.06191157	3995.79
0.06194558	4185.16
0.06197959	4394.34
0.06202041	4648.29
0.06205442	4932.11
0.06208843	5162.66
0.06212925	5477.89
0.06216327	5888.22
0.06219728	6392.11
0.06223809	6649.73
0.06227211	7099.46
0.06230612	7532.95
0.06238095	8147.35
0.0624898	8833.66
0.06256463	9309.6
0.06263265	9684.81
0.0627415	10168.9
0.06285034	10546.1
0.06295918	10863.3
0.06306803	11190.0
0.06321088	11448.6
0.06331973	11641.0
0.06342857	11792.9
0.06353742	11946.8
0.06361224	12028.2
0.06372109	12147.6
0.06386395	12222.9
0.06404762	12344.2
0.06419048	12466.7
0.06437415	12551.7
0.06455102	12590.5
0.06484354	12637.2
0.065	12637.2
0.07	11866.0
0.070040816	11822.1
0.070122449	11727.6
0.070251701	11555.1
0.070292517	11378.1
0.070333333	11252.4
0.07037415	11121.2
0.070414966	10789.8
0.070462585	10546.1
0.070503401	10352.6
0.07052381	10118.8
0.070544218	8725.26
0.070585034	8496.67
0.07062585	7963.35
0.070639456	7381.03
0.070646259	6761.51
0.070659864	6616.97
0.070680272	6270.94
0.07070068	5965.06
0.070734694	5278.69
0.070755102	5046.07
0.07077551	4782.19
0.070789116	4375.39
0.070809524	4174.84
0.070829932	4090.64
0.070843537	3560.11
0.070863946	2927.31
0.070870748	2755.45
0.070891156	2310.88
0.070911565	1993.87
0.070931973	1679.42
0.070952381	1401.52
0.070972789	1173.94
0.0710068	1046.59
0.0710136	1022.95
0.07104082	999.234
0.07105442	983.323
0.07107483	976.667
0.07111565	970.057
0.07122449	976.667
0.0712585	1006.04
0.07129252	1019.17
0.07133333	1042.72
0.07136735	1136.15
0.07140136	1253.34
0.07144218	1387.74
0.07147619	1501.86
0.0715102	1701.33
0.07155102	1852.64
0.07158503	2031.14
0.07161905	2127.4
0.07165986	2339.59
0.07169388	2608.13
0.07172789	2803.5
0.07176871	2993.1
0.07180272	3217.3
0.07183673	3401.13
0.07187075	3765.85
0.07191157	3995.79
0.07194558	4185.16
0.07197959	4394.34
0.07202041	4648.29
0.07205442	4932.11
0.07208843	5162.66
0.07212925	5477.89
0.07216327	5888.22
0.07219728	6392.11
0.07223809	6649.73
0.07227211	7099.46
0.07230612	7532.95
0.07238095	8147.35
0.0724898	8833.66
0.07256463	9309.6
0.07263265	9684.81
0.0727415	10168.9
0.07285034	10546.1
0.07295918	10863.3
0.07306803	11190.0
0.07321088	11448.6
0.07331973	11641.0
0.07342857	11792.9
0.07353742	11946.8
0.07361224	12028.2
0.07372109	12147.6
0.07386395	12222.9
0.07404762	12344.2
0.07419048	12466.7
0.07437415	12551.7
0.07455102	12590.5
0.07484354	12637.2
0.075	12637.2
0.08	11866.0
0.080040816	11822.1
0.080122449	11727.6
0.080251701	11555.1
0.080292517	11378.1
0.080333333	11252.4
0.08037415	11121.2
0.080414966	10789.8
0.080462585	10546.1
0.080503401	10352.6
0.08052381	10118.8
0.080544218	8725.26
0.080585034	8496.67
0.08062585	7963.35
0.080639456	7381.03
0.080646259	6761.51
0.080659864	6616.97
0.080680272	6270.94
0.08070068	5965.06
0.080734694	5278.69
0.080755102	5046.07
0.08077551	4782.19
0.080789116	4375.39
0.080809524	4174.84
0.080829932	4090.64
0.080843537	3560.11
0.080863946	2927.31
0.080870748	2755.45
0.080891156	2310.88
0.080911565	1993.87
0.080931973	1679.42
0.080952381	1401.52
0.080972789	1173.94
0.0810068	1046.59
0.0810136	1022.95
0.08104082	999.234
0.08105442	983.323
0.08107483	976.667
0.08111565	970.057
0.08122449	976.667
0.0812585	1006.04
0.08129252	1019.17
0.08133333	1042.72
0.08136735	1136.15
0.08140136	1253.34
0.08144218	1387.74
0.08147619	1501.86
0.0815102	1701.33
0.08155102	1852.64
0.08158503	2031.14
0.08161905	2127.4
0.08165986	2339.59
0.08169388	2608.13
0.08172789	2803.5
0.08176871	2993.1
0.08180272	3217.3
0.08183673	3401.13
0.08187075	3765.85
0.08191157	3995.79
0.08194558	4185.16
0.08197959	4394.34
0.08202041	4648.29
0.08205442	4932.11
0.08208843	5162.66
0.08212925	5477.89
0.08216327	5888.22
0.08219728	6392.11
0.08223809	6649.73
0.08227211	7099.46
0.08230612	7532.95
0.08238095	8147.35
0.0824898	8833.66
0.08256463	9309.6
0.08263265	9684.81
0.0827415	10168.9
0.08285034	10546.1
0.08295918	10863.3
0.08306803	11190.0
0.08321088	11448.6
0.08331973	11641.0
0.08342857	11792.9
0.08353742	11946.8
0.08361224	12028.2
0.08372109	12147.6
0.08386395	12222.9
0.08404762	12344.2
0.08419048	12466.7
0.08437415	12551.7
0.08455102	12590.5
0.08484354	12637.2
0.085	12637.2
0.09	11866.0
0.090040816	11822.1
0.090122449	11727.6
0.090251701	11555.1
0.090292517	11378.1
0.090333333	11252.4
0.09037415	11121.2
0.090414966	10789.8
0.090462585	10546.1
0.090503401	10352.6
0.09052381	10118.8
0.090544218	8725.26
0.090585034	8496.67
0.09062585	7963.35
0.090639456	7381.03
0.090646259	6761.51
0.090659864	6616.97
0.090680272	6270.94
0.09070068	5965.06
0.090734694	5278.69
0.090755102	5046.07
0.09077551	4782.19
0.090789116	4375.39
0.090809524	4174.84
0.090829932	4090.64
0.090843537	3560.11
0.090863946	2927.31
0.090870748	2755.45
0.090891156	2310.88
0.090911565	1993.87
0.090931973	1679.42
0.090952381	1401.52
0.090972789	1173.94
0.0910068	1046.59
0.0910136	1022.95
0.09104082	999.234
0.09105442	983.323
0.09107483	976.667
0.09111565	970.057
0.09122449	976.667
0.0912585	1006.04
0.09129252	1019.17
0.09133333	1042.72
0.09136735	1136.15
0.09140136	1253.34
0.09144218	1387.74
0.09147619	1501.86
0.0915102	1701.33
0.09155102	1852.64
0.09158503	2031.14
0.09161905	2127.4
0.09165986	2339.59
0.09169388	2608.13
0.09172789	2803.5
0.09176871	2993.1
0.09180272	3217.3
0.09183673	3401.13
0.09187075	3765.85
0.09191157	3995.79
0.09194558	4185.16
0.09197959	4394.34
0.09202041	4648.29
0.09205442	4932.11
0.09208843	5162.66
0.09212925	5477.89
0.09216327	5888.22
0.09219728	6392.11
0.09223809	6649.73
0.09227211	7099.46
0.09230612	7532.95
0.09238095	8147.35
0.0924898	8833.66
0.09256463	9309.6
0.09263265	9684.81
0.0927415	10168.9
0.09285034	10546.1
0.09295918	10863.3
0.09306803	11190.0
0.09321088	11448.6
0.09331973	11641.0
0.09342857	11792.9
0.09353742	11946.8
0.09361224	12028.2
0.09372109	12147.6
0.09386395	12222.9
0.09404762	12344.2
0.09419048	12466.7
0.09437415	12551.7
0.09455102	12590.5
0.09484354	12637.2
0.095	12637.2
0.1	11866.0
0.100040816	11822.1
0.100122449	11727.6
0.100251701	11555.1
0.100292517	11378.1
0.100333333	11252.4
0.10037415	11121.2
0.100414966	10789.8
0.100462585	10546.1
0.100503401	10352.6
0.10052381	10118.8
0.100544218	8725.26
0.100585034	8496.67
0.10062585	7963.35
0.100639456	7381.03
0.100646259	6761.51
0.100659864	6616.97
0.100680272	6270.94
0.10070068	5965.06
0.100734694	5278.69
0.100755102	5046.07
0.10077551	4782.19
0.100789116	4375.39
0.100809524	4174.84
0.100829932	4090.64
0.100843537	3560.11
0.100863946	2927.31
0.100870748	2755.45
0.100891156	2310.88
0.100911565	1993.87
0.100931973	1679.42
0.100952381	1401.52
0.100972789	1173.94
0.1010068	1046.59
0.1010136	1022.95
0.10104082	999.234
0.10105442	983.323
0.10107483	976.667
0.10111565	970.057
0.10122449	976.667
0.1012585	1006.04
0.10129252	1019.17
0.10133333	1042.72
0.10136735	1136.15
0.10140136	1253.34
0.10144218	1387.74
0.10147619	1501.86
0.1015102	1701.33
0.10155102	1852.64
0.10158503	2031.14
0.10161905	2127.4
0.10165986	2339.59
0.10169388	2608.13
0.10172789	2803.5
0.10176871	2993.1
0.10180272	3217.3
0.10183673	3401.13
0.10187075	3765.85
0.10191157	3995.79
0.10194558	4185.16
0.10197959	4394.34
0.10202041	4648.29
0.10205442	4932.11
0.10208843	5162.66
0.10212925	5477.89
0.10216327	5888.22
0.10219728	6392.11
0.10223809	6649.73
0.10227211	7099.46
0.10230612	7532.95
0.10238095	8147.35
0.1024898	8833.66
0.10256463	9309.6
0.10263265	9684.81
0.1027415	10168.9
0.10285034	10546.1
0.10295918	10863.3
0.10306803	11190.0
0.10321088	11448.6
0.10331973	11641.0
0.10342857	11792.9
0.10353742	11946.8
0.10361224	12028.2
0.10372109	12147.6
0.10386395	12222.9
0.10404762	12344.2
0.10419048	12466.7
0.10437415	12551.7
0.10455102	12590.5
0.10484354	12637.2
0.105	12637.2
0.11	11866.0
0.110040816	11822.1
0.110122449	11727.6
0.110251701	11555.1
0.110292517	11378.1
0.110333333	11252.4
0.11037415	11121.2
0.110414966	10789.8
0.110462585	10546.1
0.110503401	10352.6
0.11052381	10118.8
0.110544218	8725.26
0.110585034	8496.67
0.11062585	7963.35
0.110639456	7381.03
0.110646259	6761.51
0.110659864	6616.97
0.110680272	6270.94
0.11070068	5965.06
0.110734694	5278.69
0.110755102	5046.07
0.11077551	4782.19
0.110789116	4375.39
0.110809524	4174.84
0.110829932	4090.64
0.110843537	3560.11
0.110863946	2927.31
0.110870748	2755.45
0.110891156	2310.88
0.110911565	1993.87
0.110931973	1679.42
0.110952381	1401.52
0.110972789	1173.94
0.1110068	1046.59
0.1110136	1022.95
0.11104082	999.234
0.11105442	983.323
0.11107483	976.667
0.11111565	970.057
0.11122449	976.667
0.1112585	1006.04
0.11129252	1019.17
0.11133333	1042.72
0.11136735	1136.15
0.11140136	1253.34
0.11144218	1387.74
0.11147619	1501.86
0.1115102	1701.33
0.11155102	1852.64
0.11158503	2031.14
0.11161905	2127.4
0.11165986	2339.59
0.11169388	2608.13
0.11172789	2803.5
0.11176871	2993.1
0.11180272	3217.3
0.11183673	3401.13
0.11187075	3765.85
0.11191157	3995.79
0.11194558	4185.16
0.11197959	4394.34
0.11202041	4648.29
0.11205442	4932.11
0.11208843	5162.66
0.11212925	5477.89
0.11216327	5888.22
0.11219728	6392.11
0.11223809	6649.73
0.11227211	7099.46
0.11230612	7532.95
0.11238095	8147.35
0.1124898	8833.66
0.11256463	9309.6
0.11263265	9684.81
0.1127415	10168.9
0.11285034	10546.1
0.11295918	10863.3
0.11306803	11190.0
0.11321088	11448.6
0.11331973	11641.0
0.11342857	11792.9
0.11353742	11946.8
0.11361224	12028.2
0.11372109	12147.6
0.11386395	12222.9
0.11404762	12344.2
0.11419048	12466.7
0.11437415	12551.7
0.11455102	12590.5
0.11484354	12637.2
0.115	12637.2
0.12	11866.0
0.120040816	11822.1
0.120122449	11727.6
0.120251701	11555.1
0.120292517	11378.1
0.120333333	11252.4
0.12037415	11121.2
0.120414966	10789.8
0.120462585	10546.1
0.120503401	10352.6
0.12052381	10118.8
0.120544218	8725.26
0.120585034	8496.67
0.12062585	7963.35
0.120639456	7381.03
0.120646259	6761.51
0.120659864	6616.97
0.120680272	6270.94
0.12070068	5965.06
0.120734694	5278.69
0.120755102	5046.07
0.12077551	4782.19
0.120789116	4375.39
0.120809524	4174.84
0.120829932	4090.64
0.120843537	3560.11
0.120863946	2927.31
0.120870748	2755.45
0.120891156	2310.88
0.120911565	1993.87
0.120931973	1679.42
0.120952381	1401.52
0.120972789	1173.94
0.1210068	1046.59
0.1210136	1022.95
0.12104082	999.234
0.12105442	983.323
0.12107483	976.667
0.12111565	970.057
0.12122449	976.667
0.1212585	1006.04
0.12129252	1019.17
0.12133333	1042.72
0.12136735	1136.15
0.12140136	1253.34
0.12144218	1387.74
0.12147619	1501.86
0.1215102	1701.33
0.12155102	1852.64
0.12158503	2031.14
0.12161905	2127.4
0.12165986	2339.59
0.12169388	2608.13
0.12172789	2803.5
0.12176871	2993.1
0.12180272	3217.3
0.12183673	3401.13
0.12187075	3765.85
0.12191157	3995.79
0.12194558	4185.16
0.12197959	4394.34
0.12202041	4648.29
0.12205442	4932.11
0.12208843	5162.66
0.12212925	5477.89
0.12216327	5888.22
0.12219728	6392.11
0.12223809	6649.73
0.12227211	7099.46
0.12230612	7532.95
0.12238095	8147.35
0.1224898	8833.66
0.12256463	9309.6
0.12263265	9684.81
0.1227415	10168.9
0.12285034	10546.1
0.12295918	10863.3
0.12306803	11190.0
0.12321088	11448.6
0.12331973	11641.0
0.12342857	11792.9
0.12353742	11946.8
0.12361224	12028.2
0.12372109	12147.6
0.12386395	12222.9
0.12404762	12344.2
0.12419048	12466.7
0.12437415	12551.7
0.12455102	12590.5
0.12484354	12637.2
0.125	12637.2
0.13	11866.0
0.130040816	11822.1
0.130122449	11727.6
0.130251701	11555.1
0.130292517	11378.1
0.130333333	11252.4
0.13037415	11121.2
0.130414966	10789.8
0.130462585	10546.1
0.130503401	10352.6
0.13052381	10118.8
0.130544218	8725.26
0.130585034	8496.67
0.13062585	7963.35
0.130639456	7381.03
0.130646259	6761.51
0.130659864	6616.97
0.130680272	6270.94
0.13070068	5965.06
0.130734694	5278.69
0.130755102	5046.07
0.13077551	4782.19
0.130789116	4375.39
0.130809524	4174.84
0.130829932	4090.64
0.130843537	3560.11
0.130863946	2927.31
0.130870748	2755.45
0.130891156	2310.88
0.130911565	1993.87
0.130931973	1679.42
0.130952381	1401.52
0.130972789	1173.94
0.1310068	1046.59
0.1310136	1022.95
0.13104082	999.234
0.13105442	983.323
0.13107483	976.667
0.13111565	970.057
0.13122449	976.667
0.1312585	1006.04
0.13129252	1019.17
0.13133333	1042.72
0.13136735	1136.15
0.13140136	1253.34
0.13144218	1387.74
0.13147619	1501.86
0.1315102	1701.33
0.13155102	1852.64
0.13158503	2031.14
0.13161905	2127.4
0.13165986	2339.59
0.13169388	2608.13
0.13172789	2803.5
0.13176871	2993.1
0.13180272	3217.3
0.13183673	3401.13
0.13187075	3765.85
0.13191157	3995.79
0.13194558	4185.16
0.13197959	4394.34
0.13202041	4648.29
0.13205442	4932.11
0.13208843	5162.66
0.13212925	5477.89
0.13216327	5888.22
0.13219728	6392.11
0.13223809	6649.73
0.13227211	7099.46
0.13230612	7532.95
0.13238095	8147.35
0.1324898	8833.66
0.13256463	9309.6
0.13263265	9684.81
0.1327415	10168.9
0.13285034	10546.1
0.13295918	10863.3
0.13306803	11190.0
0.13321088	11448.6
0.13331973	11641.0
0.13342857	11792.9
0.13353742	11946.8
0.13361224	12028.2
0.13372109	12147.6
0.13386395	12222.9
0.13404762	12344.2
0.13419048	12466.7
0.13437415	12551.7
0.13455102	12590.5
0.13484354	12637.2
0.135	12637.2
0.14	11866.0
0.140040816	11822.1
0.140122449	11727.6
0.140251701	11555.1
0.140292517	11378.1
0.140333333	11252.4
0.14037415	11121.2
0.140414966	10789.8
0.140462585	10546.1
0.140503401	10352.6
0.14052381	10118.8
0.140544218	8725.26
0.140585034	8496.67
0.14062585	7963.35
0.140639456	7381.03
0.140646259	6761.51
0.140659864	6616.97
0.140680272	6270.94
0.14070068	5965.06
0.140734694	5278.69
0.140755102	5046.07
0.14077551	4782.19
0.140789116	4375.39
0.140809524	4174.84
0.140829932	4090.64
0.140843537	3560.11
0.140863946	2927.31
0.140870748	2755.45
0.140891156	2310.88
0.140911565	1993.87
0.140931973	1679.42
0.140952381	1401.52
0.140972789	1173.94
0.1410068	1046.59
0.1410136	1022.95
0.14104082	999.234
0.14105442	983.323
0.14107483	976.667
0.14111565	970.057
0.14122449	976.667
0.1412585	1006.04
0.14129252	1019.17
0.14133333	1042.72
0.14136735	1136.15
0.14140136	1253.34
0.14144218	1387.74
0.14147619	1501.86
0.1415102	1701.33
0.14155102	1852.64
0.14158503	2031.14
0.14161905	2127.4
0.14165986	2339.59
0.14169388	2608.13
0.14172789	2803.5
0.14176871	2993.1
0.14180272	3217.3
0.14183673	3401.13
0.14187075	3765.85
0.14191157	3995.79
0.14194558	4185.16
0.14197959	4394.34
0.14202041	4648.29
0.14205442	4932.11
0.14208843	5162.66
0.14212925	5477.89
0.14216327	5888.22
0.14219728	6392.11
0.14223809	6649.73
0.14227211	7099.46
0.14230612	7532.95
0.14238095	8147.35
0.1424898	8833.66
0.14256463	9309.6
0.14263265	9684.81
0.1427415	10168.9
0.14285034	10546.1
0.14295918	10863.3
0.14306803	11190.0
0.14321088	11448.6
0.14331973	11641.0
0.14342857	11792.9
0.14353742	11946.8
0.14361224	12028.2
0.14372109	12147.6
0.14386395	12222.9
0.14404762	12344.2
0.14419048	12466.7
0.14437415	12551.7
0.14455102	12590.5
0.14484354	12637.2
0.145	12637.2
0.15	11866.0
0.150040816	11822.1
0.150122449	11727.6
0.150251701	11555.1
0.150292517	11378.1
0.150333333	11252.4
0.15037415	11121.2
0.150414966	10789.8
0.150462585	10546.1
0.150503401	10352.6
0.15052381	10118.8
0.150544218	8725.26
0.150585034	8496.67
0.15062585	7963.35
0.150639456	7381.03
0.150646259	6761.51
0.150659864	6616.97
0.150680272	6270.94
0.15070068	5965.06
0.150734694	5278.69
0.150755102	5046.07
0.15077551	4782.19
0.150789116	4375.39
0.150809524	4174.84
0.150829932	4090.64
0.150843537	3560.11
0.150863946	2927.31
0.150870748	2755.45
0.150891156	2310.88
0.150911565	1993.87
0.150931973	1679.42
0.150952381	1401.52
0.150972789	1173.94
0.1510068	1046.59
0.1510136	1022.95
0.15104082	999.234
0.15105442	983.323
0.15107483	976.667
0.15111565	970.057
0.15122449	976.667
0.1512585	1006.04
0.15129252	1019.17
0.15133333	1042.72
0.15136735	1136.15
0.15140136	1253.34
0.15144218	1387.74
0.15147619	1501.86
0.1515102	1701.33
0.15155102	1852.64
0.15158503	2031.14
0.15161905	2127.4
0.15165986	2339.59
0.15169388	2608.13
0.15172789	2803.5
0.15176871	2993.1
0.15180272	3217.3
0.15183673	3401.13
0.15187075	3765.85
0.15191157	3995.79
0.15194558	4185.16
0.15197959	4394.34
0.15202041	4648.29
0.15205442	4932.11
0.15208843	5162.66
0.15212925	5477.89
0.15216327	5888.22
0.15219728	6392.11
0.15223809	6649.73
0.15227211	7099.46
0.15230612	7532.95
0.15238095	8147.35
0.1524898	8833.66
0.15256463	9309.6
0.15263265	9684.81
0.1527415	10168.9
0.15285034	10546.1
0.15295918	10863.3
0.15306803	11190.0
0.15321088	11448.6
0.15331973	11641.0
0.15342857	11792.9
0.15353742	11946.8
0.15361224	12028.2
0.15372109	12147.6
0.15386395	12222.9
0.15404762	12344.2
0.15419048	12466.7
0.15437415	12551.7
0.15455102	12590.5
0.15484354	12637.2
0.155	12637.2
0.16	11866.0
0.160040816	11822.1
0.160122449	11727.6
0.160251701	11555.1
0.160292517	11378.1
0.160333333	11252.4
0.16037415	11121.2
0.160414966	10789.8
0.160462585	10546.1
0.160503401	10352.6
0.16052381	10118.8
0.160544218	8725.26
0.160585034	8496.67
0.16062585	7963.35
0.160639456	7381.03
0.160646259	6761.51
0.160659864	6616.97
0.160680272	6270.94
0.16070068	5965.06
0.160734694	5278.69
0.160755102	5046.07
0.16077551	4782.19
0.160789116	4375.39
0.160809524	4174.84
0.160829932	4090.64
0.160843537	3560.11
0.160863946	2927.31
0.160870748	2755.45
0.160891156	2310.88
0.160911565	1993.87
0.160931973	1679.42
0.160952381	1401.52
0.160972789	1173.94
0.1610068	1046.59
0.1610136	1022.95
0.16104082	999.234
0.16105442	983.323
0.16107483	976.667
0.16111565	970.057
0.16122449	976.667
0.1612585	1006.04
0.16129252	1019.17
0.16133333	1042.72
0.16136735	1136.15
0.16140136	1253.34
0.16144218	1387.74
0.16147619	1501.86
0.1615102	1701.33
0.16155102	1852.64
0.16158503	2031.14
0.16161905	2127.4
0.16165986	2339.59
0.16169388	2608.13
0.16172789	2803.5
0.16176871	2993.1
0.16180272	3217.3
0.16183673	3401.13
0.16187075	3765.85
0.16191157	3995.79
0.16194558	4185.16
0.16197959	4394.34
0.16202041	4648.29
0.16205442	4932.11
0.16208843	5162.66
0.16212925	5477.89
0.16216327	5888.22
0.16219728	6392.11
0.16223809	6649.73
0.16227211	7099.46
0.16230612	7532.95
0.16238095	8147.35
0.1624898	8833.66
0.16256463	9309.6
0.16263265	9684.81
0.1627415	10168.9
0.16285034	10546.1
0.16295918	10863.3
0.16306803	11190.0
0.16321088	11448.6
0.16331973	11641.0
0.16342857	11792.9
0.16353742	11946.8
0.16361224	12028.2
0.16372109	12147.6
0.16386395	12222.9
0.16404762	12344.2
0.16419048	12466.7
0.16437415	12551.7
0.16455102	12590.5
0.16484354	12637.2
0.165	12637.2
0.17	11866.0
0.170040816	11822.1
0.170122449	11727.6
0.170251701	11555.1
0.170292517	11378.1
0.170333333	11252.4
0.17037415	11121.2
0.170414966	10789.8
0.170462585	10546.1
0.170503401	10352.6
0.17052381	10118.8
0.170544218	8725.26
0.170585034	8496.67
0.17062585	7963.35
0.170639456	7381.03
0.170646259	6761.51
0.170659864	6616.97
0.170680272	6270.94
0.17070068	5965.06
0.170734694	5278.69
0.170755102	5046.07
0.17077551	4782.19
0.170789116	4375.39
0.170809524	4174.84
0.170829932	4090.64
0.170843537	3560.11
0.170863946	2927.31
0.170870748	2755.45
0.170891156	2310.88
0.170911565	1993.87
0.170931973	1679.42
0.170952381	1401.52
0.170972789	1173.94
0.1710068	1046.59
0.1710136	1022.95
0.17104082	999.234
0.17105442	983.323
0.17107483	976.667
0.17111565	970.057
0.17122449	976.667
0.1712585	1006.04
0.17129252	1019.17
0.17133333	1042.72
0.17136735	1136.15
0.17140136	1253.34
0.17144218	1387.74
0.17147619	1501.86
0.1715102	1701.33
0.17155102	1852.64
0.17158503	2031.14
0.17161905	2127.4
0.17165986	2339.59
0.17169388	2608.13
0.17172789	2803.5
0.17176871	2993.1
0.17180272	3217.3
0.17183673	3401.13
0.17187075	3765.85
0.17191157	3995.79
0.17194558	4185.16
0.17197959	4394.34
0.17202041	4648.29
0.17205442	4932.11
0.17208843	5162.66
0.17212925	5477.89
0.17216327	5888.22
0.17219728	6392.11
0.17223809	6649.73
0.17227211	7099.46
0.17230612	7532.95
0.17238095	8147.35
0.1724898	8833.66
0.17256463	9309.6
0.17263265	9684.81
0.1727415	10168.9
0.17285034	10546.1
0.17295918	10863.3
0.17306803	11190.0
0.17321088	11448.6
0.17331973	11641.0
0.17342857	11792.9
0.17353742	11946.8
0.17361224	12028.2
0.17372109	12147.6
0.17386395	12222.9
0.17404762	12344.2
0.17419048	12466.7
0.17437415	12551.7
0.17455102	12590.5
0.17484354	12637.2
0.175	12637.2
0.18	11866.0
0.180040816	11822.1
0.180122449	11727.6
0.180251701	11555.1
0.180292517	11378.1
0.180333333	11252.4
0.18037415	11121.2
0.180414966	10789.8
0.180462585	10546.1
0.180503401	10352.6
0.18052381	10118.8
0.180544218	8725.26
0.180585034	8496.67
0.18062585	7963.35
0.180639456	7381.03
0.180646259	6761.51
0.180659864	6616.97
0.180680272	6270.94
0.18070068	5965.06
0.180734694	5278.69
0.180755102	5046.07
0.18077551	4782.19
0.180789116	4375.39
0.180809524	4174.84
0.180829932	4090.64
0.180843537	3560.11
0.180863946	2927.31
0.180870748	2755.45
0.180891156	2310.88
0.180911565	1993.87
0.180931973	1679.42
0.180952381	1401.52
0.180972789	1173.94
0.1810068	1046.59
0.1810136	1022.95
0.18104082	999.234
0.18105442	983.323
0.18107483	976.667
0.18111565	970.057
0.18122449	976.667
0.1812585	1006.04
0.18129252	1019.17
0.18133333	1042.72
0.18136735	1136.15
0.18140136	1253.34
0.18144218	1387.74
0.18147619	1501.86
0.1815102	1701.33
0.18155102	1852.64
0.18158503	2031.14
0.18161905	2127.4
0.18165986	2339.59
0.18169388	2608.13
0.18172789	2803.5
0.18176871	2993.1
0.18180272	3217.3
0.18183673	3401.13
0.18187075	3765.85
0.18191157	3995.79
0.18194558	4185.16
0.18197959	4394.34
0.18202041	4648.29
0.18205442	4932.11
0.18208843	5162.66
0.18212925	5477.89
0.18216327	5888.22
0.18219728	6392.11
0.18223809	6649.73
0.18227211	7099.46
0.18230612	7532.95
0.18238095	8147.35
0.1824898	8833.66
0.18256463	9309.6
0.18263265	9684.81
0.1827415	10168.9
0.18285034	10546.1
0.18295918	10863.3
0.18306803	11190.0
0.18321088	11448.6
0.18331973	11641.0
0.18342857	11792.9
0.18353742	11946.8
0.18361224	12028.2
0.18372109	12147.6
0.18386395	12222.9
0.18404762	12344.2
0.18419048	12466.7
0.18437415	12551.7
0.18455102	12590.5
0.18484354	12637.2
0.185	12637.2
0.19	11866.0
0.190040816	11822.1
0.190122449	11727.6
0.190251701	11555.1
0.190292517	11378.1
0.190333333	11252.4
0.19037415	11121.2
0.190414966	10789.8
0.190462585	10546.1
0.190503401	10352.6
0.19052381	10118.8
0.190544218	8725.26
0.190585034	8496.67
0.19062585	7963.35
0.190639456	7381.03
0.190646259	6761.51
0.190659864	6616.97
0.190680272	6270.94
0.19070068	5965.06
0.190734694	5278.69
0.190755102	5046.07
0.19077551	4782.19
0.190789116	4375.39
0.190809524	4174.84
0.190829932	4090.64
0.190843537	3560.11
0.190863946	2927.31
0.190870748	2755.45
0.190891156	2310.88
0.190911565	1993.87
0.190931973	1679.42
0.190952381	1401.52
0.190972789	1173.94
0.1910068	1046.59
0.1910136	1022.95
0.19104082	999.234
0.19105442	983.323
0.19107483	976.667
0.19111565	970.057
0.19122449	976.667
0.1912585	1006.04
0.19129252	1019.17
0.19133333	1042.72
0.19136735	1136.15
0.19140136	1253.34
0.19144218	1387.74
0.19147619	1501.86
0.1915102	1701.33
0.19155102	1852.64
0.19158503	2031.14
0.19161905	2127.4
0.19165986	2339.59
0.19169388	2608.13
0.19172789	2803.5
0.19176871	2993.1
0.19180272	3217.3
0.19183673	3401.13
0.19187075	3765.85
0.19191157	3995.79
0.19194558	4185.16
0.19197959	4394.34
0.19202041	4648.29
0.19205442	4932.11
0.19208843	5162.66
0.19212925	5477.89
0.19216327	5888.22
0.19219728	6392.11
0.19223809	6649.73
0.19227211	7099.46
0.19230612	7532.95
0.19238095	8147.35
0.1924898	8833.66
0.19256463	9309.6
0.19263265	9684.81
0.1927415	10168.9
0.19285034	10546.1
0.19295918	10863.3
0.19306803	11190.0
0.19321088	11448.6
0.19331973	11641.0
0.19342857	11792.9
0.19353742	11946.8
0.19361224	12028.2
0.19372109	12147.6
0.19386395	12222.9
0.19404762	12344.2
0.19419048	12466.7
0.19437415	12551.7
0.19455102	12590.5
0.19484354	12637.2
0.195	12637.2
5.19	11866.0
5.190040816	11822.1
5.190122449	11727.6
5.190251701	11555.1
5.190292517	11378.1
5.190333333	11252.4
5.19037415	11121.2
5.190414966	10789.8
5.190462585	10546.1
5.190503401	10352.6
5.19052381	10118.8
5.190544218	8725.26
5.190585034	8496.67
5.19062585	7963.35
5.190639456	7381.03
5.190646259	6761.51
5.190659864	6616.97
5.190680272	6270.94
5.19070068	5965.06
5.190734694	5278.69
5.190755102	5046.07
5.19077551	4782.19
5.190789116	4375.39
5.190809524	4174.84
5.190829932	4090.64
5.190843537	3560.11
5.190863946	2927.31
5.190870748	2755.45
5.190891156	2310.88
5.190911565	1993.87
5.190931973	1679.42
5.190952381	1401.52
5.190972789	1173.94
5.1910068	1046.59
5.1910136	1022.95
5.19104082	999.234
5.19105442	983.323
5.19107483	976.667
5.19111565	970.057
5.19122449	976.667
5.1912585	1006.04
5.19129252	1019.17
5.19133333	1042.72
5.19136735	1136.15
5.19140136	1253.34
5.19144218	1387.74
5.19147619	1501.86
5.1915102	1701.33
5.19155102	1852.64
5.19158503	2031.14
5.19161905	2127.4
5.19165986	2339.59
5.19169388	2608.13
5.19172789	2803.5
5.19176871	2993.1
5.19180272	3217.3
5.19183673	3401.13
5.19187075	3765.85
5.19191157	3995.79
5.19194558	4185.16
5.19197959	4394.34
5.19202041	4648.29
5.19205442	4932.11
5.19208843	5162.66
5.19212925	5477.89
5.19216327	5888.22
5.19219728	6392.11
5.19223809	6649.73
5.19227211	7099.46
5.19230612	7532.95
5.19238095	8147.35
5.1924898	8833.66
5.19256463	9309.6
5.19263265	9684.81
5.1927415	10168.9
5.19285034	10546.1
5.19295918	10863.3
5.19306803	11190.0
5.19321088	11448.6
5.19331973	11641.0
5.19342857	11792.9
5.19353742	11946.8
5.19361224	12028.2
5.19372109	12147.6
5.19386395	12222.9
5.19404762	12344.2
5.19419048	12466.7
5.19437415	12551.7
5.19455102	12590.5
5.19484354	12637.2
5.195	12637.2
5.2	11866.0
5.200040816	11822.1
5.200122449	11727.6
5.200251701	11555.1
5.200292517	11378.1
5.200333333	11252.4
5.20037415	11121.2
5.200414966	10789.8
5.200462585	10546.1
5.200503401	10352.6
5.20052381	10118.8
5.200544218	8725.26
5.200585034	8496.67
5.20062585	7963.35
5.200639456	7381.03
5.200646259	6761.51
5.200659864	6616.97
5.200680272	6270.94
5.20070068	5965.06
5.200734694	5278.69
5.200755102	5046.07
5.20077551	4782.19
5.200789116	4375.39
5.200809524	4174.84
5.200829932	4090.64
5.200843537	3560.11
5.200863946	2927.31
5.200870748	2755.45
5.200891156	2310.88
5.200911565	1993.87
5.200931973	1679.42
5.200952381	1401.52
5.200972789	1173.94
5.2010068	1046.59
5.2010136	1022.95
5.20104082	999.234
5.20105442	983.323
5.20107483	976.667
5.20111565	970.057
5.20122449	976.667
5.2012585	1006.04
5.20129252	1019.17
5.20133333	1042.72
5.20136735	1136.15
5.20140136	1253.34
5.20144218	1387.74
5.20147619	1501.86
5.2015102	1701.33
5.20155102	1852.64
5.20158503	2031.14
5.20161905	2127.4
5.20165986	2339.59
5.20169388	2608.13
5.20172789	2803.5
5.20176871	2993.1
5.20180272	3217.3
5.20183673	3401.13
5.20187075	3765.85
5.20191157	3995.79
5.20194558	4185.16
5.20197959	4394.34
5.20202041	4648.29
5.20205442	4932.11
5.20208843	5162.66
5.20212925	5477.89
5.20216327	5888.22
5.20219728	6392.11
5.20223809	6649.73
5.20227211	7099.46
5.20230612	7532.95
5.20238095	8147.35
5.2024898	8833.66
5.20256463	9309.6
5.20263265	9684.81
5.2027415	10168.9
5.20285034	10546.1
5.20295918	10863.3
5.20306803	11190.0
5.20321088	11448.6
5.20331973	11641.0
5.20342857	11792.9
5.20353742	11946.8
5.20361224	12028.2
5.20372109	12147.6
5.20386395	12222.9
5.20404762	12344.2
5.20419048	12466.7
5.20437415	12551.7
5.20455102	12590.5
5.20484354	12637.2
5.205	12637.2
5.21	11866.0
5.210040816	11822.1
5.210122449	11727.6
5.210251701	11555.1
5.210292517	11378.1
5.210333333	11252.4
5.21037415	11121.2
5.210414966	10789.8
5.210462585	10546.1
5.210503401	10352.6
5.21052381	10118.8
5.210544218	8725.26
5.210585034	8496.67
5.21062585	7963.35
5.210639456	7381.03
5.210646259	6761.51
5.210659864	6616.97
5.210680272	6270.94
5.21070068	5965.06
5.210734694	5278.69
5.210755102	5046.07
5.21077551	4782.19
5.210789116	4375.39
5.210809524	4174.84
5.210829932	4090.64
5.210843537	3560.11
5.210863946	2927.31
5.210870748	2755.45
5.210891156	2310.88
5.210911565	1993.87
5.210931973	1679.42
5.210952381	1401.52
5.210972789	1173.94
5.2110068	1046.59
5.2110136	1022.95
5.21104082	999.234
5.21105442	983.323
5.21107483	976.667
5.21111565	970.057
5.21122449	976.667
5.2112585	1006.04
5.21129252	1019.17
5.21133333	1042.72
5.21136735	1136.15
5.21140136	1253.34
5.21144218	1387.74
5.21147619	1501.86
5.2115102	1701.33
5.21155102	1852.64
5.21158503	2031.14
5.21161905	2127.4
5.21165986	2339.59
5.21169388	2608.13
5.21172789	2803.5
5.21176871	2993.1
5.21180272	3217.3
5.21183673	3401.13
5.21187075	3765.85
5.21191157	3995.79
5.21194558	4185.16
5.21197959	4394.34
5.21202041	4648.29
5.21205442	4932.11
5.21208843	5162.66
5.21212925	5477.89
5.21216327	5888.22
5.21219728	6392.11
5.21223809	6649.73
5.21227211	7099.46
5.21230612	7532.95
5.21238095	8147.35
5.2124898	8833.66
5.21256463	9309.6
5.21263265	9684.81
5.2127415	10168.9
5.21285034	10546.1
5.21295918	10863.3
5.21306803	11190.0
5.21321088	11448.6
5.21331973	11641.0
5.21342857	11792.9
5.21353742	11946.8
5.21361224	12028.2
5.21372109	12147.6
5.21386395	12222.9
5.21404762	12344.2
5.21419048	12466.7
5.21437415	12551.7
5.21455102	12590.5
5.21484354	12637.2
5.215	12637.2
5.22	11866.0
5.220040816	11822.1
5.220122449	11727.6
5.220251701	11555.1
5.220292517	11378.1
5.220333333	11252.4
5.22037415	11121.2
5.220414966	10789.8
5.220462585	10546.1
5.220503401	10352.6
5.22052381	10118.8
5.220544218	8725.26
5.220585034	8496.67
5.22062585	7963.35
5.220639456	7381.03
5.220646259	6761.51
5.220659864	6616.97
5.220680272	6270.94
5.22070068	5965.06
5.220734694	5278.69
5.220755102	5046.07
5.22077551	4782.19
5.220789116	4375.39
5.220809524	4174.84
5.220829932	4090.64
5.220843537	3560.11
5.220863946	2927.31
5.220870748	2755.45
5.220891156	2310.88
5.220911565	1993.87
5.220931973	1679.42
5.220952381	1401.52
5.220972789	1173.94
5.2210068	1046.59
5.2210136	1022.95
5.22104082	999.234
5.22105442	983.323
5.22107483	976.667
5.22111565	970.057
5.22122449	976.667
5.2212585	1006.04
5.22129252	1019.17
5.22133333	1042.72
5.22136735	1136.15
5.22140136	1253.34
5.22144218	1387.74
5.22147619	1501.86
5.2215102	1701.33
5.22155102	1852.64
5.22158503	2031.14
5.22161905	2127.4
5.22165986	2339.59
5.22169388	2608.13
5.22172789	2803.5
5.22176871	2993.1
5.22180272	3217.3
5.22183673	3401.13
5.22187075	3765.85
5.22191157	3995.79
5.22194558	4185.16
5.22197959	4394.34
5.22202041	4648.29
5.22205442	4932.11
5.22208843	5162.66
5.22212925	5477.89
5.22216327	5888.22
5.22219728	6392.11
5.22223809	6649.73
5.22227211	7099.46
5.22230612	7532.95
5.22238095	8147.35
5.2224898	8833.66
5.22256463	9309.6
5.22263265	9684.81
5.2227415	10168.9
5.22285034	10546.1
5.22295918	10863.3
5.22306803	11190.0
5.22321088	11448.6
5.22331973	11641.0
5.22342857	11792.9
5.22353742	11946.8
5.22361224	12028.2
5.22372109	12147.6
5.22386395	12222.9
5.22404762	12344.2
5.22419048	12466.7
5.22437415	12551.7
5.22455102	12590.5
5.22484354	12637.2
5.225	12637.2
5.23	11866.0
5.230040816	11822.1
5.230122449	11727.6
5.230251701	11555.1
5.230292517	11378.1
5.230333333	11252.4
5.23037415	11121.2
5.230414966	10789.8
5.230462585	10546.1
5.230503401	10352.6
5.23052381	10118.8
5.230544218	8725.26
5.230585034	8496.67
5.23062585	7963.35
5.230639456	7381.03
5.230646259	6761.51
5.230659864	6616.97
5.230680272	6270.94
5.23070068	5965.06
5.230734694	5278.69
5.230755102	5046.07
5.23077551	4782.19
5.230789116	4375.39
5.230809524	4174.84
5.230829932	4090.64
5.230843537	3560.11
5.230863946	2927.31
5.230870748	2755.45
5.230891156	2310.88
5.230911565	1993.87
5.230931973	1679.42
5.230952381	1401.52
5.230972789	1173.94
5.2310068	1046.59
5.2310136	1022.95
5.23104082	999.234
5.23105442	983.323
5.23107483	976.667
5.23111565	970.057
5.23122449	976.667
5.2312585	1006.04
5.23129252	1019.17
5.23133333	1042.72
5.23136735	1136.15
5.23140136	1253.34
5.23144218	1387.74
5.23147619	1501.86
5.2315102	1701.33
5.23155102	1852.64
5.23158503	2031.14
5.23161905	2127.4
5.23165986	2339.59
5.23169388	2608.13
5.23172789	2803.5
5.23176871	2993.1
5.23180272	3217.3
5.23183673	3401.13
5.23187075	3765.85
5.23191157	3995.79
5.23194558	4185.16
5.23197959	4394.34
5.23202041	4648.29
5.23205442	4932.11
5.23208843	5162.66
5.23212925	5477.89
5.23216327	5888.22
5.23219728	6392.11
5.23223809	6649.73
5.23227211	7099.46
5.23230612	7532.95
5.23238095	8147.35
5.2324898	8833.66
5.23256463	9309.6
5.23263265	9684.81
5.2327415	10168.9
5.23285034	10546.1
5.23295918	10863.3
5.23306803	11190.0
5.23321088	11448.6
5.23331973	11641.0
5.23342857	11792.9
5.23353742	11946.8
5.23361224	12028.2
5.23372109	12147.6
5.23386395	12222.9
5.23404762	12344.2
5.23419048	12466.7
5.23437415	12551.7
5.23455102	12590.5
5.23484354	12637.2
5.235	12637.2
5.24	11866.0
5.240040816	11822.1
5.240122449	11727.6
5.240251701	11555.1
5.240292517	11378.1
5.240333333	11252.4
5.24037415	11121.2
5.240414966	10789.8
5.240462585	10546.1
5.240503401	10352.6
5.24052381	10118.8
5.240544218	8725.26
5.240585034	8496.67
5.24062585	7963.35
5.240639456	7381.03
5.240646259	6761.51
5.240659864	6616.97
5.240680272	6270.94
5.24070068	5965.06
5.240734694	5278.69
5.240755102	5046.07
5.24077551	4782.19
5.240789116	4375.39
5.240809524	4174.84
5.240829932	4090.64
5.240843537	3560.11
5.240863946	2927.31
5.240870748	2755.45
5.240891156	2310.88
5.240911565	1993.87
5.240931973	1679.42
5.240952381	1401.52
5.240972789	1173.94
5.2410068	1046.59
5.2410136	1022.95
5.24104082	999.234
5.24105442	983.323
5.24107483	976.667
5.24111565	970.057
5.24122449	976.667
5.2412585	1006.04
5.24129252	1019.17
5.24133333	1042.72
5.24136735	1136.15
5.24140136	1253.34
5.24144218	1387.74
5.24147619	1501.86
5.2415102	1701.33
5.24155102	1852.64
5.24158503	2031.14
5.24161905	2127.4
5.24165986	2339.59
5.24169388	2608.13
5.24172789	2803.5
5.24176871	2993.1
5.24180272	3217.3
5.24183673	3401.13
5.24187075	3765.85
5.24191157	3995.79
5.24194558	4185.16
5.24197959	4394.34
5.24202041	4648.29
5.24205442	4932.11
5.24208843	5162.66
5.24212925	5477.89
5.24216327	5888.22
5.24219728	6392.11
5.24223809	6649.73
5.24227211	7099.46
5.24230612	7532.95
5.24238095	8147.35
5.2424898	8833.66
5.24256463	9309.6
5.24263265	9684.81
5.2427415	10168.9
5.24285034	10546.1
5.24295918	10863.3
5.24306803	11190.0
5.24321088	11448.6
5.24331973	11641.0
5.24342857	11792.9
5.24353742	11946.8
5.24361224	12028.2
5.24372109	12147.6
5.24386395	12222.9
5.24404762	12344.2
5.24419048	12466.7
5.24437415	12551.7
5.24455102	12590.5
5.24484354	12637.2
5.245	12637.2
5.25	11866.0
5.250040816	11822.1
5.250122449	11727.6
5.250251701	11555.1
5.250292517	11378.1
5.250333333	11252.4
5.25037415	11121.2
5.250414966	10789.8
5.250462585	10546.1
5.250503401	10352.6
5.25052381	10118.8
5.250544218	8725.26
5.250585034	8496.67
5.25062585	7963.35
5.250639456	7381.03
5.250646259	6761.51
5.250659864	6616.97
5.250680272	6270.94
5.25070068	5965.06
5.250734694	5278.69
5.250755102	5046.07
5.25077551	4782.19
5.250789116	4375.39
5.250809524	4174.84
5.250829932	4090.64
5.250843537	3560.11
5.250863946	2927.31
5.250870748	2755.45
5.250891156	2310.88
5.250911565	1993.87
5.250931973	1679.42
5.250952381	1401.52
5.250972789	1173.94
5.2510068	1046.59
5.2510136	1022.95
5.25104082	999.234
5.25105442	983.323
5.25107483	976.667
5.25111565	970.057
5.25122449	976.667
5.2512585	1006.04
5.25129252	1019.17
5.25133333	1042.72
5.25136735	1136.15
5.25140136	1253.34
5.25144218	1387.74
5.25147619	1501.86
5.2515102	1701.33
5.25155102	1852.64
5.25158503	2031.14
5.25161905	2127.4
5.25165986	2339.59
5.25169388	2608.13
5.25172789	2803.5
5.25176871	2993.1
5.25180272	3217.3
5.25183673	3401.13
5.25187075	3765.85
5.25191157	3995.79
5.25194558	4185.16
5.25197959	4394.34
5.25202041	4648.29
5.25205442	4932.11
5.25208843	5162.66
5.25212925	5477.89
5.25216327	5888.22
5.25219728	6392.11
5.25223809	6649.73
5.25227211	7099.46
5.25230612	7532.95
5.25238095	8147.35
5.2524898	8833.66
5.25256463	9309.6
5.25263265	9684.81
5.2527415	10168.9
5.25285034	10546.1
5.25295918	10863.3
5.25306803	11190.0
5.25321088	11448.6
5.25331973	11641.0
5.25342857	11792.9
5.25353742	11946.8
5.25361224	12028.2
5.25372109	12147.6
5.25386395	12222.9
5.25404762	12344.2
5.25419048	12466.7
5.25437415	12551.7
5.25455102	12590.5
5.25484354	12637.2
5.255	12637.2
5.26	11866.0
5.260040816	11822.1
5.260122449	11727.6
5.260251701	11555.1
5.260292517	11378.1
5.260333333	11252.4
5.26037415	11121.2
5.260414966	10789.8
5.260462585	10546.1
5.260503401	10352.6
5.26052381	10118.8
5.260544218	8725.26
5.260585034	8496.67
5.26062585	7963.35
5.260639456	7381.03
5.260646259	6761.51
5.260659864	6616.97
5.260680272	6270.94
5.26070068	5965.06
5.260734694	5278.69
5.260755102	5046.07
5.26077551	4782.19
5.260789116	4375.39
5.260809524	4174.84
5.260829932	4090.64
5.260843537	3560.11
5.260863946	2927.31
5.260870748	2755.45
5.260891156	2310.88
5.260911565	1993.87
5.260931973	1679.42
5.260952381	1401.52
5.260972789	1173.94
5.2610068	1046.59
5.2610136	1022.95
5.26104082	999.234
5.26105442	983.323
5.26107483	976.667
5.26111565	970.057
5.26122449	976.667
5.2612585	1006.04
5.26129252	1019.17
5.26133333	1042.72
5.26136735	1136.15
5.26140136	1253.34
5.26144218	1387.74
5.26147619	1501.86
5.2615102	1701.33
5.26155102	1852.64
5.26158503	2031.14
5.26161905	2127.4
5.26165986	2339.59
5.26169388	2608.13
5.26172789	2803.5
5.26176871	2993.1
5.26180272	3217.3
5.26183673	3401.13
5.26187075	3765.85
5.26191157	3995.79
5.26194558	4185.16
5.26197959	4394.34
5.26202041	4648.29
5.26205442	4932.11
5.26208843	5162.66
5.26212925	5477.89
5.26216327	5888.22
5.26219728	6392.11
5.26223809	6649.73
5.26227211	7099.46
5.26230612	7532.95
5.26238095	8147.35
5.2624898	8833.66
5.26256463	9309.6
5.26263265	9684.81
5.2627415	10168.9
5.26285034	10546.1
5.26295918	10863.3
5.26306803	11190.0
5.26321088	11448.6
5.26331973	11641.0
5.26342857	11792.9
5.26353742	11946.8
5.26361224	12028.2
5.26372109	12147.6
5.26386395	12222.9
5.26404762	12344.2
5.26419048	12466.7
5.26437415	12551.7
5.26455102	12590.5
5.26484354	12637.2
5.265	12637.2
5.27	11866.0
5.270040816	11822.1
5.270122449	11727.6
5.270251701	11555.1
5.270292517	11378.1
5.270333333	11252.4
5.27037415	11121.2
5.270414966	10789.8
5.270462585	10546.1
5.270503401	10352.6
5.27052381	10118.8
5.270544218	8725.26
5.270585034	8496.67
5.27062585	7963.35
5.270639456	7381.03
5.270646259	6761.51
5.270659864	6616.97
5.270680272	6270.94
5.27070068	5965.06
5.270734694	5278.69
5.270755102	5046.07
5.27077551	4782.19
5.270789116	4375.39
5.270809524	4174.84
5.270829932	4090.64
5.270843537	3560.11
5.270863946	2927.31
5.270870748	2755.45
5.270891156	2310.88
5.270911565	1993.87
5.270931973	1679.42
5.270952381	1401.52
5.270972789	1173.94
5.2710068	1046.59
5.2710136	1022.95
5.27104082	999.234
5.27105442	983.323
5.27107483	976.667
5.27111565	970.057
5.27122449	976.667
5.2712585	1006.04
5.27129252	1019.17
5.27133333	1042.72
5.27136735	1136.15
5.27140136	1253.34
5.27144218	1387.74
5.27147619	1501.86
5.2715102	1701.33
5.27155102	1852.64
5.27158503	2031.14
5.27161905	2127.4
5.27165986	2339.59
5.27169388	2608.13
5.27172789	2803.5
5.27176871	2993.1
5.27180272	3217.3
5.27183673	3401.13
5.27187075	3765.85
5.27191157	3995.79
5.27194558	4185.16
5.27197959	4394.34
5.27202041	4648.29
5.27205442	4932.11
5.27208843	5162.66
5.27212925	5477.89
5.27216327	5888.22
5.27219728	6392.11
5.27223809	6649.73
5.27227211	7099.46
5.27230612	7532.95
5.27238095	8147.35
5.2724898	8833.66
5.27256463	9309.6
5.27263265	9684.81
5.2727415	10168.9
5.27285034	10546.1
5.27295918	10863.3
5.27306803	11190.0
5.27321088	11448.6
5.27331973	11641.0
5.27342857	11792.9
5.27353742	11946.8
5.27361224	12028.2
5.27372109	12147.6
5.27386395	12222.9
5.27404762	12344.2
5.27419048	12466.7
5.27437415	12551.7
5.27455102	12590.5
5.27484354	12637.2
5.275	12637.2
5.28	11866.0
5.280040816	11822.1
5.280122449	11727.6
5.280251701	11555.1
5.280292517	11378.1
5.280333333	11252.4
5.28037415	11121.2
5.280414966	10789.8
5.280462585	10546.1
5.280503401	10352.6
5.28052381	10118.8
5.280544218	8725.26
5.280585034	8496.67
5.28062585	7963.35
5.280639456	7381.03
5.280646259	6761.51
5.280659864	6616.97
5.280680272	6270.94
5.28070068	5965.06
5.280734694	5278.69
5.280755102	5046.07
5.28077551	4782.19
5.280789116	4375.39
5.280809524	4174.84
5.280829932	4090.64
5.280843537	3560.11
5.280863946	2927.31
5.280870748	2755.45
5.280891156	2310.88
5.280911565	1993.87
5.280931973	1679.42
5.280952381	1401.52
5.280972789	1173.94
5.2810068	1046.59
5.2810136	1022.95
5.28104082	999.234
5.28105442	983.323
5.28107483	976.667
5.28111565	970.057
5.28122449	976.667
5.2812585	1006.04
5.28129252	1019.17
5.28133333	1042.72
5.28136735	1136.15
5.28140136	1253.34
5.28144218	1387.74
5.28147619	1501.86
5.2815102	1701.33
5.28155102	1852.64
5.28158503	2031.14
5.28161905	2127.4
5.28165986	2339.59
5.28169388	2608.13
5.28172789	2803.5
5.28176871	2993.1
5.28180272	3217.3
5.28183673	3401.13
5.28187075	3765.85
5.28191157	3995.79
5.28194558	4185.16
5.28197959	4394.34
5.28202041	4648.29
5.28205442	4932.11
5.28208843	5162.66
5.28212925	5477.89
5.28216327	5888.22
5.28219728	6392.11
5.28223809	6649.73
5.28227211	7099.46
5.28230612	7532.95
5.28238095	8147.35
5.2824898	8833.66
5.28256463	9309.6
5.28263265	9684.81
5.2827415	10168.9
5.28285034	10546.1
5.28295918	10863.3
5.28306803	11190.0
5.28321088	11448.6
5.28331973	11641.0
5.28342857	11792.9
5.28353742	11946.8
5.28361224	12028.2
5.28372109	12147.6
5.28386395	12222.9
5.28404762	12344.2
5.28419048	12466.7
5.28437415	12551.7
5.28455102	12590.5
5.28484354	12637.2
5.285	12637.2
5.29	11866.0
5.290040816	11822.1
5.290122449	11727.6
5.290251701	11555.1
5.290292517	11378.1
5.290333333	11252.4
5.29037415	11121.2
5.290414966	10789.8
5.290462585	10546.1
5.290503401	10352.6
5.29052381	10118.8
5.290544218	8725.26
5.290585034	8496.67
5.29062585	7963.35
5.290639456	7381.03
5.290646259	6761.51
5.290659864	6616.97
5.290680272	6270.94
5.29070068	5965.06
5.290734694	5278.69
5.290755102	5046.07
5.29077551	4782.19
5.290789116	4375.39
5.290809524	4174.84
5.290829932	4090.64
5.290843537	3560.11
5.290863946	2927.31
5.290870748	2755.45
5.290891156	2310.88
5.290911565	1993.87
5.290931973	1679.42
5.290952381	1401.52
5.290972789	1173.94
5.2910068	1046.59
5.2910136	1022.95
5.29104082	999.234
5.29105442	983.323
5.29107483	976.667
5.29111565	970.057
5.29122449	976.667
5.2912585	1006.04
5.29129252	1019.17
5.29133333	1042.72
5.29136735	1136.15
5.29140136	1253.34
5.29144218	1387.74
5.29147619	1501.86
5.2915102	1701.33
5.29155102	1852.64
5.29158503	2031.14
5.29161905	2127.4
5.29165986	2339.59
5.29169388	2608.13
5.29172789	2803.5
5.29176871	2993.1
5.29180272	3217.3
5.29183673	3401.13
5.29187075	3765.85
5.29191157	3995.79
5.29194558	4185.16
5.29197959	4394.34
5.29202041	4648.29
5.29205442	4932.11
5.29208843	5162.66
5.29212925	5477.89
5.29216327	5888.22
5.29219728	6392.11
5.29223809	6649.73
5.29227211	7099.46
5.29230612	7532.95
5.29238095	8147.35
5.2924898	8833.66
5.29256463	9309.6
5.29263265	9684.81
5.2927415	10168.9
5.29285034	10546.1
5.29295918	10863.3
5.29306803	11190.0
5.29321088	11448.6
5.29331973	11641.0
5.29342857	11792.9
5.29353742	11946.8
5.29361224	12028.2
5.29372109	12147.6
5.29386395	12222.9
5.29404762	12344.2
5.29419048	12466.7
5.29437415	12551.7
5.29455102	12590.5
5.29484354	12637.2
5.295	12637.2
5.3	11866.0
5.300040816	11822.1
5.300122449	11727.6
5.300251701	11555.1
5.300292517	11378.1
5.300333333	11252.4
5.30037415	11121.2
5.300414966	10789.8
5.300462585	10546.1
5.300503401	10352.6
5.30052381	10118.8
5.300544218	8725.26
5.300585034	8496.67
5.30062585	7963.35
5.300639456	7381.03
5.300646259	6761.51
5.300659864	6616.97
5.300680272	6270.94
5.30070068	5965.06
5.300734694	5278.69
5.300755102	5046.07
5.30077551	4782.19
5.300789116	4375.39
5.300809524	4174.84
5.300829932	4090.64
5.300843537	3560.11
5.300863946	2927.31
5.300870748	2755.45
5.300891156	2310.88
5.300911565	1993.87
5.300931973	1679.42
5.300952381	1401.52
5.300972789	1173.94
5.3010068	1046.59
5.3010136	1022.95
5.30104082	999.234
5.30105442	983.323
5.30107483	976.667
5.30111565	970.057
5.30122449	976.667
5.3012585	1006.04
5.30129252	1019.17
5.30133333	1042.72
5.30136735	1136.15
5.30140136	1253.34
5.30144218	1387.74
5.30147619	1501.86
5.3015102	1701.33
5.30155102	1852.64
5.30158503	2031.14
5.30161905	2127.4
5.30165986	2339.59
5.30169388	2608.13
5.30172789	2803.5
5.30176871	2993.1
5.30180272	3217.3
5.30183673	3401.13
5.30187075	3765.85
5.30191157	3995.79
5.30194558	4185.16
5.30197959	4394.34
5.30202041	4648.29
5.30205442	4932.11
5.30208843	5162.66
5.30212925	5477.89
5.30216327	5888.22
5.30219728	6392.11
5.30223809	6649.73
5.30227211	7099.46
5.30230612	7532.95
5.30238095	8147.35
5.3024898	8833.66
5.30256463	9309.6
5.30263265	9684.81
5.3027415	10168.9
5.30285034	10546.1
5.30295918	10863.3
5.30306803	11190.0
5.30321088	11448.6
5.30331973	11641.0
5.30342857	11792.9
5.30353742	11946.8
5.30361224	12028.2
5.30372109	12147.6
5.30386395	12222.9
5.30404762	12344.2
5.30419048	12466.7
5.30437415	12551.7
5.30455102	12590.5
5.30484354	12637.2
5.305	12637.2
5.31	11866.0
5.310040816	11822.1
5.310122449	11727.6
5.310251701	11555.1
5.310292517	11378.1
5.310333333	11252.4
5.31037415	11121.2
5.310414966	10789.8
5.310462585	10546.1
5.310503401	10352.6
5.31052381	10118.8
5.310544218	8725.26
5.310585034	8496.67
5.31062585	7963.35
5.310639456	7381.03
5.310646259	6761.51
5.310659864	6616.97
5.310680272	6270.94
5.31070068	5965.06
5.310734694	5278.69
5.310755102	5046.07
5.31077551	4782.19
5.310789116	4375.39
5.310809524	4174.84
5.310829932	4090.64
5.310843537	3560.11
5.310863946	2927.31
5.310870748	2755.45
5.310891156	2310.88
5.310911565	1993.87
5.310931973	1679.42
5.310952381	1401.52
5.310972789	1173.94
5.3110068	1046.59
5.3110136	1022.95
5.31104082	999.234
5.31105442	983.323
5.31107483	976.667
5.31111565	970.057
5.31122449	976.667
5.3112585	1006.04
5.31129252	1019.17
5.31133333	1042.72
5.31136735	1136.15
5.31140136	1253.34
5.31144218	1387.74
5.31147619	1501.86
5.3115102	1701.33
5.31155102	1852.64
5.31158503	2031.14
5.31161905	2127.4
5.31165986	2339.59
5.31169388	2608.13
5.31172789	2803.5
5.31176871	2993.1
5.31180272	3217.3
5.31183673	3401.13
5.31187075	3765.85
5.31191157	3995.79
5.31194558	4185.16
5.31197959	4394.34
5.31202041	4648.29
5.31205442	4932.11
5.31208843	5162.66
5.31212925	5477.89
5.31216327	5888.22
5.31219728	6392.11
5.31223809	6649.73
5.31227211	7099.46
5.31230612	7532.95
5.31238095	8147.35
5.3124898	8833.66
5.31256463	9309.6
5.31263265	9684.81
5.3127415	10168.9
5.31285034	10546.1
5.31295918	10863.3
5.31306803	11190.0
5.31321088	11448.6
5.31331973	11641.0
5.31342857	11792.9
5.31353742	11946.8
5.31361224	12028.2
5.31372109	12147.6
5.31386395	12222.9
5.31404762	12344.2
5.31419048	12466.7
5.31437415	12551.7
5.31455102	12590.5
5.31484354	12637.2
5.315	12637.2
5.32	11866.0
5.320040816	11822.1
5.320122449	11727.6
5.320251701	11555.1
5.320292517	11378.1
5.320333333	11252.4
5.32037415	11121.2
5.320414966	10789.8
5.320462585	10546.1
5.320503401	10352.6
5.32052381	10118.8
5.320544218	8725.26
5.320585034	8496.67
5.32062585	7963.35
5.320639456	7381.03
5.320646259	6761.51
5.320659864	6616.97
5.320680272	6270.94
5.32070068	5965.06
5.320734694	5278.69
5.320755102	5046.07
5.32077551	4782.19
5.320789116	4375.39
5.320809524	4174.84
5.320829932	4090.64
5.320843537	3560.11
5.320863946	2927.31
5.320870748	2755.45
5.320891156	2310.88
5.320911565	1993.87
5.320931973	1679.42
5.320952381	1401.52
5.320972789	1173.94
5.3210068	1046.59
5.3210136	1022.95
5.32104082	999.234
5.32105442	983.323
5.32107483	976.667
5.32111565	970.057
5.32122449	976.667
5.3212585	1006.04
5.32129252	1019.17
5.32133333	1042.72
5.32136735	1136.15
5.32140136	1253.34
5.32144218	1387.74
5.32147619	1501.86
5.3215102	1701.33
5.32155102	1852.64
5.32158503	2031.14
5.32161905	2127.4
5.32165986	2339.59
5.32169388	2608.13
5.32172789	2803.5
5.32176871	2993.1
5.32180272	3217.3
5.32183673	3401.13
5.32187075	3765.85
5.32191157	3995.79
5.32194558	4185.16
5.32197959	4394.34
5.32202041	4648.29
5.32205442	4932.11
5.32208843	5162.66
5.32212925	5477.89
5.32216327	5888.22
5.32219728	6392.11
5.32223809	6649.73
5.32227211	7099.46
5.32230612	7532.95
5.32238095	8147.35
5.3224898	8833.66
5.32256463	9309.6
5.32263265	9684.81
5.3227415	10168.9
5.32285034	10546.1
5.32295918	10863.3
5.32306803	11190.0
5.32321088	11448.6
5.32331973	11641.0
5.32342857	11792.9
5.32353742	11946.8
5.32361224	12028.2
5.32372109	12147.6
5.32386395	12222.9
5.32404762	12344.2
5.32419048	12466.7
5.32437415	12551.7
5.32455102	12590.5
5.32484354	12637.2
5.325	12637.2
5.33	11866.0
5.330040816	11822.1
5.330122449	11727.6
5.330251701	11555.1
5.330292517	11378.1
5.330333333	11252.4
5.33037415	11121.2
5.330414966	10789.8
5.330462585	10546.1
5.330503401	10352.6
5.33052381	10118.8
5.330544218	8725.26
5.330585034	8496.67
5.33062585	7963.35
5.330639456	7381.03
5.330646259	6761.51
5.330659864	6616.97
5.330680272	6270.94
5.33070068	5965.06
5.330734694	5278.69
5.330755102	5046.07
5.33077551	4782.19
5.330789116	4375.39
5.330809524	4174.84
5.330829932	4090.64
5.330843537	3560.11
5.330863946	2927.31
5.330870748	2755.45
5.330891156	2310.88
5.330911565	1993.87
5.330931973	1679.42
5.330952381	1401.52
5.330972789	1173.94
5.3310068	1046.59
5.3310136	1022.95
5.33104082	999.234
5.33105442	983.323
5.33107483	976.667
5.33111565	970.057
5.33122449	976.667
5.3312585	1006.04
5.33129252	1019.17
5.33133333	1042.72
5.33136735	1136.15
5.33140136	1253.34
5.33144218	1387.74
5.33147619	1501.86
5.3315102	1701.33
5.33155102	1852.64
5.33158503	2031.14
5.33161905	2127.4
5.33165986	2339.59
5.33169388	2608.13
5.33172789	2803.5
5.33176871	2993.1
5.33180272	3217.3
5.33183673	3401.13
5.33187075	3765.85
5.33191157	3995.79
5.33194558	4185.16
5.33197959	4394.34
5.33202041	4648.29
5.33205442	4932.11
5.33208843	5162.66
5.33212925	5477.89
5.33216327	5888.22
5.33219728	6392.11
5.33223809	6649.73
5.33227211	7099.46
5.33230612	7532.95
5.33238095	8147.35
5.3324898	8833.66
5.33256463	9309.6
5.33263265	9684.81
5.3327415	10168.9
5.33285034	10546.1
5.33295918	10863.3
5.33306803	11190.0
5.33321088	11448.6
5.33331973	11641.0
5.33342857	11792.9
5.33353742	11946.8
5.33361224	12028.2
5.33372109	12147.6
5.33386395	12222.9
5.33404762	12344.2
5.33419048	12466.7
5.33437415	12551.7
5.33455102	12590.5
5.33484354	12637.2
5.335	12637.2
5.34	11866.0
5.340040816	11822.1
5.340122449	11727.6
5.340251701	11555.1
5.340292517	11378.1
5.340333333	11252.4
5.34037415	11121.2
5.340414966	10789.8
5.340462585	10546.1
5.340503401	10352.6
5.34052381	10118.8
5.340544218	8725.26
5.340585034	8496.67
5.34062585	7963.35
5.340639456	7381.03
5.340646259	6761.51
5.340659864	6616.97
5.340680272	6270.94
5.34070068	5965.06
5.340734694	5278.69
5.340755102	5046.07
5.34077551	4782.19
5.340789116	4375.39
5.340809524	4174.84
5.340829932	4090.64
5.340843537	3560.11
5.340863946	2927.31
5.340870748	2755.45
5.340891156	2310.88
5.340911565	1993.87
5.340931973	1679.42
5.340952381	1401.52
5.340972789	1173.94
5.3410068	1046.59
5.3410136	1022.95
5.34104082	999.234
5.34105442	983.323
5.34107483	976.667
5.34111565	970.057
5.34122449	976.667
5.3412585	1006.04
5.34129252	1019.17
5.34133333	1042.72
5.34136735	1136.15
5.34140136	1253.34
5.34144218	1387.74
5.34147619	1501.86
5.3415102	1701.33
5.34155102	1852.64
5.34158503	2031.14
5.34161905	2127.4
5.34165986	2339.59
5.34169388	2608.13
5.34172789	2803.5
5.34176871	2993.1
5.34180272	3217.3
5.34183673	3401.13
5.34187075	3765.85
5.34191157	3995.79
5.34194558	4185.16
5.34197959	4394.34
5.34202041	4648.29
5.34205442	4932.11
5.34208843	5162.66
5.34212925	5477.89
5.34216327	5888.22
5.34219728	6392.11
5.34223809	6649.73
5.34227211	7099.46
5.34230612	7532.95
5.34238095	8147.35
5.3424898	8833.66
5.34256463	9309.6
5.34263265	9684.81
5.3427415	10168.9
5.34285034	10546.1
5.34295918	10863.3
5.34306803	11190.0
5.34321088	11448.6
5.34331973	11641.0
5.34342857	11792.9
5.34353742	11946.8
5.34361224	12028.2
5.34372109	12147.6
5.34386395	12222.9
5.34404762	12344.2
5.34419048	12466.7
5.34437415	12551.7
5.34455102	12590.5
5.34484354	12637.2
5.345	12637.2
5.35	11866.0
5.350040816	11822.1
5.350122449	11727.6
5.350251701	11555.1
5.350292517	11378.1
5.350333333	11252.4
5.35037415	11121.2
5.350414966	10789.8
5.350462585	10546.1
5.350503401	10352.6
5.35052381	10118.8
5.350544218	8725.26
5.350585034	8496.67
5.35062585	7963.35
5.350639456	7381.03
5.350646259	6761.51
5.350659864	6616.97
5.350680272	6270.94
5.35070068	5965.06
5.350734694	5278.69
5.350755102	5046.07
5.35077551	4782.19
5.350789116	4375.39
5.350809524	4174.84
5.350829932	4090.64
5.350843537	3560.11
5.350863946	2927.31
5.350870748	2755.45
5.350891156	2310.88
5.350911565	1993.87
5.350931973	1679.42
5.350952381	1401.52
5.350972789	1173.94
5.3510068	1046.59
5.3510136	1022.95
5.35104082	999.234
5.35105442	983.323
5.35107483	976.667
5.35111565	970.057
5.35122449	976.667
5.3512585	1006.04
5.35129252	1019.17
5.35133333	1042.72
5.35136735	1136.15
5.35140136	1253.34
5.35144218	1387.74
5.35147619	1501.86
5.3515102	1701.33
5.35155102	1852.64
5.35158503	2031.14
5.35161905	2127.4
5.35165986	2339.59
5.35169388	2608.13
5.35172789	2803.5
5.35176871	2993.1
5.35180272	3217.3
5.35183673	3401.13
5.35187075	3765.85
5.35191157	3995.79
5.35194558	4185.16
5.35197959	4394.34
5.35202041	4648.29
5.35205442	4932.11
5.35208843	5162.66
5.35212925	5477.89
5.35216327	5888.22
5.35219728	6392.11
5.35223809	6649.73
5.35227211	7099.46
5.35230612	7532.95
5.35238095	8147.35
5.3524898	8833.66
5.35256463	9309.6
5.35263265	9684.81
5.3527415	10168.9
5.35285034	10546.1
5.35295918	10863.3
5.35306803	11190.0
5.35321088	11448.6
5.35331973	11641.0
5.35342857	11792.9
5.35353742	11946.8
5.35361224	12028.2
5.35372109	12147.6
5.35386395	12222.9
5.35404762	12344.2
5.35419048	12466.7
5.35437415	12551.7
5.35455102	12590.5
5.35484354	12637.2
5.355	12637.2
5.36	11866.0
5.360040816	11822.1
5.360122449	11727.6
5.360251701	11555.1
5.360292517	11378.1
5.360333333	11252.4
5.36037415	11121.2
5.360414966	10789.8
5.360462585	10546.1
5.360503401	10352.6
5.36052381	10118.8
5.360544218	8725.26
5.360585034	8496.67
5.36062585	7963.35
5.360639456	7381.03
5.360646259	6761.51
5.360659864	6616.97
5.360680272	6270.94
5.36070068	5965.06
5.360734694	5278.69
5.360755102	5046.07
5.36077551	4782.19
5.360789116	4375.39
5.360809524	4174.84
5.360829932	4090.64
5.360843537	3560.11
5.360863946	2927.31
5.360870748	2755.45
5.360891156	2310.88
5.360911565	1993.87
5.360931973	1679.42
5.360952381	1401.52
5.360972789	1173.94
5.3610068	1046.59
5.3610136	1022.95
5.36104082	999.234
5.36105442	983.323
5.36107483	976.667
5.36111565	970.057
5.36122449	976.667
5.3612585	1006.04
5.36129252	1019.17
5.36133333	1042.72
5.36136735	1136.15
5.36140136	1253.34
5.36144218	1387.74
5.36147619	1501.86
5.3615102	1701.33
5.36155102	1852.64
5.36158503	2031.14
5.36161905	2127.4
5.36165986	2339.59
5.36169388	2608.13
5.36172789	2803.5
5.36176871	2993.1
5.36180272	3217.3
5.36183673	3401.13
5.36187075	3765.85
5.36191157	3995.79
5.36194558	4185.16
5.36197959	4394.34
5.36202041	4648.29
5.36205442	4932.11
5.36208843	5162.66
5.36212925	5477.89
5.36216327	5888.22
5.36219728	6392.11
5.36223809	6649.73
5.36227211	7099.46
5.36230612	7532.95
5.36238095	8147.35
5.3624898	8833.66
5.36256463	9309.6
5.36263265	9684.81
5.3627415	10168.9
5.36285034	10546.1
5.36295918	10863.3
5.36306803	11190.0
5.36321088	11448.6
5.36331973	11641.0
5.36342857	11792.9
5.36353742	11946.8
5.36361224	12028.2
5.36372109	12147.6
5.36386395	12222.9
5.36404762	12344.2
5.36419048	12466.7
5.36437415	12551.7
5.36455102	12590.5
5.36484354	12637.2
5.365	12637.2
5.37	11866.0
5.370040816	11822.1
5.370122449	11727.6
5.370251701	11555.1
5.370292517	11378.1
5.370333333	11252.4
5.37037415	11121.2
5.370414966	10789.8
5.370462585	10546.1
5.370503401	10352.6
5.37052381	10118.8
5.370544218	8725.26
5.370585034	8496.67
5.37062585	7963.35
5.370639456	7381.03
5.370646259	6761.51
5.370659864	6616.97
5.370680272	6270.94
5.37070068	5965.06
5.370734694	5278.69
5.370755102	5046.07
5.37077551	4782.19
5.370789116	4375.39
5.370809524	4174.84
5.370829932	4090.64
5.370843537	3560.11
5.370863946	2927.31
5.370870748	2755.45
5.370891156	2310.88
5.370911565	1993.87
5.370931973	1679.42
5.370952381	1401.52
5.370972789	1173.94
5.3710068	1046.59
5.3710136	1022.95
5.37104082	999.234
5.37105442	983.323
5.37107483	976.667
5.37111565	970.057
5.37122449	976.667
5.3712585	1006.04
5.37129252	1019.17
5.37133333	1042.72
5.37136735	1136.15
5.37140136	1253.34
5.37144218	1387.74
5.37147619	1501.86
5.3715102	1701.33
5.37155102	1852.64
5.37158503	2031.14
5.37161905	2127.4
5.37165986	2339.59
5.37169388	2608.13
5.37172789	2803.5
5.37176871	2993.1
5.37180272	3217.3
5.37183673	3401.13
5.37187075	3765.85
5.37191157	3995.79
5.37194558	4185.16
5.37197959	4394.34
5.37202041	4648.29
5.37205442	4932.11
5.37208843	5162.66
5.37212925	5477.89
5.37216327	5888.22
5.37219728	6392.11
5.37223809	6649.73
5.37227211	7099.46
5.37230612	7532.95
5.37238095	8147.35
5.3724898	8833.66
5.37256463	9309.6
5.37263265	9684.81
5.3727415	10168.9
5.37285034	10546.1
5.37295918	10863.3
5.37306803	11190.0
5.37321088	11448.6
5.37331973	11641.0
5.37342857	11792.9
5.37353742	11946.8
5.37361224	12028.2
5.37372109	12147.6
5.37386395	12222.9
5.37404762	12344.2
5.37419048	12466.7
5.37437415	12551.7
5.37455102	12590.5
5.37484354	12637.2
5.375	12637.2
5.38	11866.0
5.380040816	11822.1
5.380122449	11727.6
5.380251701	11555.1
5.380292517	11378.1
5.380333333	11252.4
5.38037415	11121.2
5.380414966	10789.8
5.380462585	10546.1
5.380503401	10352.6
5.38052381	10118.8
5.380544218	8725.26
5.380585034	8496.67
5.38062585	7963.35
5.380639456	7381.03
5.380646259	6761.51
5.380659864	6616.97
5.380680272	6270.94
5.38070068	5965.06
5.380734694	5278.69
5.380755102	5046.07
5.38077551	4782.19
5.380789116	4375.39
5.380809524	4174.84
5.380829932	4090.64
5.380843537	3560.11
5.380863946	2927.31
5.380870748	2755.45
5.380891156	2310.88
5.380911565	1993.87
5.380931973	1679.42
5.380952381	1401.52
5.380972789	1173.94
5.3810068	1046.59
5.3810136	1022.95
5.38104082	999.234
5.38105442	983.323
5.38107483	976.667
5.38111565	970.057
5.38122449	976.667
5.3812585	1006.04
5.38129252	1019.17
5.38133333	1042.72
5.38136735	1136.15
5.38140136	1253.34
5.38144218	1387.74
5.38147619	1501.86
5.3815102	1701.33
5.38155102	1852.64
5.38158503	2031.14
5.38161905	2127.4
5.38165986	2339.59
5.38169388	2608.13
5.38172789	2803.5
5.38176871	2993.1
5.38180272	3217.3
5.38183673	3401.13
5.38187075	3765.85
5.38191157	3995.79
5.38194558	4185.16
5.38197959	4394.34
5.38202041	4648.29
5.38205442	4932.11
5.38208843	5162.66
5.38212925	5477.89
5.38216327	5888.22
5.38219728	6392.11
5.38223809	6649.73
5.38227211	7099.46
5.38230612	7532.95
5.38238095	8147.35
5.3824898	8833.66
5.38256463	9309.6
5.38263265	9684.81
5.3827415	10168.9
5.38285034	10546.1
5.38295918	10863.3
5.38306803	11190.0
5.38321088	11448.6
5.38331973	11641.0
5.38342857	11792.9
5.38353742	11946.8
5.38361224	12028.2
5.38372109	12147.6
5.38386395	12222.9
5.38404762	12344.2
5.38419048	12466.7
5.38437415	12551.7
5.38455102	12590.5
5.38484354	12637.2
5.385	12637.2
