0.0	32950.1
4.0816e-05	32807.9
0.000122449	32501.8
0.000251701	31944.2
0.000292517	31373.6
0.000333333	30969.0
0.00037415	30547.6
0.000414966	29487.2
0.000462585	28711.0
0.000503401	28096.6
0.00052381	27356.9
0.000544218	23009.9
0.000585034	22307.4
0.00062585	20680.9
0.000639456	18925.8
0.000646259	17084.0
0.000659864	16658.2
0.000680272	15645.4
0.00070068	14757.8
0.000734694	12794.4
0.000755102	12138.4
0.00077551	11400.3
0.000789116	10276.0
0.000809524	9728.09
0.000829932	9499.36
0.000843537	8076.78
0.000863946	6426.48
0.000870748	5988.06
0.000891156	4875.75
0.000911565	4103.94
0.000931973	3358.53
0.000952381	2718.94
0.000972789	2210.7
0.0010068	1933.24
0.0010136	1882.35
0.00104082	1831.47
0.00105442	1797.46
0.00107483	1783.26
0.00111565	1769.17
0.00122449	1783.26
0.0012585	1846.05
0.00129252	1874.22
0.00133333	1924.89
0.00136735	2127.81
0.00140136	2386.28
0.00144218	2687.75
0.00147619	2947.62
0.0015102	3409.77
0.00155102	3766.5
0.00158503	4193.68
0.00161905	4426.71
0.00165986	4946.57
0.00169388	5615.86
0.00172789	6110.18
0.00176871	6595.48
0.00180272	7176.02
0.00183673	7657.13
0.00187075	8624.49
0.00191157	9242.62
0.00194558	9756.19
0.00197959	10328.0
0.00202041	11028.4
0.00205442	11818.8
0.00208843	12466.6
0.00212925	13360.1
0.00216327	14536.0
0.00219728	15999.0
0.00223809	16754.6
0.00227211	18085.3
0.00230612	19381.5
0.00238095	21240.1
0.0024898	23344.1
0.00256463	24819.6
0.00263265	25991.7
0.0027415	27515.2
0.00285034	28711.0
0.00295918	29722.0
0.00306803	30768.7
0.00321088	31600.6
0.00331973	32221.8
0.00342857	32713.4
0.00353742	33212.5
0.00361224	33477.0
0.00372109	33865.4
0.00386395	34110.5
0.00404762	34506.3
0.00419048	34906.7
0.00437415	35184.6
0.00455102	35311.7
0.00484354	35464.8
0.005	35464.8
0.1	32950.1
0.100040816	32807.9
0.100122449	32501.8
0.100251701	31944.2
0.100292517	31373.6
0.100333333	30969.0
0.10037415	30547.6
0.100414966	29487.2
0.100462585	28711.0
0.100503401	28096.6
0.10052381	27356.9
0.100544218	23009.9
0.100585034	22307.4
0.10062585	20680.9
0.100639456	18925.8
0.100646259	17084.0
0.100659864	16658.2
0.100680272	15645.4
0.10070068	14757.8
0.100734694	12794.4
0.100755102	12138.4
0.10077551	11400.3
0.100789116	10276.0
0.100809524	9728.09
0.100829932	9499.36
0.100843537	8076.78
0.100863946	6426.48
0.100870748	5988.06
0.100891156	4875.75
0.100911565	4103.94
0.100931973	3358.53
0.100952381	2718.94
0.100972789	2210.7
0.1010068	1933.24
0.1010136	1882.35
0.10104082	1831.47
0.10105442	1797.46
0.10107483	1783.26
0.10111565	1769.17
0.10122449	1783.26
0.1012585	1846.05
0.10129252	1874.22
0.10133333	1924.89
0.10136735	2127.81
0.10140136	2386.28
0.10144218	2687.75
0.10147619	2947.62
0.1015102	3409.77
0.10155102	3766.5
0.10158503	4193.68
0.10161905	4426.71
0.10165986	4946.57
0.10169388	5615.86
0.10172789	6110.18
0.10176871	6595.48
0.10180272	7176.02
0.10183673	7657.13
0.10187075	8624.49
0.10191157	9242.62
0.10194558	9756.19
0.10197959	10328.0
0.10202041	11028.4
0.10205442	11818.8
0.10208843	12466.6
0.10212925	13360.1
0.10216327	14536.0
0.10219728	15999.0
0.10223809	16754.6
0.10227211	18085.3
0.10230612	19381.5
0.10238095	21240.1
0.1024898	23344.1
0.10256463	24819.6
0.10263265	25991.7
0.1027415	27515.2
0.10285034	28711.0
0.10295918	29722.0
0.10306803	30768.7
0.10321088	31600.6
0.10331973	32221.8
0.10342857	32713.4
0.10353742	33212.5
0.10361224	33477.0
0.10372109	33865.4
0.10386395	34110.5
0.10404762	34506.3
0.10419048	34906.7
0.10437415	35184.6
0.10455102	35311.7
0.10484354	35464.8
0.105	35464.8
0.2	32950.1
0.200040816	32807.9
0.200122449	32501.8
0.200251701	31944.2
0.200292517	31373.6
0.200333333	30969.0
0.20037415	30547.6
0.200414966	29487.2
0.200462585	28711.0
0.200503401	28096.6
0.20052381	27356.9
0.200544218	23009.9
0.200585034	22307.4
0.20062585	20680.9
0.200639456	18925.8
0.200646259	17084.0
0.200659864	16658.2
0.200680272	15645.4
0.20070068	14757.8
0.200734694	12794.4
0.200755102	12138.4
0.20077551	11400.3
0.200789116	10276.0
0.200809524	9728.09
0.200829932	9499.36
0.200843537	8076.78
0.200863946	6426.48
0.200870748	5988.06
0.200891156	4875.75
0.200911565	4103.94
0.200931973	3358.53
0.200952381	2718.94
0.200972789	2210.7
0.2010068	1933.24
0.2010136	1882.35
0.20104082	1831.47
0.20105442	1797.46
0.20107483	1783.26
0.20111565	1769.17
0.20122449	1783.26
0.2012585	1846.05
0.20129252	1874.22
0.20133333	1924.89
0.20136735	2127.81
0.20140136	2386.28
0.20144218	2687.75
0.20147619	2947.62
0.2015102	3409.77
0.20155102	3766.5
0.20158503	4193.68
0.20161905	4426.71
0.20165986	4946.57
0.20169388	5615.86
0.20172789	6110.18
0.20176871	6595.48
0.20180272	7176.02
0.20183673	7657.13
0.20187075	8624.49
0.20191157	9242.62
0.20194558	9756.19
0.20197959	10328.0
0.20202041	11028.4
0.20205442	11818.8
0.20208843	12466.6
0.20212925	13360.1
0.20216327	14536.0
0.20219728	15999.0
0.20223809	16754.6
0.20227211	18085.3
0.20230612	19381.5
0.20238095	21240.1
0.2024898	23344.1
0.20256463	24819.6
0.20263265	25991.7
0.2027415	27515.2
0.20285034	28711.0
0.20295918	29722.0
0.20306803	30768.7
0.20321088	31600.6
0.20331973	32221.8
0.20342857	32713.4
0.20353742	33212.5
0.20361224	33477.0
0.20372109	33865.4
0.20386395	34110.5
0.20404762	34506.3
0.20419048	34906.7
0.20437415	35184.6
0.20455102	35311.7
0.20484354	35464.8
0.205	35464.8
0.3	32950.1
0.300040816	32807.9
0.300122449	32501.8
0.300251701	31944.2
0.300292517	31373.6
0.300333333	30969.0
0.30037415	30547.6
0.300414966	29487.2
0.300462585	28711.0
0.300503401	28096.6
0.30052381	27356.9
0.300544218	23009.9
0.300585034	22307.4
0.30062585	20680.9
0.300639456	18925.8
0.300646259	17084.0
0.300659864	16658.2
0.300680272	15645.4
0.30070068	14757.8
0.300734694	12794.4
0.300755102	12138.4
0.30077551	11400.3
0.300789116	10276.0
0.300809524	9728.09
0.300829932	9499.36
0.300843537	8076.78
0.300863946	6426.48
0.300870748	5988.06
0.300891156	4875.75
0.300911565	4103.94
0.300931973	3358.53
0.300952381	2718.94
0.300972789	2210.7
0.3010068	1933.24
0.3010136	1882.35
0.30104082	1831.47
0.30105442	1797.46
0.30107483	1783.26
0.30111565	1769.17
0.30122449	1783.26
0.3012585	1846.05
0.30129252	1874.22
0.30133333	1924.89
0.30136735	2127.81
0.30140136	2386.28
0.30144218	2687.75
0.30147619	2947.62
0.3015102	3409.77
0.30155102	3766.5
0.30158503	4193.68
0.30161905	4426.71
0.30165986	4946.57
0.30169388	5615.86
0.30172789	6110.18
0.30176871	6595.48
0.30180272	7176.02
0.30183673	7657.13
0.30187075	8624.49
0.30191157	9242.62
0.30194558	9756.19
0.30197959	10328.0
0.30202041	11028.4
0.30205442	11818.8
0.30208843	12466.6
0.30212925	13360.1
0.30216327	14536.0
0.30219728	15999.0
0.30223809	16754.6
0.30227211	18085.3
0.30230612	19381.5
0.30238095	21240.1
0.3024898	23344.1
0.30256463	24819.6
0.30263265	25991.7
0.3027415	27515.2
0.30285034	28711.0
0.30295918	29722.0
0.30306803	30768.7
0.30321088	31600.6
0.30331973	32221.8
0.30342857	32713.4
0.30353742	33212.5
0.30361224	33477.0
0.30372109	33865.4
0.30386395	34110.5
0.30404762	34506.3
0.30419048	34906.7
0.30437415	35184.6
0.30455102	35311.7
0.30484354	35464.8
0.305	35464.8
0.4	32950.1
0.400040816	32807.9
0.400122449	32501.8
0.400251701	31944.2
0.400292517	31373.6
0.400333333	30969.0
0.40037415	30547.6
0.400414966	29487.2
0.400462585	28711.0
0.400503401	28096.6
0.40052381	27356.9
0.400544218	23009.9
0.400585034	22307.4
0.40062585	20680.9
0.400639456	18925.8
0.400646259	17084.0
0.400659864	16658.2
0.400680272	15645.4
0.40070068	14757.8
0.400734694	12794.4
0.400755102	12138.4
0.40077551	11400.3
0.400789116	10276.0
0.400809524	9728.09
0.400829932	9499.36
0.400843537	8076.78
0.400863946	6426.48
0.400870748	5988.06
0.400891156	4875.75
0.400911565	4103.94
0.400931973	3358.53
0.400952381	2718.94
0.400972789	2210.7
0.4010068	1933.24
0.4010136	1882.35
0.40104082	1831.47
0.40105442	1797.46
0.40107483	1783.26
0.40111565	1769.17
0.40122449	1783.26
0.4012585	1846.05
0.40129252	1874.22
0.40133333	1924.89
0.40136735	2127.81
0.40140136	2386.28
0.40144218	2687.75
0.40147619	2947.62
0.4015102	3409.77
0.40155102	3766.5
0.40158503	4193.68
0.40161905	4426.71
0.40165986	4946.57
0.40169388	5615.86
0.40172789	6110.18
0.40176871	6595.48
0.40180272	7176.02
0.40183673	7657.13
0.40187075	8624.49
0.40191157	9242.62
0.40194558	9756.19
0.40197959	10328.0
0.40202041	11028.4
0.40205442	11818.8
0.40208843	12466.6
0.40212925	13360.1
0.40216327	14536.0
0.40219728	15999.0
0.40223809	16754.6
0.40227211	18085.3
0.40230612	19381.5
0.40238095	21240.1
0.4024898	23344.1
0.40256463	24819.6
0.40263265	25991.7
0.4027415	27515.2
0.40285034	28711.0
0.40295918	29722.0
0.40306803	30768.7
0.40321088	31600.6
0.40331973	32221.8
0.40342857	32713.4
0.40353742	33212.5
0.40361224	33477.0
0.40372109	33865.4
0.40386395	34110.5
0.40404762	34506.3
0.40419048	34906.7
0.40437415	35184.6
0.40455102	35311.7
0.40484354	35464.8
0.405	35464.8
0.5	32950.1
0.500040816	32807.9
0.500122449	32501.8
0.500251701	31944.2
0.500292517	31373.6
0.500333333	30969.0
0.50037415	30547.6
0.500414966	29487.2
0.500462585	28711.0
0.500503401	28096.6
0.50052381	27356.9
0.500544218	23009.9
0.500585034	22307.4
0.50062585	20680.9
0.500639456	18925.8
0.500646259	17084.0
0.500659864	16658.2
0.500680272	15645.4
0.50070068	14757.8
0.500734694	12794.4
0.500755102	12138.4
0.50077551	11400.3
0.500789116	10276.0
0.500809524	9728.09
0.500829932	9499.36
0.500843537	8076.78
0.500863946	6426.48
0.500870748	5988.06
0.500891156	4875.75
0.500911565	4103.94
0.500931973	3358.53
0.500952381	2718.94
0.500972789	2210.7
0.5010068	1933.24
0.5010136	1882.35
0.50104082	1831.47
0.50105442	1797.46
0.50107483	1783.26
0.50111565	1769.17
0.50122449	1783.26
0.5012585	1846.05
0.50129252	1874.22
0.50133333	1924.89
0.50136735	2127.81
0.50140136	2386.28
0.50144218	2687.75
0.50147619	2947.62
0.5015102	3409.77
0.50155102	3766.5
0.50158503	4193.68
0.50161905	4426.71
0.50165986	4946.57
0.50169388	5615.86
0.50172789	6110.18
0.50176871	6595.48
0.50180272	7176.02
0.50183673	7657.13
0.50187075	8624.49
0.50191157	9242.62
0.50194558	9756.19
0.50197959	10328.0
0.50202041	11028.4
0.50205442	11818.8
0.50208843	12466.6
0.50212925	13360.1
0.50216327	14536.0
0.50219728	15999.0
0.50223809	16754.6
0.50227211	18085.3
0.50230612	19381.5
0.50238095	21240.1
0.5024898	23344.1
0.50256463	24819.6
0.50263265	25991.7
0.5027415	27515.2
0.50285034	28711.0
0.50295918	29722.0
0.50306803	30768.7
0.50321088	31600.6
0.50331973	32221.8
0.50342857	32713.4
0.50353742	33212.5
0.50361224	33477.0
0.50372109	33865.4
0.50386395	34110.5
0.50404762	34506.3
0.50419048	34906.7
0.50437415	35184.6
0.50455102	35311.7
0.50484354	35464.8
0.505	35464.8
0.6	32950.1
0.600040816	32807.9
0.600122449	32501.8
0.600251701	31944.2
0.600292517	31373.6
0.600333333	30969.0
0.60037415	30547.6
0.600414966	29487.2
0.600462585	28711.0
0.600503401	28096.6
0.60052381	27356.9
0.600544218	23009.9
0.600585034	22307.4
0.60062585	20680.9
0.600639456	18925.8
0.600646259	17084.0
0.600659864	16658.2
0.600680272	15645.4
0.60070068	14757.8
0.600734694	12794.4
0.600755102	12138.4
0.60077551	11400.3
0.600789116	10276.0
0.600809524	9728.09
0.600829932	9499.36
0.600843537	8076.78
0.600863946	6426.48
0.600870748	5988.06
0.600891156	4875.75
0.600911565	4103.94
0.600931973	3358.53
0.600952381	2718.94
0.600972789	2210.7
0.6010068	1933.24
0.6010136	1882.35
0.60104082	1831.47
0.60105442	1797.46
0.60107483	1783.26
0.60111565	1769.17
0.60122449	1783.26
0.6012585	1846.05
0.60129252	1874.22
0.60133333	1924.89
0.60136735	2127.81
0.60140136	2386.28
0.60144218	2687.75
0.60147619	2947.62
0.6015102	3409.77
0.60155102	3766.5
0.60158503	4193.68
0.60161905	4426.71
0.60165986	4946.57
0.60169388	5615.86
0.60172789	6110.18
0.60176871	6595.48
0.60180272	7176.02
0.60183673	7657.13
0.60187075	8624.49
0.60191157	9242.62
0.60194558	9756.19
0.60197959	10328.0
0.60202041	11028.4
0.60205442	11818.8
0.60208843	12466.6
0.60212925	13360.1
0.60216327	14536.0
0.60219728	15999.0
0.60223809	16754.6
0.60227211	18085.3
0.60230612	19381.5
0.60238095	21240.1
0.6024898	23344.1
0.60256463	24819.6
0.60263265	25991.7
0.6027415	27515.2
0.60285034	28711.0
0.60295918	29722.0
0.60306803	30768.7
0.60321088	31600.6
0.60331973	32221.8
0.60342857	32713.4
0.60353742	33212.5
0.60361224	33477.0
0.60372109	33865.4
0.60386395	34110.5
0.60404762	34506.3
0.60419048	34906.7
0.60437415	35184.6
0.60455102	35311.7
0.60484354	35464.8
0.605	35464.8
0.7	32950.1
0.700040816	32807.9
0.700122449	32501.8
0.700251701	31944.2
0.700292517	31373.6
0.700333333	30969.0
0.70037415	30547.6
0.700414966	29487.2
0.700462585	28711.0
0.700503401	28096.6
0.70052381	27356.9
0.700544218	23009.9
0.700585034	22307.4
0.70062585	20680.9
0.700639456	18925.8
0.700646259	17084.0
0.700659864	16658.2
0.700680272	15645.4
0.70070068	14757.8
0.700734694	12794.4
0.700755102	12138.4
0.70077551	11400.3
0.700789116	10276.0
0.700809524	9728.09
0.700829932	9499.36
0.700843537	8076.78
0.700863946	6426.48
0.700870748	5988.06
0.700891156	4875.75
0.700911565	4103.94
0.700931973	3358.53
0.700952381	2718.94
0.700972789	2210.7
0.7010068	1933.24
0.7010136	1882.35
0.70104082	1831.47
0.70105442	1797.46
0.70107483	1783.26
0.70111565	1769.17
0.70122449	1783.26
0.7012585	1846.05
0.70129252	1874.22
0.70133333	1924.89
0.70136735	2127.81
0.70140136	2386.28
0.70144218	2687.75
0.70147619	2947.62
0.7015102	3409.77
0.70155102	3766.5
0.70158503	4193.68
0.70161905	4426.71
0.70165986	4946.57
0.70169388	5615.86
0.70172789	6110.18
0.70176871	6595.48
0.70180272	7176.02
0.70183673	7657.13
0.70187075	8624.49
0.70191157	9242.62
0.70194558	9756.19
0.70197959	10328.0
0.70202041	11028.4
0.70205442	11818.8
0.70208843	12466.6
0.70212925	13360.1
0.70216327	14536.0
0.70219728	15999.0
0.70223809	16754.6
0.70227211	18085.3
0.70230612	19381.5
0.70238095	21240.1
0.7024898	23344.1
0.70256463	24819.6
0.70263265	25991.7
0.7027415	27515.2
0.70285034	28711.0
0.70295918	29722.0
0.70306803	30768.7
0.70321088	31600.6
0.70331973	32221.8
0.70342857	32713.4
0.70353742	33212.5
0.70361224	33477.0
0.70372109	33865.4
0.70386395	34110.5
0.70404762	34506.3
0.70419048	34906.7
0.70437415	35184.6
0.70455102	35311.7
0.70484354	35464.8
0.705	35464.8
0.8	32950.1
0.800040816	32807.9
0.800122449	32501.8
0.800251701	31944.2
0.800292517	31373.6
0.800333333	30969.0
0.80037415	30547.6
0.800414966	29487.2
0.800462585	28711.0
0.800503401	28096.6
0.80052381	27356.9
0.800544218	23009.9
0.800585034	22307.4
0.80062585	20680.9
0.800639456	18925.8
0.800646259	17084.0
0.800659864	16658.2
0.800680272	15645.4
0.80070068	14757.8
0.800734694	12794.4
0.800755102	12138.4
0.80077551	11400.3
0.800789116	10276.0
0.800809524	9728.09
0.800829932	9499.36
0.800843537	8076.78
0.800863946	6426.48
0.800870748	5988.06
0.800891156	4875.75
0.800911565	4103.94
0.800931973	3358.53
0.800952381	2718.94
0.800972789	2210.7
0.8010068	1933.24
0.8010136	1882.35
0.80104082	1831.47
0.80105442	1797.46
0.80107483	1783.26
0.80111565	1769.17
0.80122449	1783.26
0.8012585	1846.05
0.80129252	1874.22
0.80133333	1924.89
0.80136735	2127.81
0.80140136	2386.28
0.80144218	2687.75
0.80147619	2947.62
0.8015102	3409.77
0.80155102	3766.5
0.80158503	4193.68
0.80161905	4426.71
0.80165986	4946.57
0.80169388	5615.86
0.80172789	6110.18
0.80176871	6595.48
0.80180272	7176.02
0.80183673	7657.13
0.80187075	8624.49
0.80191157	9242.62
0.80194558	9756.19
0.80197959	10328.0
0.80202041	11028.4
0.80205442	11818.8
0.80208843	12466.6
0.80212925	13360.1
0.80216327	14536.0
0.80219728	15999.0
0.80223809	16754.6
0.80227211	18085.3
0.80230612	19381.5
0.80238095	21240.1
0.8024898	23344.1
0.80256463	24819.6
0.80263265	25991.7
0.8027415	27515.2
0.80285034	28711.0
0.80295918	29722.0
0.80306803	30768.7
0.80321088	31600.6
0.80331973	32221.8
0.80342857	32713.4
0.80353742	33212.5
0.80361224	33477.0
0.80372109	33865.4
0.80386395	34110.5
0.80404762	34506.3
0.80419048	34906.7
0.80437415	35184.6
0.80455102	35311.7
0.80484354	35464.8
0.805	35464.8
0.9	32950.1
0.900040816	32807.9
0.900122449	32501.8
0.900251701	31944.2
0.900292517	31373.6
0.900333333	30969.0
0.90037415	30547.6
0.900414966	29487.2
0.900462585	28711.0
0.900503401	28096.6
0.90052381	27356.9
0.900544218	23009.9
0.900585034	22307.4
0.90062585	20680.9
0.900639456	18925.8
0.900646259	17084.0
0.900659864	16658.2
0.900680272	15645.4
0.90070068	14757.8
0.900734694	12794.4
0.900755102	12138.4
0.90077551	11400.3
0.900789116	10276.0
0.900809524	9728.09
0.900829932	9499.36
0.900843537	8076.78
0.900863946	6426.48
0.900870748	5988.06
0.900891156	4875.75
0.900911565	4103.94
0.900931973	3358.53
0.900952381	2718.94
0.900972789	2210.7
0.9010068	1933.24
0.9010136	1882.35
0.90104082	1831.47
0.90105442	1797.46
0.90107483	1783.26
0.90111565	1769.17
0.90122449	1783.26
0.9012585	1846.05
0.90129252	1874.22
0.90133333	1924.89
0.90136735	2127.81
0.90140136	2386.28
0.90144218	2687.75
0.90147619	2947.62
0.9015102	3409.77
0.90155102	3766.5
0.90158503	4193.68
0.90161905	4426.71
0.90165986	4946.57
0.90169388	5615.86
0.90172789	6110.18
0.90176871	6595.48
0.90180272	7176.02
0.90183673	7657.13
0.90187075	8624.49
0.90191157	9242.62
0.90194558	9756.19
0.90197959	10328.0
0.90202041	11028.4
0.90205442	11818.8
0.90208843	12466.6
0.90212925	13360.1
0.90216327	14536.0
0.90219728	15999.0
0.90223809	16754.6
0.90227211	18085.3
0.90230612	19381.5
0.90238095	21240.1
0.9024898	23344.1
0.90256463	24819.6
0.90263265	25991.7
0.9027415	27515.2
0.90285034	28711.0
0.90295918	29722.0
0.90306803	30768.7
0.90321088	31600.6
0.90331973	32221.8
0.90342857	32713.4
0.90353742	33212.5
0.90361224	33477.0
0.90372109	33865.4
0.90386395	34110.5
0.90404762	34506.3
0.90419048	34906.7
0.90437415	35184.6
0.90455102	35311.7
0.90484354	35464.8
0.905	35464.8
1.0	32950.1
1.000040816	32807.9
1.000122449	32501.8
1.000251701	31944.2
1.000292517	31373.6
1.000333333	30969.0
1.00037415	30547.6
1.000414966	29487.2
1.000462585	28711.0
1.000503401	28096.6
1.00052381	27356.9
1.000544218	23009.9
1.000585034	22307.4
1.00062585	20680.9
1.000639456	18925.8
1.000646259	17084.0
1.000659864	16658.2
1.000680272	15645.4
1.00070068	14757.8
1.000734694	12794.4
1.000755102	12138.4
1.00077551	11400.3
1.000789116	10276.0
1.000809524	9728.09
1.000829932	9499.36
1.000843537	8076.78
1.000863946	6426.48
1.000870748	5988.06
1.000891156	4875.75
1.000911565	4103.94
1.000931973	3358.53
1.000952381	2718.94
1.000972789	2210.7
1.0010068	1933.24
1.0010136	1882.35
1.00104082	1831.47
1.00105442	1797.46
1.00107483	1783.26
1.00111565	1769.17
1.00122449	1783.26
1.0012585	1846.05
1.00129252	1874.22
1.00133333	1924.89
1.00136735	2127.81
1.00140136	2386.28
1.00144218	2687.75
1.00147619	2947.62
1.0015102	3409.77
1.00155102	3766.5
1.00158503	4193.68
1.00161905	4426.71
1.00165986	4946.57
1.00169388	5615.86
1.00172789	6110.18
1.00176871	6595.48
1.00180272	7176.02
1.00183673	7657.13
1.00187075	8624.49
1.00191157	9242.62
1.00194558	9756.19
1.00197959	10328.0
1.00202041	11028.4
1.00205442	11818.8
1.00208843	12466.6
1.00212925	13360.1
1.00216327	14536.0
1.00219728	15999.0
1.00223809	16754.6
1.00227211	18085.3
1.00230612	19381.5
1.00238095	21240.1
1.0024898	23344.1
1.00256463	24819.6
1.00263265	25991.7
1.0027415	27515.2
1.00285034	28711.0
1.00295918	29722.0
1.00306803	30768.7
1.00321088	31600.6
1.00331973	32221.8
1.00342857	32713.4
1.00353742	33212.5
1.00361224	33477.0
1.00372109	33865.4
1.00386395	34110.5
1.00404762	34506.3
1.00419048	34906.7
1.00437415	35184.6
1.00455102	35311.7
1.00484354	35464.8
1.005	35464.8
1.1	32950.1
1.100040816	32807.9
1.100122449	32501.8
1.100251701	31944.2
1.100292517	31373.6
1.100333333	30969.0
1.10037415	30547.6
1.100414966	29487.2
1.100462585	28711.0
1.100503401	28096.6
1.10052381	27356.9
1.100544218	23009.9
1.100585034	22307.4
1.10062585	20680.9
1.100639456	18925.8
1.100646259	17084.0
1.100659864	16658.2
1.100680272	15645.4
1.10070068	14757.8
1.100734694	12794.4
1.100755102	12138.4
1.10077551	11400.3
1.100789116	10276.0
1.100809524	9728.09
1.100829932	9499.36
1.100843537	8076.78
1.100863946	6426.48
1.100870748	5988.06
1.100891156	4875.75
1.100911565	4103.94
1.100931973	3358.53
1.100952381	2718.94
1.100972789	2210.7
1.1010068	1933.24
1.1010136	1882.35
1.10104082	1831.47
1.10105442	1797.46
1.10107483	1783.26
1.10111565	1769.17
1.10122449	1783.26
1.1012585	1846.05
1.10129252	1874.22
1.10133333	1924.89
1.10136735	2127.81
1.10140136	2386.28
1.10144218	2687.75
1.10147619	2947.62
1.1015102	3409.77
1.10155102	3766.5
1.10158503	4193.68
1.10161905	4426.71
1.10165986	4946.57
1.10169388	5615.86
1.10172789	6110.18
1.10176871	6595.48
1.10180272	7176.02
1.10183673	7657.13
1.10187075	8624.49
1.10191157	9242.62
1.10194558	9756.19
1.10197959	10328.0
1.10202041	11028.4
1.10205442	11818.8
1.10208843	12466.6
1.10212925	13360.1
1.10216327	14536.0
1.10219728	15999.0
1.10223809	16754.6
1.10227211	18085.3
1.10230612	19381.5
1.10238095	21240.1
1.1024898	23344.1
1.10256463	24819.6
1.10263265	25991.7
1.1027415	27515.2
1.10285034	28711.0
1.10295918	29722.0
1.10306803	30768.7
1.10321088	31600.6
1.10331973	32221.8
1.10342857	32713.4
1.10353742	33212.5
1.10361224	33477.0
1.10372109	33865.4
1.10386395	34110.5
1.10404762	34506.3
1.10419048	34906.7
1.10437415	35184.6
1.10455102	35311.7
1.10484354	35464.8
1.105	35464.8
1.2	32950.1
1.200040816	32807.9
1.200122449	32501.8
1.200251701	31944.2
1.200292517	31373.6
1.200333333	30969.0
1.20037415	30547.6
1.200414966	29487.2
1.200462585	28711.0
1.200503401	28096.6
1.20052381	27356.9
1.200544218	23009.9
1.200585034	22307.4
1.20062585	20680.9
1.200639456	18925.8
1.200646259	17084.0
1.200659864	16658.2
1.200680272	15645.4
1.20070068	14757.8
1.200734694	12794.4
1.200755102	12138.4
1.20077551	11400.3
1.200789116	10276.0
1.200809524	9728.09
1.200829932	9499.36
1.200843537	8076.78
1.200863946	6426.48
1.200870748	5988.06
1.200891156	4875.75
1.200911565	4103.94
1.200931973	3358.53
1.200952381	2718.94
1.200972789	2210.7
1.2010068	1933.24
1.2010136	1882.35
1.20104082	1831.47
1.20105442	1797.46
1.20107483	1783.26
1.20111565	1769.17
1.20122449	1783.26
1.2012585	1846.05
1.20129252	1874.22
1.20133333	1924.89
1.20136735	2127.81
1.20140136	2386.28
1.20144218	2687.75
1.20147619	2947.62
1.2015102	3409.77
1.20155102	3766.5
1.20158503	4193.68
1.20161905	4426.71
1.20165986	4946.57
1.20169388	5615.86
1.20172789	6110.18
1.20176871	6595.48
1.20180272	7176.02
1.20183673	7657.13
1.20187075	8624.49
1.20191157	9242.62
1.20194558	9756.19
1.20197959	10328.0
1.20202041	11028.4
1.20205442	11818.8
1.20208843	12466.6
1.20212925	13360.1
1.20216327	14536.0
1.20219728	15999.0
1.20223809	16754.6
1.20227211	18085.3
1.20230612	19381.5
1.20238095	21240.1
1.2024898	23344.1
1.20256463	24819.6
1.20263265	25991.7
1.2027415	27515.2
1.20285034	28711.0
1.20295918	29722.0
1.20306803	30768.7
1.20321088	31600.6
1.20331973	32221.8
1.20342857	32713.4
1.20353742	33212.5
1.20361224	33477.0
1.20372109	33865.4
1.20386395	34110.5
1.20404762	34506.3
1.20419048	34906.7
1.20437415	35184.6
1.20455102	35311.7
1.20484354	35464.8
1.205	35464.8
1.3	32950.1
1.300040816	32807.9
1.300122449	32501.8
1.300251701	31944.2
1.300292517	31373.6
1.300333333	30969.0
1.30037415	30547.6
1.300414966	29487.2
1.300462585	28711.0
1.300503401	28096.6
1.30052381	27356.9
1.300544218	23009.9
1.300585034	22307.4
1.30062585	20680.9
1.300639456	18925.8
1.300646259	17084.0
1.300659864	16658.2
1.300680272	15645.4
1.30070068	14757.8
1.300734694	12794.4
1.300755102	12138.4
1.30077551	11400.3
1.300789116	10276.0
1.300809524	9728.09
1.300829932	9499.36
1.300843537	8076.78
1.300863946	6426.48
1.300870748	5988.06
1.300891156	4875.75
1.300911565	4103.94
1.300931973	3358.53
1.300952381	2718.94
1.300972789	2210.7
1.3010068	1933.24
1.3010136	1882.35
1.30104082	1831.47
1.30105442	1797.46
1.30107483	1783.26
1.30111565	1769.17
1.30122449	1783.26
1.3012585	1846.05
1.30129252	1874.22
1.30133333	1924.89
1.30136735	2127.81
1.30140136	2386.28
1.30144218	2687.75
1.30147619	2947.62
1.3015102	3409.77
1.30155102	3766.5
1.30158503	4193.68
1.30161905	4426.71
1.30165986	4946.57
1.30169388	5615.86
1.30172789	6110.18
1.30176871	6595.48
1.30180272	7176.02
1.30183673	7657.13
1.30187075	8624.49
1.30191157	9242.62
1.30194558	9756.19
1.30197959	10328.0
1.30202041	11028.4
1.30205442	11818.8
1.30208843	12466.6
1.30212925	13360.1
1.30216327	14536.0
1.30219728	15999.0
1.30223809	16754.6
1.30227211	18085.3
1.30230612	19381.5
1.30238095	21240.1
1.3024898	23344.1
1.30256463	24819.6
1.30263265	25991.7
1.3027415	27515.2
1.30285034	28711.0
1.30295918	29722.0
1.30306803	30768.7
1.30321088	31600.6
1.30331973	32221.8
1.30342857	32713.4
1.30353742	33212.5
1.30361224	33477.0
1.30372109	33865.4
1.30386395	34110.5
1.30404762	34506.3
1.30419048	34906.7
1.30437415	35184.6
1.30455102	35311.7
1.30484354	35464.8
1.305	35464.8
1.4	32950.1
1.400040816	32807.9
1.400122449	32501.8
1.400251701	31944.2
1.400292517	31373.6
1.400333333	30969.0
1.40037415	30547.6
1.400414966	29487.2
1.400462585	28711.0
1.400503401	28096.6
1.40052381	27356.9
1.400544218	23009.9
1.400585034	22307.4
1.40062585	20680.9
1.400639456	18925.8
1.400646259	17084.0
1.400659864	16658.2
1.400680272	15645.4
1.40070068	14757.8
1.400734694	12794.4
1.400755102	12138.4
1.40077551	11400.3
1.400789116	10276.0
1.400809524	9728.09
1.400829932	9499.36
1.400843537	8076.78
1.400863946	6426.48
1.400870748	5988.06
1.400891156	4875.75
1.400911565	4103.94
1.400931973	3358.53
1.400952381	2718.94
1.400972789	2210.7
1.4010068	1933.24
1.4010136	1882.35
1.40104082	1831.47
1.40105442	1797.46
1.40107483	1783.26
1.40111565	1769.17
1.40122449	1783.26
1.4012585	1846.05
1.40129252	1874.22
1.40133333	1924.89
1.40136735	2127.81
1.40140136	2386.28
1.40144218	2687.75
1.40147619	2947.62
1.4015102	3409.77
1.40155102	3766.5
1.40158503	4193.68
1.40161905	4426.71
1.40165986	4946.57
1.40169388	5615.86
1.40172789	6110.18
1.40176871	6595.48
1.40180272	7176.02
1.40183673	7657.13
1.40187075	8624.49
1.40191157	9242.62
1.40194558	9756.19
1.40197959	10328.0
1.40202041	11028.4
1.40205442	11818.8
1.40208843	12466.6
1.40212925	13360.1
1.40216327	14536.0
1.40219728	15999.0
1.40223809	16754.6
1.40227211	18085.3
1.40230612	19381.5
1.40238095	21240.1
1.4024898	23344.1
1.40256463	24819.6
1.40263265	25991.7
1.4027415	27515.2
1.40285034	28711.0
1.40295918	29722.0
1.40306803	30768.7
1.40321088	31600.6
1.40331973	32221.8
1.40342857	32713.4
1.40353742	33212.5
1.40361224	33477.0
1.40372109	33865.4
1.40386395	34110.5
1.40404762	34506.3
1.40419048	34906.7
1.40437415	35184.6
1.40455102	35311.7
1.40484354	35464.8
1.405	35464.8
1.5	32950.1
1.500040816	32807.9
1.500122449	32501.8
1.500251701	31944.2
1.500292517	31373.6
1.500333333	30969.0
1.50037415	30547.6
1.500414966	29487.2
1.500462585	28711.0
1.500503401	28096.6
1.50052381	27356.9
1.500544218	23009.9
1.500585034	22307.4
1.50062585	20680.9
1.500639456	18925.8
1.500646259	17084.0
1.500659864	16658.2
1.500680272	15645.4
1.50070068	14757.8
1.500734694	12794.4
1.500755102	12138.4
1.50077551	11400.3
1.500789116	10276.0
1.500809524	9728.09
1.500829932	9499.36
1.500843537	8076.78
1.500863946	6426.48
1.500870748	5988.06
1.500891156	4875.75
1.500911565	4103.94
1.500931973	3358.53
1.500952381	2718.94
1.500972789	2210.7
1.5010068	1933.24
1.5010136	1882.35
1.50104082	1831.47
1.50105442	1797.46
1.50107483	1783.26
1.50111565	1769.17
1.50122449	1783.26
1.5012585	1846.05
1.50129252	1874.22
1.50133333	1924.89
1.50136735	2127.81
1.50140136	2386.28
1.50144218	2687.75
1.50147619	2947.62
1.5015102	3409.77
1.50155102	3766.5
1.50158503	4193.68
1.50161905	4426.71
1.50165986	4946.57
1.50169388	5615.86
1.50172789	6110.18
1.50176871	6595.48
1.50180272	7176.02
1.50183673	7657.13
1.50187075	8624.49
1.50191157	9242.62
1.50194558	9756.19
1.50197959	10328.0
1.50202041	11028.4
1.50205442	11818.8
1.50208843	12466.6
1.50212925	13360.1
1.50216327	14536.0
1.50219728	15999.0
1.50223809	16754.6
1.50227211	18085.3
1.50230612	19381.5
1.50238095	21240.1
1.5024898	23344.1
1.50256463	24819.6
1.50263265	25991.7
1.5027415	27515.2
1.50285034	28711.0
1.50295918	29722.0
1.50306803	30768.7
1.50321088	31600.6
1.50331973	32221.8
1.50342857	32713.4
1.50353742	33212.5
1.50361224	33477.0
1.50372109	33865.4
1.50386395	34110.5
1.50404762	34506.3
1.50419048	34906.7
1.50437415	35184.6
1.50455102	35311.7
1.50484354	35464.8
1.505	35464.8
1.6	32950.1
1.600040816	32807.9
1.600122449	32501.8
1.600251701	31944.2
1.600292517	31373.6
1.600333333	30969.0
1.60037415	30547.6
1.600414966	29487.2
1.600462585	28711.0
1.600503401	28096.6
1.60052381	27356.9
1.600544218	23009.9
1.600585034	22307.4
1.60062585	20680.9
1.600639456	18925.8
1.600646259	17084.0
1.600659864	16658.2
1.600680272	15645.4
1.60070068	14757.8
1.600734694	12794.4
1.600755102	12138.4
1.60077551	11400.3
1.600789116	10276.0
1.600809524	9728.09
1.600829932	9499.36
1.600843537	8076.78
1.600863946	6426.48
1.600870748	5988.06
1.600891156	4875.75
1.600911565	4103.94
1.600931973	3358.53
1.600952381	2718.94
1.600972789	2210.7
1.6010068	1933.24
1.6010136	1882.35
1.60104082	1831.47
1.60105442	1797.46
1.60107483	1783.26
1.60111565	1769.17
1.60122449	1783.26
1.6012585	1846.05
1.60129252	1874.22
1.60133333	1924.89
1.60136735	2127.81
1.60140136	2386.28
1.60144218	2687.75
1.60147619	2947.62
1.6015102	3409.77
1.60155102	3766.5
1.60158503	4193.68
1.60161905	4426.71
1.60165986	4946.57
1.60169388	5615.86
1.60172789	6110.18
1.60176871	6595.48
1.60180272	7176.02
1.60183673	7657.13
1.60187075	8624.49
1.60191157	9242.62
1.60194558	9756.19
1.60197959	10328.0
1.60202041	11028.4
1.60205442	11818.8
1.60208843	12466.6
1.60212925	13360.1
1.60216327	14536.0
1.60219728	15999.0
1.60223809	16754.6
1.60227211	18085.3
1.60230612	19381.5
1.60238095	21240.1
1.6024898	23344.1
1.60256463	24819.6
1.60263265	25991.7
1.6027415	27515.2
1.60285034	28711.0
1.60295918	29722.0
1.60306803	30768.7
1.60321088	31600.6
1.60331973	32221.8
1.60342857	32713.4
1.60353742	33212.5
1.60361224	33477.0
1.60372109	33865.4
1.60386395	34110.5
1.60404762	34506.3
1.60419048	34906.7
1.60437415	35184.6
1.60455102	35311.7
1.60484354	35464.8
1.605	35464.8
1.7	32950.1
1.700040816	32807.9
1.700122449	32501.8
1.700251701	31944.2
1.700292517	31373.6
1.700333333	30969.0
1.70037415	30547.6
1.700414966	29487.2
1.700462585	28711.0
1.700503401	28096.6
1.70052381	27356.9
1.700544218	23009.9
1.700585034	22307.4
1.70062585	20680.9
1.700639456	18925.8
1.700646259	17084.0
1.700659864	16658.2
1.700680272	15645.4
1.70070068	14757.8
1.700734694	12794.4
1.700755102	12138.4
1.70077551	11400.3
1.700789116	10276.0
1.700809524	9728.09
1.700829932	9499.36
1.700843537	8076.78
1.700863946	6426.48
1.700870748	5988.06
1.700891156	4875.75
1.700911565	4103.94
1.700931973	3358.53
1.700952381	2718.94
1.700972789	2210.7
1.7010068	1933.24
1.7010136	1882.35
1.70104082	1831.47
1.70105442	1797.46
1.70107483	1783.26
1.70111565	1769.17
1.70122449	1783.26
1.7012585	1846.05
1.70129252	1874.22
1.70133333	1924.89
1.70136735	2127.81
1.70140136	2386.28
1.70144218	2687.75
1.70147619	2947.62
1.7015102	3409.77
1.70155102	3766.5
1.70158503	4193.68
1.70161905	4426.71
1.70165986	4946.57
1.70169388	5615.86
1.70172789	6110.18
1.70176871	6595.48
1.70180272	7176.02
1.70183673	7657.13
1.70187075	8624.49
1.70191157	9242.62
1.70194558	9756.19
1.70197959	10328.0
1.70202041	11028.4
1.70205442	11818.8
1.70208843	12466.6
1.70212925	13360.1
1.70216327	14536.0
1.70219728	15999.0
1.70223809	16754.6
1.70227211	18085.3
1.70230612	19381.5
1.70238095	21240.1
1.7024898	23344.1
1.70256463	24819.6
1.70263265	25991.7
1.7027415	27515.2
1.70285034	28711.0
1.70295918	29722.0
1.70306803	30768.7
1.70321088	31600.6
1.70331973	32221.8
1.70342857	32713.4
1.70353742	33212.5
1.70361224	33477.0
1.70372109	33865.4
1.70386395	34110.5
1.70404762	34506.3
1.70419048	34906.7
1.70437415	35184.6
1.70455102	35311.7
1.70484354	35464.8
1.705	35464.8
1.8	32950.1
1.800040816	32807.9
1.800122449	32501.8
1.800251701	31944.2
1.800292517	31373.6
1.800333333	30969.0
1.80037415	30547.6
1.800414966	29487.2
1.800462585	28711.0
1.800503401	28096.6
1.80052381	27356.9
1.800544218	23009.9
1.800585034	22307.4
1.80062585	20680.9
1.800639456	18925.8
1.800646259	17084.0
1.800659864	16658.2
1.800680272	15645.4
1.80070068	14757.8
1.800734694	12794.4
1.800755102	12138.4
1.80077551	11400.3
1.800789116	10276.0
1.800809524	9728.09
1.800829932	9499.36
1.800843537	8076.78
1.800863946	6426.48
1.800870748	5988.06
1.800891156	4875.75
1.800911565	4103.94
1.800931973	3358.53
1.800952381	2718.94
1.800972789	2210.7
1.8010068	1933.24
1.8010136	1882.35
1.80104082	1831.47
1.80105442	1797.46
1.80107483	1783.26
1.80111565	1769.17
1.80122449	1783.26
1.8012585	1846.05
1.80129252	1874.22
1.80133333	1924.89
1.80136735	2127.81
1.80140136	2386.28
1.80144218	2687.75
1.80147619	2947.62
1.8015102	3409.77
1.80155102	3766.5
1.80158503	4193.68
1.80161905	4426.71
1.80165986	4946.57
1.80169388	5615.86
1.80172789	6110.18
1.80176871	6595.48
1.80180272	7176.02
1.80183673	7657.13
1.80187075	8624.49
1.80191157	9242.62
1.80194558	9756.19
1.80197959	10328.0
1.80202041	11028.4
1.80205442	11818.8
1.80208843	12466.6
1.80212925	13360.1
1.80216327	14536.0
1.80219728	15999.0
1.80223809	16754.6
1.80227211	18085.3
1.80230612	19381.5
1.80238095	21240.1
1.8024898	23344.1
1.80256463	24819.6
1.80263265	25991.7
1.8027415	27515.2
1.80285034	28711.0
1.80295918	29722.0
1.80306803	30768.7
1.80321088	31600.6
1.80331973	32221.8
1.80342857	32713.4
1.80353742	33212.5
1.80361224	33477.0
1.80372109	33865.4
1.80386395	34110.5
1.80404762	34506.3
1.80419048	34906.7
1.80437415	35184.6
1.80455102	35311.7
1.80484354	35464.8
1.805	35464.8
1.9	32950.1
1.900040816	32807.9
1.900122449	32501.8
1.900251701	31944.2
1.900292517	31373.6
1.900333333	30969.0
1.90037415	30547.6
1.900414966	29487.2
1.900462585	28711.0
1.900503401	28096.6
1.90052381	27356.9
1.900544218	23009.9
1.900585034	22307.4
1.90062585	20680.9
1.900639456	18925.8
1.900646259	17084.0
1.900659864	16658.2
1.900680272	15645.4
1.90070068	14757.8
1.900734694	12794.4
1.900755102	12138.4
1.90077551	11400.3
1.900789116	10276.0
1.900809524	9728.09
1.900829932	9499.36
1.900843537	8076.78
1.900863946	6426.48
1.900870748	5988.06
1.900891156	4875.75
1.900911565	4103.94
1.900931973	3358.53
1.900952381	2718.94
1.900972789	2210.7
1.9010068	1933.24
1.9010136	1882.35
1.90104082	1831.47
1.90105442	1797.46
1.90107483	1783.26
1.90111565	1769.17
1.90122449	1783.26
1.9012585	1846.05
1.90129252	1874.22
1.90133333	1924.89
1.90136735	2127.81
1.90140136	2386.28
1.90144218	2687.75
1.90147619	2947.62
1.9015102	3409.77
1.90155102	3766.5
1.90158503	4193.68
1.90161905	4426.71
1.90165986	4946.57
1.90169388	5615.86
1.90172789	6110.18
1.90176871	6595.48
1.90180272	7176.02
1.90183673	7657.13
1.90187075	8624.49
1.90191157	9242.62
1.90194558	9756.19
1.90197959	10328.0
1.90202041	11028.4
1.90205442	11818.8
1.90208843	12466.6
1.90212925	13360.1
1.90216327	14536.0
1.90219728	15999.0
1.90223809	16754.6
1.90227211	18085.3
1.90230612	19381.5
1.90238095	21240.1
1.9024898	23344.1
1.90256463	24819.6
1.90263265	25991.7
1.9027415	27515.2
1.90285034	28711.0
1.90295918	29722.0
1.90306803	30768.7
1.90321088	31600.6
1.90331973	32221.8
1.90342857	32713.4
1.90353742	33212.5
1.90361224	33477.0
1.90372109	33865.4
1.90386395	34110.5
1.90404762	34506.3
1.90419048	34906.7
1.90437415	35184.6
1.90455102	35311.7
1.90484354	35464.8
1.905	35464.8
