0.0	32950.1
4.0816e-05	32807.9
0.000122449	32501.8
0.000251701	31944.2
0.000292517	31373.6
0.000333333	30969.0
0.00037415	30547.6
0.000414966	29487.2
0.000462585	28711.0
0.000503401	28096.6
0.00052381	27356.9
0.000544218	23009.9
0.000585034	22307.4
0.00062585	20680.9
0.000639456	18925.8
0.000646259	17084.0
0.000659864	16658.2
0.000680272	15645.4
0.00070068	14757.8
0.000734694	12794.4
0.000755102	12138.4
0.00077551	11400.3
0.000789116	10276.0
0.000809524	9728.09
0.000829932	9499.36
0.000843537	8076.78
0.000863946	6426.48
0.000870748	5988.06
0.000891156	4875.75
0.000911565	4103.94
0.000931973	3358.53
0.000952381	2718.94
0.000972789	2210.7
0.0010068	1933.24
0.0010136	1882.35
0.00104082	1831.47
0.00105442	1797.46
0.00107483	1783.26
0.00111565	1769.17
0.00122449	1783.26
0.0012585	1846.05
0.00129252	1874.22
0.00133333	1924.89
0.00136735	2127.81
0.00140136	2386.28
0.00144218	2687.75
0.00147619	2947.62
0.0015102	3409.77
0.00155102	3766.5
0.00158503	4193.68
0.00161905	4426.71
0.00165986	4946.57
0.00169388	5615.86
0.00172789	6110.18
0.00176871	6595.48
0.00180272	7176.02
0.00183673	7657.13
0.00187075	8624.49
0.00191157	9242.62
0.00194558	9756.19
0.00197959	10328.0
0.00202041	11028.4
0.00205442	11818.8
0.00208843	12466.6
0.00212925	13360.1
0.00216327	14536.0
0.00219728	15999.0
0.00223809	16754.6
0.00227211	18085.3
0.00230612	19381.5
0.00238095	21240.1
0.0024898	23344.1
0.00256463	24819.6
0.00263265	25991.7
0.0027415	27515.2
0.00285034	28711.0
0.00295918	29722.0
0.00306803	30768.7
0.00321088	31600.6
0.00331973	32221.8
0.00342857	32713.4
0.00353742	33212.5
0.00361224	33477.0
0.00372109	33865.4
0.00386395	34110.5
0.00404762	34506.3
0.00419048	34906.7
0.00437415	35184.6
0.00455102	35311.7
0.00484354	35464.8
0.005	35464.8
0.02	32950.1
0.020040816	32807.9
0.020122449	32501.8
0.020251701	31944.2
0.020292517	31373.6
0.020333333	30969.0
0.02037415	30547.6
0.020414966	29487.2
0.020462585	28711.0
0.020503401	28096.6
0.02052381	27356.9
0.020544218	23009.9
0.020585034	22307.4
0.02062585	20680.9
0.020639456	18925.8
0.020646259	17084.0
0.020659864	16658.2
0.020680272	15645.4
0.02070068	14757.8
0.020734694	12794.4
0.020755102	12138.4
0.02077551	11400.3
0.020789116	10276.0
0.020809524	9728.09
0.020829932	9499.36
0.020843537	8076.78
0.020863946	6426.48
0.020870748	5988.06
0.020891156	4875.75
0.020911565	4103.94
0.020931973	3358.53
0.020952381	2718.94
0.020972789	2210.7
0.0210068	1933.24
0.0210136	1882.35
0.02104082	1831.47
0.02105442	1797.46
0.02107483	1783.26
0.02111565	1769.17
0.02122449	1783.26
0.0212585	1846.05
0.02129252	1874.22
0.02133333	1924.89
0.02136735	2127.81
0.02140136	2386.28
0.02144218	2687.75
0.02147619	2947.62
0.0215102	3409.77
0.02155102	3766.5
0.02158503	4193.68
0.02161905	4426.71
0.02165986	4946.57
0.02169388	5615.86
0.02172789	6110.18
0.02176871	6595.48
0.02180272	7176.02
0.02183673	7657.13
0.02187075	8624.49
0.02191157	9242.62
0.02194558	9756.19
0.02197959	10328.0
0.02202041	11028.4
0.02205442	11818.8
0.02208843	12466.6
0.02212925	13360.1
0.02216327	14536.0
0.02219728	15999.0
0.02223809	16754.6
0.02227211	18085.3
0.02230612	19381.5
0.02238095	21240.1
0.0224898	23344.1
0.02256463	24819.6
0.02263265	25991.7
0.0227415	27515.2
0.02285034	28711.0
0.02295918	29722.0
0.02306803	30768.7
0.02321088	31600.6
0.02331973	32221.8
0.02342857	32713.4
0.02353742	33212.5
0.02361224	33477.0
0.02372109	33865.4
0.02386395	34110.5
0.02404762	34506.3
0.02419048	34906.7
0.02437415	35184.6
0.02455102	35311.7
0.02484354	35464.8
0.025	35464.8
0.04	32950.1
0.040040816	32807.9
0.040122449	32501.8
0.040251701	31944.2
0.040292517	31373.6
0.040333333	30969.0
0.04037415	30547.6
0.040414966	29487.2
0.040462585	28711.0
0.040503401	28096.6
0.04052381	27356.9
0.040544218	23009.9
0.040585034	22307.4
0.04062585	20680.9
0.040639456	18925.8
0.040646259	17084.0
0.040659864	16658.2
0.040680272	15645.4
0.04070068	14757.8
0.040734694	12794.4
0.040755102	12138.4
0.04077551	11400.3
0.040789116	10276.0
0.040809524	9728.09
0.040829932	9499.36
0.040843537	8076.78
0.040863946	6426.48
0.040870748	5988.06
0.040891156	4875.75
0.040911565	4103.94
0.040931973	3358.53
0.040952381	2718.94
0.040972789	2210.7
0.0410068	1933.24
0.0410136	1882.35
0.04104082	1831.47
0.04105442	1797.46
0.04107483	1783.26
0.04111565	1769.17
0.04122449	1783.26
0.0412585	1846.05
0.04129252	1874.22
0.04133333	1924.89
0.04136735	2127.81
0.04140136	2386.28
0.04144218	2687.75
0.04147619	2947.62
0.0415102	3409.77
0.04155102	3766.5
0.04158503	4193.68
0.04161905	4426.71
0.04165986	4946.57
0.04169388	5615.86
0.04172789	6110.18
0.04176871	6595.48
0.04180272	7176.02
0.04183673	7657.13
0.04187075	8624.49
0.04191157	9242.62
0.04194558	9756.19
0.04197959	10328.0
0.04202041	11028.4
0.04205442	11818.8
0.04208843	12466.6
0.04212925	13360.1
0.04216327	14536.0
0.04219728	15999.0
0.04223809	16754.6
0.04227211	18085.3
0.04230612	19381.5
0.04238095	21240.1
0.0424898	23344.1
0.04256463	24819.6
0.04263265	25991.7
0.0427415	27515.2
0.04285034	28711.0
0.04295918	29722.0
0.04306803	30768.7
0.04321088	31600.6
0.04331973	32221.8
0.04342857	32713.4
0.04353742	33212.5
0.04361224	33477.0
0.04372109	33865.4
0.04386395	34110.5
0.04404762	34506.3
0.04419048	34906.7
0.04437415	35184.6
0.04455102	35311.7
0.04484354	35464.8
0.045	35464.8
0.06	32950.1
0.060040816	32807.9
0.060122449	32501.8
0.060251701	31944.2
0.060292517	31373.6
0.060333333	30969.0
0.06037415	30547.6
0.060414966	29487.2
0.060462585	28711.0
0.060503401	28096.6
0.06052381	27356.9
0.060544218	23009.9
0.060585034	22307.4
0.06062585	20680.9
0.060639456	18925.8
0.060646259	17084.0
0.060659864	16658.2
0.060680272	15645.4
0.06070068	14757.8
0.060734694	12794.4
0.060755102	12138.4
0.06077551	11400.3
0.060789116	10276.0
0.060809524	9728.09
0.060829932	9499.36
0.060843537	8076.78
0.060863946	6426.48
0.060870748	5988.06
0.060891156	4875.75
0.060911565	4103.94
0.060931973	3358.53
0.060952381	2718.94
0.060972789	2210.7
0.0610068	1933.24
0.0610136	1882.35
0.06104082	1831.47
0.06105442	1797.46
0.06107483	1783.26
0.06111565	1769.17
0.06122449	1783.26
0.0612585	1846.05
0.06129252	1874.22
0.06133333	1924.89
0.06136735	2127.81
0.06140136	2386.28
0.06144218	2687.75
0.06147619	2947.62
0.0615102	3409.77
0.06155102	3766.5
0.06158503	4193.68
0.06161905	4426.71
0.06165986	4946.57
0.06169388	5615.86
0.06172789	6110.18
0.06176871	6595.48
0.06180272	7176.02
0.06183673	7657.13
0.06187075	8624.49
0.06191157	9242.62
0.06194558	9756.19
0.06197959	10328.0
0.06202041	11028.4
0.06205442	11818.8
0.06208843	12466.6
0.06212925	13360.1
0.06216327	14536.0
0.06219728	15999.0
0.06223809	16754.6
0.06227211	18085.3
0.06230612	19381.5
0.06238095	21240.1
0.0624898	23344.1
0.06256463	24819.6
0.06263265	25991.7
0.0627415	27515.2
0.06285034	28711.0
0.06295918	29722.0
0.06306803	30768.7
0.06321088	31600.6
0.06331973	32221.8
0.06342857	32713.4
0.06353742	33212.5
0.06361224	33477.0
0.06372109	33865.4
0.06386395	34110.5
0.06404762	34506.3
0.06419048	34906.7
0.06437415	35184.6
0.06455102	35311.7
0.06484354	35464.8
0.065	35464.8
0.08	32950.1
0.080040816	32807.9
0.080122449	32501.8
0.080251701	31944.2
0.080292517	31373.6
0.080333333	30969.0
0.08037415	30547.6
0.080414966	29487.2
0.080462585	28711.0
0.080503401	28096.6
0.08052381	27356.9
0.080544218	23009.9
0.080585034	22307.4
0.08062585	20680.9
0.080639456	18925.8
0.080646259	17084.0
0.080659864	16658.2
0.080680272	15645.4
0.08070068	14757.8
0.080734694	12794.4
0.080755102	12138.4
0.08077551	11400.3
0.080789116	10276.0
0.080809524	9728.09
0.080829932	9499.36
0.080843537	8076.78
0.080863946	6426.48
0.080870748	5988.06
0.080891156	4875.75
0.080911565	4103.94
0.080931973	3358.53
0.080952381	2718.94
0.080972789	2210.7
0.0810068	1933.24
0.0810136	1882.35
0.08104082	1831.47
0.08105442	1797.46
0.08107483	1783.26
0.08111565	1769.17
0.08122449	1783.26
0.0812585	1846.05
0.08129252	1874.22
0.08133333	1924.89
0.08136735	2127.81
0.08140136	2386.28
0.08144218	2687.75
0.08147619	2947.62
0.0815102	3409.77
0.08155102	3766.5
0.08158503	4193.68
0.08161905	4426.71
0.08165986	4946.57
0.08169388	5615.86
0.08172789	6110.18
0.08176871	6595.48
0.08180272	7176.02
0.08183673	7657.13
0.08187075	8624.49
0.08191157	9242.62
0.08194558	9756.19
0.08197959	10328.0
0.08202041	11028.4
0.08205442	11818.8
0.08208843	12466.6
0.08212925	13360.1
0.08216327	14536.0
0.08219728	15999.0
0.08223809	16754.6
0.08227211	18085.3
0.08230612	19381.5
0.08238095	21240.1
0.0824898	23344.1
0.08256463	24819.6
0.08263265	25991.7
0.0827415	27515.2
0.08285034	28711.0
0.08295918	29722.0
0.08306803	30768.7
0.08321088	31600.6
0.08331973	32221.8
0.08342857	32713.4
0.08353742	33212.5
0.08361224	33477.0
0.08372109	33865.4
0.08386395	34110.5
0.08404762	34506.3
0.08419048	34906.7
0.08437415	35184.6
0.08455102	35311.7
0.08484354	35464.8
0.085	35464.8
0.1	32950.1
0.100040816	32807.9
0.100122449	32501.8
0.100251701	31944.2
0.100292517	31373.6
0.100333333	30969.0
0.10037415	30547.6
0.100414966	29487.2
0.100462585	28711.0
0.100503401	28096.6
0.10052381	27356.9
0.100544218	23009.9
0.100585034	22307.4
0.10062585	20680.9
0.100639456	18925.8
0.100646259	17084.0
0.100659864	16658.2
0.100680272	15645.4
0.10070068	14757.8
0.100734694	12794.4
0.100755102	12138.4
0.10077551	11400.3
0.100789116	10276.0
0.100809524	9728.09
0.100829932	9499.36
0.100843537	8076.78
0.100863946	6426.48
0.100870748	5988.06
0.100891156	4875.75
0.100911565	4103.94
0.100931973	3358.53
0.100952381	2718.94
0.100972789	2210.7
0.1010068	1933.24
0.1010136	1882.35
0.10104082	1831.47
0.10105442	1797.46
0.10107483	1783.26
0.10111565	1769.17
0.10122449	1783.26
0.1012585	1846.05
0.10129252	1874.22
0.10133333	1924.89
0.10136735	2127.81
0.10140136	2386.28
0.10144218	2687.75
0.10147619	2947.62
0.1015102	3409.77
0.10155102	3766.5
0.10158503	4193.68
0.10161905	4426.71
0.10165986	4946.57
0.10169388	5615.86
0.10172789	6110.18
0.10176871	6595.48
0.10180272	7176.02
0.10183673	7657.13
0.10187075	8624.49
0.10191157	9242.62
0.10194558	9756.19
0.10197959	10328.0
0.10202041	11028.4
0.10205442	11818.8
0.10208843	12466.6
0.10212925	13360.1
0.10216327	14536.0
0.10219728	15999.0
0.10223809	16754.6
0.10227211	18085.3
0.10230612	19381.5
0.10238095	21240.1
0.1024898	23344.1
0.10256463	24819.6
0.10263265	25991.7
0.1027415	27515.2
0.10285034	28711.0
0.10295918	29722.0
0.10306803	30768.7
0.10321088	31600.6
0.10331973	32221.8
0.10342857	32713.4
0.10353742	33212.5
0.10361224	33477.0
0.10372109	33865.4
0.10386395	34110.5
0.10404762	34506.3
0.10419048	34906.7
0.10437415	35184.6
0.10455102	35311.7
0.10484354	35464.8
0.105	35464.8
0.12	32950.1
0.120040816	32807.9
0.120122449	32501.8
0.120251701	31944.2
0.120292517	31373.6
0.120333333	30969.0
0.12037415	30547.6
0.120414966	29487.2
0.120462585	28711.0
0.120503401	28096.6
0.12052381	27356.9
0.120544218	23009.9
0.120585034	22307.4
0.12062585	20680.9
0.120639456	18925.8
0.120646259	17084.0
0.120659864	16658.2
0.120680272	15645.4
0.12070068	14757.8
0.120734694	12794.4
0.120755102	12138.4
0.12077551	11400.3
0.120789116	10276.0
0.120809524	9728.09
0.120829932	9499.36
0.120843537	8076.78
0.120863946	6426.48
0.120870748	5988.06
0.120891156	4875.75
0.120911565	4103.94
0.120931973	3358.53
0.120952381	2718.94
0.120972789	2210.7
0.1210068	1933.24
0.1210136	1882.35
0.12104082	1831.47
0.12105442	1797.46
0.12107483	1783.26
0.12111565	1769.17
0.12122449	1783.26
0.1212585	1846.05
0.12129252	1874.22
0.12133333	1924.89
0.12136735	2127.81
0.12140136	2386.28
0.12144218	2687.75
0.12147619	2947.62
0.1215102	3409.77
0.12155102	3766.5
0.12158503	4193.68
0.12161905	4426.71
0.12165986	4946.57
0.12169388	5615.86
0.12172789	6110.18
0.12176871	6595.48
0.12180272	7176.02
0.12183673	7657.13
0.12187075	8624.49
0.12191157	9242.62
0.12194558	9756.19
0.12197959	10328.0
0.12202041	11028.4
0.12205442	11818.8
0.12208843	12466.6
0.12212925	13360.1
0.12216327	14536.0
0.12219728	15999.0
0.12223809	16754.6
0.12227211	18085.3
0.12230612	19381.5
0.12238095	21240.1
0.1224898	23344.1
0.12256463	24819.6
0.12263265	25991.7
0.1227415	27515.2
0.12285034	28711.0
0.12295918	29722.0
0.12306803	30768.7
0.12321088	31600.6
0.12331973	32221.8
0.12342857	32713.4
0.12353742	33212.5
0.12361224	33477.0
0.12372109	33865.4
0.12386395	34110.5
0.12404762	34506.3
0.12419048	34906.7
0.12437415	35184.6
0.12455102	35311.7
0.12484354	35464.8
0.125	35464.8
0.14	32950.1
0.140040816	32807.9
0.140122449	32501.8
0.140251701	31944.2
0.140292517	31373.6
0.140333333	30969.0
0.14037415	30547.6
0.140414966	29487.2
0.140462585	28711.0
0.140503401	28096.6
0.14052381	27356.9
0.140544218	23009.9
0.140585034	22307.4
0.14062585	20680.9
0.140639456	18925.8
0.140646259	17084.0
0.140659864	16658.2
0.140680272	15645.4
0.14070068	14757.8
0.140734694	12794.4
0.140755102	12138.4
0.14077551	11400.3
0.140789116	10276.0
0.140809524	9728.09
0.140829932	9499.36
0.140843537	8076.78
0.140863946	6426.48
0.140870748	5988.06
0.140891156	4875.75
0.140911565	4103.94
0.140931973	3358.53
0.140952381	2718.94
0.140972789	2210.7
0.1410068	1933.24
0.1410136	1882.35
0.14104082	1831.47
0.14105442	1797.46
0.14107483	1783.26
0.14111565	1769.17
0.14122449	1783.26
0.1412585	1846.05
0.14129252	1874.22
0.14133333	1924.89
0.14136735	2127.81
0.14140136	2386.28
0.14144218	2687.75
0.14147619	2947.62
0.1415102	3409.77
0.14155102	3766.5
0.14158503	4193.68
0.14161905	4426.71
0.14165986	4946.57
0.14169388	5615.86
0.14172789	6110.18
0.14176871	6595.48
0.14180272	7176.02
0.14183673	7657.13
0.14187075	8624.49
0.14191157	9242.62
0.14194558	9756.19
0.14197959	10328.0
0.14202041	11028.4
0.14205442	11818.8
0.14208843	12466.6
0.14212925	13360.1
0.14216327	14536.0
0.14219728	15999.0
0.14223809	16754.6
0.14227211	18085.3
0.14230612	19381.5
0.14238095	21240.1
0.1424898	23344.1
0.14256463	24819.6
0.14263265	25991.7
0.1427415	27515.2
0.14285034	28711.0
0.14295918	29722.0
0.14306803	30768.7
0.14321088	31600.6
0.14331973	32221.8
0.14342857	32713.4
0.14353742	33212.5
0.14361224	33477.0
0.14372109	33865.4
0.14386395	34110.5
0.14404762	34506.3
0.14419048	34906.7
0.14437415	35184.6
0.14455102	35311.7
0.14484354	35464.8
0.145	35464.8
0.16	32950.1
0.160040816	32807.9
0.160122449	32501.8
0.160251701	31944.2
0.160292517	31373.6
0.160333333	30969.0
0.16037415	30547.6
0.160414966	29487.2
0.160462585	28711.0
0.160503401	28096.6
0.16052381	27356.9
0.160544218	23009.9
0.160585034	22307.4
0.16062585	20680.9
0.160639456	18925.8
0.160646259	17084.0
0.160659864	16658.2
0.160680272	15645.4
0.16070068	14757.8
0.160734694	12794.4
0.160755102	12138.4
0.16077551	11400.3
0.160789116	10276.0
0.160809524	9728.09
0.160829932	9499.36
0.160843537	8076.78
0.160863946	6426.48
0.160870748	5988.06
0.160891156	4875.75
0.160911565	4103.94
0.160931973	3358.53
0.160952381	2718.94
0.160972789	2210.7
0.1610068	1933.24
0.1610136	1882.35
0.16104082	1831.47
0.16105442	1797.46
0.16107483	1783.26
0.16111565	1769.17
0.16122449	1783.26
0.1612585	1846.05
0.16129252	1874.22
0.16133333	1924.89
0.16136735	2127.81
0.16140136	2386.28
0.16144218	2687.75
0.16147619	2947.62
0.1615102	3409.77
0.16155102	3766.5
0.16158503	4193.68
0.16161905	4426.71
0.16165986	4946.57
0.16169388	5615.86
0.16172789	6110.18
0.16176871	6595.48
0.16180272	7176.02
0.16183673	7657.13
0.16187075	8624.49
0.16191157	9242.62
0.16194558	9756.19
0.16197959	10328.0
0.16202041	11028.4
0.16205442	11818.8
0.16208843	12466.6
0.16212925	13360.1
0.16216327	14536.0
0.16219728	15999.0
0.16223809	16754.6
0.16227211	18085.3
0.16230612	19381.5
0.16238095	21240.1
0.1624898	23344.1
0.16256463	24819.6
0.16263265	25991.7
0.1627415	27515.2
0.16285034	28711.0
0.16295918	29722.0
0.16306803	30768.7
0.16321088	31600.6
0.16331973	32221.8
0.16342857	32713.4
0.16353742	33212.5
0.16361224	33477.0
0.16372109	33865.4
0.16386395	34110.5
0.16404762	34506.3
0.16419048	34906.7
0.16437415	35184.6
0.16455102	35311.7
0.16484354	35464.8
0.165	35464.8
0.18	32950.1
0.180040816	32807.9
0.180122449	32501.8
0.180251701	31944.2
0.180292517	31373.6
0.180333333	30969.0
0.18037415	30547.6
0.180414966	29487.2
0.180462585	28711.0
0.180503401	28096.6
0.18052381	27356.9
0.180544218	23009.9
0.180585034	22307.4
0.18062585	20680.9
0.180639456	18925.8
0.180646259	17084.0
0.180659864	16658.2
0.180680272	15645.4
0.18070068	14757.8
0.180734694	12794.4
0.180755102	12138.4
0.18077551	11400.3
0.180789116	10276.0
0.180809524	9728.09
0.180829932	9499.36
0.180843537	8076.78
0.180863946	6426.48
0.180870748	5988.06
0.180891156	4875.75
0.180911565	4103.94
0.180931973	3358.53
0.180952381	2718.94
0.180972789	2210.7
0.1810068	1933.24
0.1810136	1882.35
0.18104082	1831.47
0.18105442	1797.46
0.18107483	1783.26
0.18111565	1769.17
0.18122449	1783.26
0.1812585	1846.05
0.18129252	1874.22
0.18133333	1924.89
0.18136735	2127.81
0.18140136	2386.28
0.18144218	2687.75
0.18147619	2947.62
0.1815102	3409.77
0.18155102	3766.5
0.18158503	4193.68
0.18161905	4426.71
0.18165986	4946.57
0.18169388	5615.86
0.18172789	6110.18
0.18176871	6595.48
0.18180272	7176.02
0.18183673	7657.13
0.18187075	8624.49
0.18191157	9242.62
0.18194558	9756.19
0.18197959	10328.0
0.18202041	11028.4
0.18205442	11818.8
0.18208843	12466.6
0.18212925	13360.1
0.18216327	14536.0
0.18219728	15999.0
0.18223809	16754.6
0.18227211	18085.3
0.18230612	19381.5
0.18238095	21240.1
0.1824898	23344.1
0.18256463	24819.6
0.18263265	25991.7
0.1827415	27515.2
0.18285034	28711.0
0.18295918	29722.0
0.18306803	30768.7
0.18321088	31600.6
0.18331973	32221.8
0.18342857	32713.4
0.18353742	33212.5
0.18361224	33477.0
0.18372109	33865.4
0.18386395	34110.5
0.18404762	34506.3
0.18419048	34906.7
0.18437415	35184.6
0.18455102	35311.7
0.18484354	35464.8
0.185	35464.8
0.2	32950.1
0.200040816	32807.9
0.200122449	32501.8
0.200251701	31944.2
0.200292517	31373.6
0.200333333	30969.0
0.20037415	30547.6
0.200414966	29487.2
0.200462585	28711.0
0.200503401	28096.6
0.20052381	27356.9
0.200544218	23009.9
0.200585034	22307.4
0.20062585	20680.9
0.200639456	18925.8
0.200646259	17084.0
0.200659864	16658.2
0.200680272	15645.4
0.20070068	14757.8
0.200734694	12794.4
0.200755102	12138.4
0.20077551	11400.3
0.200789116	10276.0
0.200809524	9728.09
0.200829932	9499.36
0.200843537	8076.78
0.200863946	6426.48
0.200870748	5988.06
0.200891156	4875.75
0.200911565	4103.94
0.200931973	3358.53
0.200952381	2718.94
0.200972789	2210.7
0.2010068	1933.24
0.2010136	1882.35
0.20104082	1831.47
0.20105442	1797.46
0.20107483	1783.26
0.20111565	1769.17
0.20122449	1783.26
0.2012585	1846.05
0.20129252	1874.22
0.20133333	1924.89
0.20136735	2127.81
0.20140136	2386.28
0.20144218	2687.75
0.20147619	2947.62
0.2015102	3409.77
0.20155102	3766.5
0.20158503	4193.68
0.20161905	4426.71
0.20165986	4946.57
0.20169388	5615.86
0.20172789	6110.18
0.20176871	6595.48
0.20180272	7176.02
0.20183673	7657.13
0.20187075	8624.49
0.20191157	9242.62
0.20194558	9756.19
0.20197959	10328.0
0.20202041	11028.4
0.20205442	11818.8
0.20208843	12466.6
0.20212925	13360.1
0.20216327	14536.0
0.20219728	15999.0
0.20223809	16754.6
0.20227211	18085.3
0.20230612	19381.5
0.20238095	21240.1
0.2024898	23344.1
0.20256463	24819.6
0.20263265	25991.7
0.2027415	27515.2
0.20285034	28711.0
0.20295918	29722.0
0.20306803	30768.7
0.20321088	31600.6
0.20331973	32221.8
0.20342857	32713.4
0.20353742	33212.5
0.20361224	33477.0
0.20372109	33865.4
0.20386395	34110.5
0.20404762	34506.3
0.20419048	34906.7
0.20437415	35184.6
0.20455102	35311.7
0.20484354	35464.8
0.205	35464.8
0.22	32950.1
0.220040816	32807.9
0.220122449	32501.8
0.220251701	31944.2
0.220292517	31373.6
0.220333333	30969.0
0.22037415	30547.6
0.220414966	29487.2
0.220462585	28711.0
0.220503401	28096.6
0.22052381	27356.9
0.220544218	23009.9
0.220585034	22307.4
0.22062585	20680.9
0.220639456	18925.8
0.220646259	17084.0
0.220659864	16658.2
0.220680272	15645.4
0.22070068	14757.8
0.220734694	12794.4
0.220755102	12138.4
0.22077551	11400.3
0.220789116	10276.0
0.220809524	9728.09
0.220829932	9499.36
0.220843537	8076.78
0.220863946	6426.48
0.220870748	5988.06
0.220891156	4875.75
0.220911565	4103.94
0.220931973	3358.53
0.220952381	2718.94
0.220972789	2210.7
0.2210068	1933.24
0.2210136	1882.35
0.22104082	1831.47
0.22105442	1797.46
0.22107483	1783.26
0.22111565	1769.17
0.22122449	1783.26
0.2212585	1846.05
0.22129252	1874.22
0.22133333	1924.89
0.22136735	2127.81
0.22140136	2386.28
0.22144218	2687.75
0.22147619	2947.62
0.2215102	3409.77
0.22155102	3766.5
0.22158503	4193.68
0.22161905	4426.71
0.22165986	4946.57
0.22169388	5615.86
0.22172789	6110.18
0.22176871	6595.48
0.22180272	7176.02
0.22183673	7657.13
0.22187075	8624.49
0.22191157	9242.62
0.22194558	9756.19
0.22197959	10328.0
0.22202041	11028.4
0.22205442	11818.8
0.22208843	12466.6
0.22212925	13360.1
0.22216327	14536.0
0.22219728	15999.0
0.22223809	16754.6
0.22227211	18085.3
0.22230612	19381.5
0.22238095	21240.1
0.2224898	23344.1
0.22256463	24819.6
0.22263265	25991.7
0.2227415	27515.2
0.22285034	28711.0
0.22295918	29722.0
0.22306803	30768.7
0.22321088	31600.6
0.22331973	32221.8
0.22342857	32713.4
0.22353742	33212.5
0.22361224	33477.0
0.22372109	33865.4
0.22386395	34110.5
0.22404762	34506.3
0.22419048	34906.7
0.22437415	35184.6
0.22455102	35311.7
0.22484354	35464.8
0.225	35464.8
0.24	32950.1
0.240040816	32807.9
0.240122449	32501.8
0.240251701	31944.2
0.240292517	31373.6
0.240333333	30969.0
0.24037415	30547.6
0.240414966	29487.2
0.240462585	28711.0
0.240503401	28096.6
0.24052381	27356.9
0.240544218	23009.9
0.240585034	22307.4
0.24062585	20680.9
0.240639456	18925.8
0.240646259	17084.0
0.240659864	16658.2
0.240680272	15645.4
0.24070068	14757.8
0.240734694	12794.4
0.240755102	12138.4
0.24077551	11400.3
0.240789116	10276.0
0.240809524	9728.09
0.240829932	9499.36
0.240843537	8076.78
0.240863946	6426.48
0.240870748	5988.06
0.240891156	4875.75
0.240911565	4103.94
0.240931973	3358.53
0.240952381	2718.94
0.240972789	2210.7
0.2410068	1933.24
0.2410136	1882.35
0.24104082	1831.47
0.24105442	1797.46
0.24107483	1783.26
0.24111565	1769.17
0.24122449	1783.26
0.2412585	1846.05
0.24129252	1874.22
0.24133333	1924.89
0.24136735	2127.81
0.24140136	2386.28
0.24144218	2687.75
0.24147619	2947.62
0.2415102	3409.77
0.24155102	3766.5
0.24158503	4193.68
0.24161905	4426.71
0.24165986	4946.57
0.24169388	5615.86
0.24172789	6110.18
0.24176871	6595.48
0.24180272	7176.02
0.24183673	7657.13
0.24187075	8624.49
0.24191157	9242.62
0.24194558	9756.19
0.24197959	10328.0
0.24202041	11028.4
0.24205442	11818.8
0.24208843	12466.6
0.24212925	13360.1
0.24216327	14536.0
0.24219728	15999.0
0.24223809	16754.6
0.24227211	18085.3
0.24230612	19381.5
0.24238095	21240.1
0.2424898	23344.1
0.24256463	24819.6
0.24263265	25991.7
0.2427415	27515.2
0.24285034	28711.0
0.24295918	29722.0
0.24306803	30768.7
0.24321088	31600.6
0.24331973	32221.8
0.24342857	32713.4
0.24353742	33212.5
0.24361224	33477.0
0.24372109	33865.4
0.24386395	34110.5
0.24404762	34506.3
0.24419048	34906.7
0.24437415	35184.6
0.24455102	35311.7
0.24484354	35464.8
0.245	35464.8
0.26	32950.1
0.260040816	32807.9
0.260122449	32501.8
0.260251701	31944.2
0.260292517	31373.6
0.260333333	30969.0
0.26037415	30547.6
0.260414966	29487.2
0.260462585	28711.0
0.260503401	28096.6
0.26052381	27356.9
0.260544218	23009.9
0.260585034	22307.4
0.26062585	20680.9
0.260639456	18925.8
0.260646259	17084.0
0.260659864	16658.2
0.260680272	15645.4
0.26070068	14757.8
0.260734694	12794.4
0.260755102	12138.4
0.26077551	11400.3
0.260789116	10276.0
0.260809524	9728.09
0.260829932	9499.36
0.260843537	8076.78
0.260863946	6426.48
0.260870748	5988.06
0.260891156	4875.75
0.260911565	4103.94
0.260931973	3358.53
0.260952381	2718.94
0.260972789	2210.7
0.2610068	1933.24
0.2610136	1882.35
0.26104082	1831.47
0.26105442	1797.46
0.26107483	1783.26
0.26111565	1769.17
0.26122449	1783.26
0.2612585	1846.05
0.26129252	1874.22
0.26133333	1924.89
0.26136735	2127.81
0.26140136	2386.28
0.26144218	2687.75
0.26147619	2947.62
0.2615102	3409.77
0.26155102	3766.5
0.26158503	4193.68
0.26161905	4426.71
0.26165986	4946.57
0.26169388	5615.86
0.26172789	6110.18
0.26176871	6595.48
0.26180272	7176.02
0.26183673	7657.13
0.26187075	8624.49
0.26191157	9242.62
0.26194558	9756.19
0.26197959	10328.0
0.26202041	11028.4
0.26205442	11818.8
0.26208843	12466.6
0.26212925	13360.1
0.26216327	14536.0
0.26219728	15999.0
0.26223809	16754.6
0.26227211	18085.3
0.26230612	19381.5
0.26238095	21240.1
0.2624898	23344.1
0.26256463	24819.6
0.26263265	25991.7
0.2627415	27515.2
0.26285034	28711.0
0.26295918	29722.0
0.26306803	30768.7
0.26321088	31600.6
0.26331973	32221.8
0.26342857	32713.4
0.26353742	33212.5
0.26361224	33477.0
0.26372109	33865.4
0.26386395	34110.5
0.26404762	34506.3
0.26419048	34906.7
0.26437415	35184.6
0.26455102	35311.7
0.26484354	35464.8
0.265	35464.8
0.28	32950.1
0.280040816	32807.9
0.280122449	32501.8
0.280251701	31944.2
0.280292517	31373.6
0.280333333	30969.0
0.28037415	30547.6
0.280414966	29487.2
0.280462585	28711.0
0.280503401	28096.6
0.28052381	27356.9
0.280544218	23009.9
0.280585034	22307.4
0.28062585	20680.9
0.280639456	18925.8
0.280646259	17084.0
0.280659864	16658.2
0.280680272	15645.4
0.28070068	14757.8
0.280734694	12794.4
0.280755102	12138.4
0.28077551	11400.3
0.280789116	10276.0
0.280809524	9728.09
0.280829932	9499.36
0.280843537	8076.78
0.280863946	6426.48
0.280870748	5988.06
0.280891156	4875.75
0.280911565	4103.94
0.280931973	3358.53
0.280952381	2718.94
0.280972789	2210.7
0.2810068	1933.24
0.2810136	1882.35
0.28104082	1831.47
0.28105442	1797.46
0.28107483	1783.26
0.28111565	1769.17
0.28122449	1783.26
0.2812585	1846.05
0.28129252	1874.22
0.28133333	1924.89
0.28136735	2127.81
0.28140136	2386.28
0.28144218	2687.75
0.28147619	2947.62
0.2815102	3409.77
0.28155102	3766.5
0.28158503	4193.68
0.28161905	4426.71
0.28165986	4946.57
0.28169388	5615.86
0.28172789	6110.18
0.28176871	6595.48
0.28180272	7176.02
0.28183673	7657.13
0.28187075	8624.49
0.28191157	9242.62
0.28194558	9756.19
0.28197959	10328.0
0.28202041	11028.4
0.28205442	11818.8
0.28208843	12466.6
0.28212925	13360.1
0.28216327	14536.0
0.28219728	15999.0
0.28223809	16754.6
0.28227211	18085.3
0.28230612	19381.5
0.28238095	21240.1
0.2824898	23344.1
0.28256463	24819.6
0.28263265	25991.7
0.2827415	27515.2
0.28285034	28711.0
0.28295918	29722.0
0.28306803	30768.7
0.28321088	31600.6
0.28331973	32221.8
0.28342857	32713.4
0.28353742	33212.5
0.28361224	33477.0
0.28372109	33865.4
0.28386395	34110.5
0.28404762	34506.3
0.28419048	34906.7
0.28437415	35184.6
0.28455102	35311.7
0.28484354	35464.8
0.285	35464.8
0.3	32950.1
0.300040816	32807.9
0.300122449	32501.8
0.300251701	31944.2
0.300292517	31373.6
0.300333333	30969.0
0.30037415	30547.6
0.300414966	29487.2
0.300462585	28711.0
0.300503401	28096.6
0.30052381	27356.9
0.300544218	23009.9
0.300585034	22307.4
0.30062585	20680.9
0.300639456	18925.8
0.300646259	17084.0
0.300659864	16658.2
0.300680272	15645.4
0.30070068	14757.8
0.300734694	12794.4
0.300755102	12138.4
0.30077551	11400.3
0.300789116	10276.0
0.300809524	9728.09
0.300829932	9499.36
0.300843537	8076.78
0.300863946	6426.48
0.300870748	5988.06
0.300891156	4875.75
0.300911565	4103.94
0.300931973	3358.53
0.300952381	2718.94
0.300972789	2210.7
0.3010068	1933.24
0.3010136	1882.35
0.30104082	1831.47
0.30105442	1797.46
0.30107483	1783.26
0.30111565	1769.17
0.30122449	1783.26
0.3012585	1846.05
0.30129252	1874.22
0.30133333	1924.89
0.30136735	2127.81
0.30140136	2386.28
0.30144218	2687.75
0.30147619	2947.62
0.3015102	3409.77
0.30155102	3766.5
0.30158503	4193.68
0.30161905	4426.71
0.30165986	4946.57
0.30169388	5615.86
0.30172789	6110.18
0.30176871	6595.48
0.30180272	7176.02
0.30183673	7657.13
0.30187075	8624.49
0.30191157	9242.62
0.30194558	9756.19
0.30197959	10328.0
0.30202041	11028.4
0.30205442	11818.8
0.30208843	12466.6
0.30212925	13360.1
0.30216327	14536.0
0.30219728	15999.0
0.30223809	16754.6
0.30227211	18085.3
0.30230612	19381.5
0.30238095	21240.1
0.3024898	23344.1
0.30256463	24819.6
0.30263265	25991.7
0.3027415	27515.2
0.30285034	28711.0
0.30295918	29722.0
0.30306803	30768.7
0.30321088	31600.6
0.30331973	32221.8
0.30342857	32713.4
0.30353742	33212.5
0.30361224	33477.0
0.30372109	33865.4
0.30386395	34110.5
0.30404762	34506.3
0.30419048	34906.7
0.30437415	35184.6
0.30455102	35311.7
0.30484354	35464.8
0.305	35464.8
0.32	32950.1
0.320040816	32807.9
0.320122449	32501.8
0.320251701	31944.2
0.320292517	31373.6
0.320333333	30969.0
0.32037415	30547.6
0.320414966	29487.2
0.320462585	28711.0
0.320503401	28096.6
0.32052381	27356.9
0.320544218	23009.9
0.320585034	22307.4
0.32062585	20680.9
0.320639456	18925.8
0.320646259	17084.0
0.320659864	16658.2
0.320680272	15645.4
0.32070068	14757.8
0.320734694	12794.4
0.320755102	12138.4
0.32077551	11400.3
0.320789116	10276.0
0.320809524	9728.09
0.320829932	9499.36
0.320843537	8076.78
0.320863946	6426.48
0.320870748	5988.06
0.320891156	4875.75
0.320911565	4103.94
0.320931973	3358.53
0.320952381	2718.94
0.320972789	2210.7
0.3210068	1933.24
0.3210136	1882.35
0.32104082	1831.47
0.32105442	1797.46
0.32107483	1783.26
0.32111565	1769.17
0.32122449	1783.26
0.3212585	1846.05
0.32129252	1874.22
0.32133333	1924.89
0.32136735	2127.81
0.32140136	2386.28
0.32144218	2687.75
0.32147619	2947.62
0.3215102	3409.77
0.32155102	3766.5
0.32158503	4193.68
0.32161905	4426.71
0.32165986	4946.57
0.32169388	5615.86
0.32172789	6110.18
0.32176871	6595.48
0.32180272	7176.02
0.32183673	7657.13
0.32187075	8624.49
0.32191157	9242.62
0.32194558	9756.19
0.32197959	10328.0
0.32202041	11028.4
0.32205442	11818.8
0.32208843	12466.6
0.32212925	13360.1
0.32216327	14536.0
0.32219728	15999.0
0.32223809	16754.6
0.32227211	18085.3
0.32230612	19381.5
0.32238095	21240.1
0.3224898	23344.1
0.32256463	24819.6
0.32263265	25991.7
0.3227415	27515.2
0.32285034	28711.0
0.32295918	29722.0
0.32306803	30768.7
0.32321088	31600.6
0.32331973	32221.8
0.32342857	32713.4
0.32353742	33212.5
0.32361224	33477.0
0.32372109	33865.4
0.32386395	34110.5
0.32404762	34506.3
0.32419048	34906.7
0.32437415	35184.6
0.32455102	35311.7
0.32484354	35464.8
0.325	35464.8
0.34	32950.1
0.340040816	32807.9
0.340122449	32501.8
0.340251701	31944.2
0.340292517	31373.6
0.340333333	30969.0
0.34037415	30547.6
0.340414966	29487.2
0.340462585	28711.0
0.340503401	28096.6
0.34052381	27356.9
0.340544218	23009.9
0.340585034	22307.4
0.34062585	20680.9
0.340639456	18925.8
0.340646259	17084.0
0.340659864	16658.2
0.340680272	15645.4
0.34070068	14757.8
0.340734694	12794.4
0.340755102	12138.4
0.34077551	11400.3
0.340789116	10276.0
0.340809524	9728.09
0.340829932	9499.36
0.340843537	8076.78
0.340863946	6426.48
0.340870748	5988.06
0.340891156	4875.75
0.340911565	4103.94
0.340931973	3358.53
0.340952381	2718.94
0.340972789	2210.7
0.3410068	1933.24
0.3410136	1882.35
0.34104082	1831.47
0.34105442	1797.46
0.34107483	1783.26
0.34111565	1769.17
0.34122449	1783.26
0.3412585	1846.05
0.34129252	1874.22
0.34133333	1924.89
0.34136735	2127.81
0.34140136	2386.28
0.34144218	2687.75
0.34147619	2947.62
0.3415102	3409.77
0.34155102	3766.5
0.34158503	4193.68
0.34161905	4426.71
0.34165986	4946.57
0.34169388	5615.86
0.34172789	6110.18
0.34176871	6595.48
0.34180272	7176.02
0.34183673	7657.13
0.34187075	8624.49
0.34191157	9242.62
0.34194558	9756.19
0.34197959	10328.0
0.34202041	11028.4
0.34205442	11818.8
0.34208843	12466.6
0.34212925	13360.1
0.34216327	14536.0
0.34219728	15999.0
0.34223809	16754.6
0.34227211	18085.3
0.34230612	19381.5
0.34238095	21240.1
0.3424898	23344.1
0.34256463	24819.6
0.34263265	25991.7
0.3427415	27515.2
0.34285034	28711.0
0.34295918	29722.0
0.34306803	30768.7
0.34321088	31600.6
0.34331973	32221.8
0.34342857	32713.4
0.34353742	33212.5
0.34361224	33477.0
0.34372109	33865.4
0.34386395	34110.5
0.34404762	34506.3
0.34419048	34906.7
0.34437415	35184.6
0.34455102	35311.7
0.34484354	35464.8
0.345	35464.8
0.36	32950.1
0.360040816	32807.9
0.360122449	32501.8
0.360251701	31944.2
0.360292517	31373.6
0.360333333	30969.0
0.36037415	30547.6
0.360414966	29487.2
0.360462585	28711.0
0.360503401	28096.6
0.36052381	27356.9
0.360544218	23009.9
0.360585034	22307.4
0.36062585	20680.9
0.360639456	18925.8
0.360646259	17084.0
0.360659864	16658.2
0.360680272	15645.4
0.36070068	14757.8
0.360734694	12794.4
0.360755102	12138.4
0.36077551	11400.3
0.360789116	10276.0
0.360809524	9728.09
0.360829932	9499.36
0.360843537	8076.78
0.360863946	6426.48
0.360870748	5988.06
0.360891156	4875.75
0.360911565	4103.94
0.360931973	3358.53
0.360952381	2718.94
0.360972789	2210.7
0.3610068	1933.24
0.3610136	1882.35
0.36104082	1831.47
0.36105442	1797.46
0.36107483	1783.26
0.36111565	1769.17
0.36122449	1783.26
0.3612585	1846.05
0.36129252	1874.22
0.36133333	1924.89
0.36136735	2127.81
0.36140136	2386.28
0.36144218	2687.75
0.36147619	2947.62
0.3615102	3409.77
0.36155102	3766.5
0.36158503	4193.68
0.36161905	4426.71
0.36165986	4946.57
0.36169388	5615.86
0.36172789	6110.18
0.36176871	6595.48
0.36180272	7176.02
0.36183673	7657.13
0.36187075	8624.49
0.36191157	9242.62
0.36194558	9756.19
0.36197959	10328.0
0.36202041	11028.4
0.36205442	11818.8
0.36208843	12466.6
0.36212925	13360.1
0.36216327	14536.0
0.36219728	15999.0
0.36223809	16754.6
0.36227211	18085.3
0.36230612	19381.5
0.36238095	21240.1
0.3624898	23344.1
0.36256463	24819.6
0.36263265	25991.7
0.3627415	27515.2
0.36285034	28711.0
0.36295918	29722.0
0.36306803	30768.7
0.36321088	31600.6
0.36331973	32221.8
0.36342857	32713.4
0.36353742	33212.5
0.36361224	33477.0
0.36372109	33865.4
0.36386395	34110.5
0.36404762	34506.3
0.36419048	34906.7
0.36437415	35184.6
0.36455102	35311.7
0.36484354	35464.8
0.365	35464.8
0.38	32950.1
0.380040816	32807.9
0.380122449	32501.8
0.380251701	31944.2
0.380292517	31373.6
0.380333333	30969.0
0.38037415	30547.6
0.380414966	29487.2
0.380462585	28711.0
0.380503401	28096.6
0.38052381	27356.9
0.380544218	23009.9
0.380585034	22307.4
0.38062585	20680.9
0.380639456	18925.8
0.380646259	17084.0
0.380659864	16658.2
0.380680272	15645.4
0.38070068	14757.8
0.380734694	12794.4
0.380755102	12138.4
0.38077551	11400.3
0.380789116	10276.0
0.380809524	9728.09
0.380829932	9499.36
0.380843537	8076.78
0.380863946	6426.48
0.380870748	5988.06
0.380891156	4875.75
0.380911565	4103.94
0.380931973	3358.53
0.380952381	2718.94
0.380972789	2210.7
0.3810068	1933.24
0.3810136	1882.35
0.38104082	1831.47
0.38105442	1797.46
0.38107483	1783.26
0.38111565	1769.17
0.38122449	1783.26
0.3812585	1846.05
0.38129252	1874.22
0.38133333	1924.89
0.38136735	2127.81
0.38140136	2386.28
0.38144218	2687.75
0.38147619	2947.62
0.3815102	3409.77
0.38155102	3766.5
0.38158503	4193.68
0.38161905	4426.71
0.38165986	4946.57
0.38169388	5615.86
0.38172789	6110.18
0.38176871	6595.48
0.38180272	7176.02
0.38183673	7657.13
0.38187075	8624.49
0.38191157	9242.62
0.38194558	9756.19
0.38197959	10328.0
0.38202041	11028.4
0.38205442	11818.8
0.38208843	12466.6
0.38212925	13360.1
0.38216327	14536.0
0.38219728	15999.0
0.38223809	16754.6
0.38227211	18085.3
0.38230612	19381.5
0.38238095	21240.1
0.3824898	23344.1
0.38256463	24819.6
0.38263265	25991.7
0.3827415	27515.2
0.38285034	28711.0
0.38295918	29722.0
0.38306803	30768.7
0.38321088	31600.6
0.38331973	32221.8
0.38342857	32713.4
0.38353742	33212.5
0.38361224	33477.0
0.38372109	33865.4
0.38386395	34110.5
0.38404762	34506.3
0.38419048	34906.7
0.38437415	35184.6
0.38455102	35311.7
0.38484354	35464.8
0.385	35464.8
