0.0	32950.1
4.0816e-05	32807.9
0.000122449	32501.8
0.000251701	31944.2
0.000292517	31373.6
0.000333333	30969.0
0.00037415	30547.6
0.000414966	29487.2
0.000462585	28711.0
0.000503401	28096.6
0.00052381	27356.9
0.000544218	23009.9
0.000585034	22307.4
0.00062585	20680.9
0.000639456	18925.8
0.000646259	17084.0
0.000659864	16658.2
0.000680272	15645.4
0.00070068	14757.8
0.000734694	12794.4
0.000755102	12138.4
0.00077551	11400.3
0.000789116	10276.0
0.000809524	9728.09
0.000829932	9499.36
0.000843537	8076.78
0.000863946	6426.48
0.000870748	5988.06
0.000891156	4875.75
0.000911565	4103.94
0.000931973	3358.53
0.000952381	2718.94
0.000972789	2210.7
0.0010068	1933.24
0.0010136	1882.35
0.00104082	1831.47
0.00105442	1797.46
0.00107483	1783.26
0.00111565	1769.17
0.00122449	1783.26
0.0012585	1846.05
0.00129252	1874.22
0.00133333	1924.89
0.00136735	2127.81
0.00140136	2386.28
0.00144218	2687.75
0.00147619	2947.62
0.0015102	3409.77
0.00155102	3766.5
0.00158503	4193.68
0.00161905	4426.71
0.00165986	4946.57
0.00169388	5615.86
0.00172789	6110.18
0.00176871	6595.48
0.00180272	7176.02
0.00183673	7657.13
0.00187075	8624.49
0.00191157	9242.62
0.00194558	9756.19
0.00197959	10328.0
0.00202041	11028.4
0.00205442	11818.8
0.00208843	12466.6
0.00212925	13360.1
0.00216327	14536.0
0.00219728	15999.0
0.00223809	16754.6
0.00227211	18085.3
0.00230612	19381.5
0.00238095	21240.1
0.0024898	23344.1
0.00256463	24819.6
0.00263265	25991.7
0.0027415	27515.2
0.00285034	28711.0
0.00295918	29722.0
0.00306803	30768.7
0.00321088	31600.6
0.00331973	32221.8
0.00342857	32713.4
0.00353742	33212.5
0.00361224	33477.0
0.00372109	33865.4
0.00386395	34110.5
0.00404762	34506.3
0.00419048	34906.7
0.00437415	35184.6
0.00455102	35311.7
0.00484354	35464.8
0.005	35464.8
0.05	32950.1
0.050040816	32807.9
0.050122449	32501.8
0.050251701	31944.2
0.050292517	31373.6
0.050333333	30969.0
0.05037415	30547.6
0.050414966	29487.2
0.050462585	28711.0
0.050503401	28096.6
0.05052381	27356.9
0.050544218	23009.9
0.050585034	22307.4
0.05062585	20680.9
0.050639456	18925.8
0.050646259	17084.0
0.050659864	16658.2
0.050680272	15645.4
0.05070068	14757.8
0.050734694	12794.4
0.050755102	12138.4
0.05077551	11400.3
0.050789116	10276.0
0.050809524	9728.09
0.050829932	9499.36
0.050843537	8076.78
0.050863946	6426.48
0.050870748	5988.06
0.050891156	4875.75
0.050911565	4103.94
0.050931973	3358.53
0.050952381	2718.94
0.050972789	2210.7
0.0510068	1933.24
0.0510136	1882.35
0.05104082	1831.47
0.05105442	1797.46
0.05107483	1783.26
0.05111565	1769.17
0.05122449	1783.26
0.0512585	1846.05
0.05129252	1874.22
0.05133333	1924.89
0.05136735	2127.81
0.05140136	2386.28
0.05144218	2687.75
0.05147619	2947.62
0.0515102	3409.77
0.05155102	3766.5
0.05158503	4193.68
0.05161905	4426.71
0.05165986	4946.57
0.05169388	5615.86
0.05172789	6110.18
0.05176871	6595.48
0.05180272	7176.02
0.05183673	7657.13
0.05187075	8624.49
0.05191157	9242.62
0.05194558	9756.19
0.05197959	10328.0
0.05202041	11028.4
0.05205442	11818.8
0.05208843	12466.6
0.05212925	13360.1
0.05216327	14536.0
0.05219728	15999.0
0.05223809	16754.6
0.05227211	18085.3
0.05230612	19381.5
0.05238095	21240.1
0.0524898	23344.1
0.05256463	24819.6
0.05263265	25991.7
0.0527415	27515.2
0.05285034	28711.0
0.05295918	29722.0
0.05306803	30768.7
0.05321088	31600.6
0.05331973	32221.8
0.05342857	32713.4
0.05353742	33212.5
0.05361224	33477.0
0.05372109	33865.4
0.05386395	34110.5
0.05404762	34506.3
0.05419048	34906.7
0.05437415	35184.6
0.05455102	35311.7
0.05484354	35464.8
0.055	35464.8
0.1	32950.1
0.100040816	32807.9
0.100122449	32501.8
0.100251701	31944.2
0.100292517	31373.6
0.100333333	30969.0
0.10037415	30547.6
0.100414966	29487.2
0.100462585	28711.0
0.100503401	28096.6
0.10052381	27356.9
0.100544218	23009.9
0.100585034	22307.4
0.10062585	20680.9
0.100639456	18925.8
0.100646259	17084.0
0.100659864	16658.2
0.100680272	15645.4
0.10070068	14757.8
0.100734694	12794.4
0.100755102	12138.4
0.10077551	11400.3
0.100789116	10276.0
0.100809524	9728.09
0.100829932	9499.36
0.100843537	8076.78
0.100863946	6426.48
0.100870748	5988.06
0.100891156	4875.75
0.100911565	4103.94
0.100931973	3358.53
0.100952381	2718.94
0.100972789	2210.7
0.1010068	1933.24
0.1010136	1882.35
0.10104082	1831.47
0.10105442	1797.46
0.10107483	1783.26
0.10111565	1769.17
0.10122449	1783.26
0.1012585	1846.05
0.10129252	1874.22
0.10133333	1924.89
0.10136735	2127.81
0.10140136	2386.28
0.10144218	2687.75
0.10147619	2947.62
0.1015102	3409.77
0.10155102	3766.5
0.10158503	4193.68
0.10161905	4426.71
0.10165986	4946.57
0.10169388	5615.86
0.10172789	6110.18
0.10176871	6595.48
0.10180272	7176.02
0.10183673	7657.13
0.10187075	8624.49
0.10191157	9242.62
0.10194558	9756.19
0.10197959	10328.0
0.10202041	11028.4
0.10205442	11818.8
0.10208843	12466.6
0.10212925	13360.1
0.10216327	14536.0
0.10219728	15999.0
0.10223809	16754.6
0.10227211	18085.3
0.10230612	19381.5
0.10238095	21240.1
0.1024898	23344.1
0.10256463	24819.6
0.10263265	25991.7
0.1027415	27515.2
0.10285034	28711.0
0.10295918	29722.0
0.10306803	30768.7
0.10321088	31600.6
0.10331973	32221.8
0.10342857	32713.4
0.10353742	33212.5
0.10361224	33477.0
0.10372109	33865.4
0.10386395	34110.5
0.10404762	34506.3
0.10419048	34906.7
0.10437415	35184.6
0.10455102	35311.7
0.10484354	35464.8
0.105	35464.8
0.15	32950.1
0.150040816	32807.9
0.150122449	32501.8
0.150251701	31944.2
0.150292517	31373.6
0.150333333	30969.0
0.15037415	30547.6
0.150414966	29487.2
0.150462585	28711.0
0.150503401	28096.6
0.15052381	27356.9
0.150544218	23009.9
0.150585034	22307.4
0.15062585	20680.9
0.150639456	18925.8
0.150646259	17084.0
0.150659864	16658.2
0.150680272	15645.4
0.15070068	14757.8
0.150734694	12794.4
0.150755102	12138.4
0.15077551	11400.3
0.150789116	10276.0
0.150809524	9728.09
0.150829932	9499.36
0.150843537	8076.78
0.150863946	6426.48
0.150870748	5988.06
0.150891156	4875.75
0.150911565	4103.94
0.150931973	3358.53
0.150952381	2718.94
0.150972789	2210.7
0.1510068	1933.24
0.1510136	1882.35
0.15104082	1831.47
0.15105442	1797.46
0.15107483	1783.26
0.15111565	1769.17
0.15122449	1783.26
0.1512585	1846.05
0.15129252	1874.22
0.15133333	1924.89
0.15136735	2127.81
0.15140136	2386.28
0.15144218	2687.75
0.15147619	2947.62
0.1515102	3409.77
0.15155102	3766.5
0.15158503	4193.68
0.15161905	4426.71
0.15165986	4946.57
0.15169388	5615.86
0.15172789	6110.18
0.15176871	6595.48
0.15180272	7176.02
0.15183673	7657.13
0.15187075	8624.49
0.15191157	9242.62
0.15194558	9756.19
0.15197959	10328.0
0.15202041	11028.4
0.15205442	11818.8
0.15208843	12466.6
0.15212925	13360.1
0.15216327	14536.0
0.15219728	15999.0
0.15223809	16754.6
0.15227211	18085.3
0.15230612	19381.5
0.15238095	21240.1
0.1524898	23344.1
0.15256463	24819.6
0.15263265	25991.7
0.1527415	27515.2
0.15285034	28711.0
0.15295918	29722.0
0.15306803	30768.7
0.15321088	31600.6
0.15331973	32221.8
0.15342857	32713.4
0.15353742	33212.5
0.15361224	33477.0
0.15372109	33865.4
0.15386395	34110.5
0.15404762	34506.3
0.15419048	34906.7
0.15437415	35184.6
0.15455102	35311.7
0.15484354	35464.8
0.155	35464.8
0.2	32950.1
0.200040816	32807.9
0.200122449	32501.8
0.200251701	31944.2
0.200292517	31373.6
0.200333333	30969.0
0.20037415	30547.6
0.200414966	29487.2
0.200462585	28711.0
0.200503401	28096.6
0.20052381	27356.9
0.200544218	23009.9
0.200585034	22307.4
0.20062585	20680.9
0.200639456	18925.8
0.200646259	17084.0
0.200659864	16658.2
0.200680272	15645.4
0.20070068	14757.8
0.200734694	12794.4
0.200755102	12138.4
0.20077551	11400.3
0.200789116	10276.0
0.200809524	9728.09
0.200829932	9499.36
0.200843537	8076.78
0.200863946	6426.48
0.200870748	5988.06
0.200891156	4875.75
0.200911565	4103.94
0.200931973	3358.53
0.200952381	2718.94
0.200972789	2210.7
0.2010068	1933.24
0.2010136	1882.35
0.20104082	1831.47
0.20105442	1797.46
0.20107483	1783.26
0.20111565	1769.17
0.20122449	1783.26
0.2012585	1846.05
0.20129252	1874.22
0.20133333	1924.89
0.20136735	2127.81
0.20140136	2386.28
0.20144218	2687.75
0.20147619	2947.62
0.2015102	3409.77
0.20155102	3766.5
0.20158503	4193.68
0.20161905	4426.71
0.20165986	4946.57
0.20169388	5615.86
0.20172789	6110.18
0.20176871	6595.48
0.20180272	7176.02
0.20183673	7657.13
0.20187075	8624.49
0.20191157	9242.62
0.20194558	9756.19
0.20197959	10328.0
0.20202041	11028.4
0.20205442	11818.8
0.20208843	12466.6
0.20212925	13360.1
0.20216327	14536.0
0.20219728	15999.0
0.20223809	16754.6
0.20227211	18085.3
0.20230612	19381.5
0.20238095	21240.1
0.2024898	23344.1
0.20256463	24819.6
0.20263265	25991.7
0.2027415	27515.2
0.20285034	28711.0
0.20295918	29722.0
0.20306803	30768.7
0.20321088	31600.6
0.20331973	32221.8
0.20342857	32713.4
0.20353742	33212.5
0.20361224	33477.0
0.20372109	33865.4
0.20386395	34110.5
0.20404762	34506.3
0.20419048	34906.7
0.20437415	35184.6
0.20455102	35311.7
0.20484354	35464.8
0.205	35464.8
0.25	32950.1
0.250040816	32807.9
0.250122449	32501.8
0.250251701	31944.2
0.250292517	31373.6
0.250333333	30969.0
0.25037415	30547.6
0.250414966	29487.2
0.250462585	28711.0
0.250503401	28096.6
0.25052381	27356.9
0.250544218	23009.9
0.250585034	22307.4
0.25062585	20680.9
0.250639456	18925.8
0.250646259	17084.0
0.250659864	16658.2
0.250680272	15645.4
0.25070068	14757.8
0.250734694	12794.4
0.250755102	12138.4
0.25077551	11400.3
0.250789116	10276.0
0.250809524	9728.09
0.250829932	9499.36
0.250843537	8076.78
0.250863946	6426.48
0.250870748	5988.06
0.250891156	4875.75
0.250911565	4103.94
0.250931973	3358.53
0.250952381	2718.94
0.250972789	2210.7
0.2510068	1933.24
0.2510136	1882.35
0.25104082	1831.47
0.25105442	1797.46
0.25107483	1783.26
0.25111565	1769.17
0.25122449	1783.26
0.2512585	1846.05
0.25129252	1874.22
0.25133333	1924.89
0.25136735	2127.81
0.25140136	2386.28
0.25144218	2687.75
0.25147619	2947.62
0.2515102	3409.77
0.25155102	3766.5
0.25158503	4193.68
0.25161905	4426.71
0.25165986	4946.57
0.25169388	5615.86
0.25172789	6110.18
0.25176871	6595.48
0.25180272	7176.02
0.25183673	7657.13
0.25187075	8624.49
0.25191157	9242.62
0.25194558	9756.19
0.25197959	10328.0
0.25202041	11028.4
0.25205442	11818.8
0.25208843	12466.6
0.25212925	13360.1
0.25216327	14536.0
0.25219728	15999.0
0.25223809	16754.6
0.25227211	18085.3
0.25230612	19381.5
0.25238095	21240.1
0.2524898	23344.1
0.25256463	24819.6
0.25263265	25991.7
0.2527415	27515.2
0.25285034	28711.0
0.25295918	29722.0
0.25306803	30768.7
0.25321088	31600.6
0.25331973	32221.8
0.25342857	32713.4
0.25353742	33212.5
0.25361224	33477.0
0.25372109	33865.4
0.25386395	34110.5
0.25404762	34506.3
0.25419048	34906.7
0.25437415	35184.6
0.25455102	35311.7
0.25484354	35464.8
0.255	35464.8
0.3	32950.1
0.300040816	32807.9
0.300122449	32501.8
0.300251701	31944.2
0.300292517	31373.6
0.300333333	30969.0
0.30037415	30547.6
0.300414966	29487.2
0.300462585	28711.0
0.300503401	28096.6
0.30052381	27356.9
0.300544218	23009.9
0.300585034	22307.4
0.30062585	20680.9
0.300639456	18925.8
0.300646259	17084.0
0.300659864	16658.2
0.300680272	15645.4
0.30070068	14757.8
0.300734694	12794.4
0.300755102	12138.4
0.30077551	11400.3
0.300789116	10276.0
0.300809524	9728.09
0.300829932	9499.36
0.300843537	8076.78
0.300863946	6426.48
0.300870748	5988.06
0.300891156	4875.75
0.300911565	4103.94
0.300931973	3358.53
0.300952381	2718.94
0.300972789	2210.7
0.3010068	1933.24
0.3010136	1882.35
0.30104082	1831.47
0.30105442	1797.46
0.30107483	1783.26
0.30111565	1769.17
0.30122449	1783.26
0.3012585	1846.05
0.30129252	1874.22
0.30133333	1924.89
0.30136735	2127.81
0.30140136	2386.28
0.30144218	2687.75
0.30147619	2947.62
0.3015102	3409.77
0.30155102	3766.5
0.30158503	4193.68
0.30161905	4426.71
0.30165986	4946.57
0.30169388	5615.86
0.30172789	6110.18
0.30176871	6595.48
0.30180272	7176.02
0.30183673	7657.13
0.30187075	8624.49
0.30191157	9242.62
0.30194558	9756.19
0.30197959	10328.0
0.30202041	11028.4
0.30205442	11818.8
0.30208843	12466.6
0.30212925	13360.1
0.30216327	14536.0
0.30219728	15999.0
0.30223809	16754.6
0.30227211	18085.3
0.30230612	19381.5
0.30238095	21240.1
0.3024898	23344.1
0.30256463	24819.6
0.30263265	25991.7
0.3027415	27515.2
0.30285034	28711.0
0.30295918	29722.0
0.30306803	30768.7
0.30321088	31600.6
0.30331973	32221.8
0.30342857	32713.4
0.30353742	33212.5
0.30361224	33477.0
0.30372109	33865.4
0.30386395	34110.5
0.30404762	34506.3
0.30419048	34906.7
0.30437415	35184.6
0.30455102	35311.7
0.30484354	35464.8
0.305	35464.8
0.35	32950.1
0.350040816	32807.9
0.350122449	32501.8
0.350251701	31944.2
0.350292517	31373.6
0.350333333	30969.0
0.35037415	30547.6
0.350414966	29487.2
0.350462585	28711.0
0.350503401	28096.6
0.35052381	27356.9
0.350544218	23009.9
0.350585034	22307.4
0.35062585	20680.9
0.350639456	18925.8
0.350646259	17084.0
0.350659864	16658.2
0.350680272	15645.4
0.35070068	14757.8
0.350734694	12794.4
0.350755102	12138.4
0.35077551	11400.3
0.350789116	10276.0
0.350809524	9728.09
0.350829932	9499.36
0.350843537	8076.78
0.350863946	6426.48
0.350870748	5988.06
0.350891156	4875.75
0.350911565	4103.94
0.350931973	3358.53
0.350952381	2718.94
0.350972789	2210.7
0.3510068	1933.24
0.3510136	1882.35
0.35104082	1831.47
0.35105442	1797.46
0.35107483	1783.26
0.35111565	1769.17
0.35122449	1783.26
0.3512585	1846.05
0.35129252	1874.22
0.35133333	1924.89
0.35136735	2127.81
0.35140136	2386.28
0.35144218	2687.75
0.35147619	2947.62
0.3515102	3409.77
0.35155102	3766.5
0.35158503	4193.68
0.35161905	4426.71
0.35165986	4946.57
0.35169388	5615.86
0.35172789	6110.18
0.35176871	6595.48
0.35180272	7176.02
0.35183673	7657.13
0.35187075	8624.49
0.35191157	9242.62
0.35194558	9756.19
0.35197959	10328.0
0.35202041	11028.4
0.35205442	11818.8
0.35208843	12466.6
0.35212925	13360.1
0.35216327	14536.0
0.35219728	15999.0
0.35223809	16754.6
0.35227211	18085.3
0.35230612	19381.5
0.35238095	21240.1
0.3524898	23344.1
0.35256463	24819.6
0.35263265	25991.7
0.3527415	27515.2
0.35285034	28711.0
0.35295918	29722.0
0.35306803	30768.7
0.35321088	31600.6
0.35331973	32221.8
0.35342857	32713.4
0.35353742	33212.5
0.35361224	33477.0
0.35372109	33865.4
0.35386395	34110.5
0.35404762	34506.3
0.35419048	34906.7
0.35437415	35184.6
0.35455102	35311.7
0.35484354	35464.8
0.355	35464.8
0.4	32950.1
0.400040816	32807.9
0.400122449	32501.8
0.400251701	31944.2
0.400292517	31373.6
0.400333333	30969.0
0.40037415	30547.6
0.400414966	29487.2
0.400462585	28711.0
0.400503401	28096.6
0.40052381	27356.9
0.400544218	23009.9
0.400585034	22307.4
0.40062585	20680.9
0.400639456	18925.8
0.400646259	17084.0
0.400659864	16658.2
0.400680272	15645.4
0.40070068	14757.8
0.400734694	12794.4
0.400755102	12138.4
0.40077551	11400.3
0.400789116	10276.0
0.400809524	9728.09
0.400829932	9499.36
0.400843537	8076.78
0.400863946	6426.48
0.400870748	5988.06
0.400891156	4875.75
0.400911565	4103.94
0.400931973	3358.53
0.400952381	2718.94
0.400972789	2210.7
0.4010068	1933.24
0.4010136	1882.35
0.40104082	1831.47
0.40105442	1797.46
0.40107483	1783.26
0.40111565	1769.17
0.40122449	1783.26
0.4012585	1846.05
0.40129252	1874.22
0.40133333	1924.89
0.40136735	2127.81
0.40140136	2386.28
0.40144218	2687.75
0.40147619	2947.62
0.4015102	3409.77
0.40155102	3766.5
0.40158503	4193.68
0.40161905	4426.71
0.40165986	4946.57
0.40169388	5615.86
0.40172789	6110.18
0.40176871	6595.48
0.40180272	7176.02
0.40183673	7657.13
0.40187075	8624.49
0.40191157	9242.62
0.40194558	9756.19
0.40197959	10328.0
0.40202041	11028.4
0.40205442	11818.8
0.40208843	12466.6
0.40212925	13360.1
0.40216327	14536.0
0.40219728	15999.0
0.40223809	16754.6
0.40227211	18085.3
0.40230612	19381.5
0.40238095	21240.1
0.4024898	23344.1
0.40256463	24819.6
0.40263265	25991.7
0.4027415	27515.2
0.40285034	28711.0
0.40295918	29722.0
0.40306803	30768.7
0.40321088	31600.6
0.40331973	32221.8
0.40342857	32713.4
0.40353742	33212.5
0.40361224	33477.0
0.40372109	33865.4
0.40386395	34110.5
0.40404762	34506.3
0.40419048	34906.7
0.40437415	35184.6
0.40455102	35311.7
0.40484354	35464.8
0.405	35464.8
0.45	32950.1
0.450040816	32807.9
0.450122449	32501.8
0.450251701	31944.2
0.450292517	31373.6
0.450333333	30969.0
0.45037415	30547.6
0.450414966	29487.2
0.450462585	28711.0
0.450503401	28096.6
0.45052381	27356.9
0.450544218	23009.9
0.450585034	22307.4
0.45062585	20680.9
0.450639456	18925.8
0.450646259	17084.0
0.450659864	16658.2
0.450680272	15645.4
0.45070068	14757.8
0.450734694	12794.4
0.450755102	12138.4
0.45077551	11400.3
0.450789116	10276.0
0.450809524	9728.09
0.450829932	9499.36
0.450843537	8076.78
0.450863946	6426.48
0.450870748	5988.06
0.450891156	4875.75
0.450911565	4103.94
0.450931973	3358.53
0.450952381	2718.94
0.450972789	2210.7
0.4510068	1933.24
0.4510136	1882.35
0.45104082	1831.47
0.45105442	1797.46
0.45107483	1783.26
0.45111565	1769.17
0.45122449	1783.26
0.4512585	1846.05
0.45129252	1874.22
0.45133333	1924.89
0.45136735	2127.81
0.45140136	2386.28
0.45144218	2687.75
0.45147619	2947.62
0.4515102	3409.77
0.45155102	3766.5
0.45158503	4193.68
0.45161905	4426.71
0.45165986	4946.57
0.45169388	5615.86
0.45172789	6110.18
0.45176871	6595.48
0.45180272	7176.02
0.45183673	7657.13
0.45187075	8624.49
0.45191157	9242.62
0.45194558	9756.19
0.45197959	10328.0
0.45202041	11028.4
0.45205442	11818.8
0.45208843	12466.6
0.45212925	13360.1
0.45216327	14536.0
0.45219728	15999.0
0.45223809	16754.6
0.45227211	18085.3
0.45230612	19381.5
0.45238095	21240.1
0.4524898	23344.1
0.45256463	24819.6
0.45263265	25991.7
0.4527415	27515.2
0.45285034	28711.0
0.45295918	29722.0
0.45306803	30768.7
0.45321088	31600.6
0.45331973	32221.8
0.45342857	32713.4
0.45353742	33212.5
0.45361224	33477.0
0.45372109	33865.4
0.45386395	34110.5
0.45404762	34506.3
0.45419048	34906.7
0.45437415	35184.6
0.45455102	35311.7
0.45484354	35464.8
0.455	35464.8
0.5	32950.1
0.500040816	32807.9
0.500122449	32501.8
0.500251701	31944.2
0.500292517	31373.6
0.500333333	30969.0
0.50037415	30547.6
0.500414966	29487.2
0.500462585	28711.0
0.500503401	28096.6
0.50052381	27356.9
0.500544218	23009.9
0.500585034	22307.4
0.50062585	20680.9
0.500639456	18925.8
0.500646259	17084.0
0.500659864	16658.2
0.500680272	15645.4
0.50070068	14757.8
0.500734694	12794.4
0.500755102	12138.4
0.50077551	11400.3
0.500789116	10276.0
0.500809524	9728.09
0.500829932	9499.36
0.500843537	8076.78
0.500863946	6426.48
0.500870748	5988.06
0.500891156	4875.75
0.500911565	4103.94
0.500931973	3358.53
0.500952381	2718.94
0.500972789	2210.7
0.5010068	1933.24
0.5010136	1882.35
0.50104082	1831.47
0.50105442	1797.46
0.50107483	1783.26
0.50111565	1769.17
0.50122449	1783.26
0.5012585	1846.05
0.50129252	1874.22
0.50133333	1924.89
0.50136735	2127.81
0.50140136	2386.28
0.50144218	2687.75
0.50147619	2947.62
0.5015102	3409.77
0.50155102	3766.5
0.50158503	4193.68
0.50161905	4426.71
0.50165986	4946.57
0.50169388	5615.86
0.50172789	6110.18
0.50176871	6595.48
0.50180272	7176.02
0.50183673	7657.13
0.50187075	8624.49
0.50191157	9242.62
0.50194558	9756.19
0.50197959	10328.0
0.50202041	11028.4
0.50205442	11818.8
0.50208843	12466.6
0.50212925	13360.1
0.50216327	14536.0
0.50219728	15999.0
0.50223809	16754.6
0.50227211	18085.3
0.50230612	19381.5
0.50238095	21240.1
0.5024898	23344.1
0.50256463	24819.6
0.50263265	25991.7
0.5027415	27515.2
0.50285034	28711.0
0.50295918	29722.0
0.50306803	30768.7
0.50321088	31600.6
0.50331973	32221.8
0.50342857	32713.4
0.50353742	33212.5
0.50361224	33477.0
0.50372109	33865.4
0.50386395	34110.5
0.50404762	34506.3
0.50419048	34906.7
0.50437415	35184.6
0.50455102	35311.7
0.50484354	35464.8
0.505	35464.8
0.55	32950.1
0.550040816	32807.9
0.550122449	32501.8
0.550251701	31944.2
0.550292517	31373.6
0.550333333	30969.0
0.55037415	30547.6
0.550414966	29487.2
0.550462585	28711.0
0.550503401	28096.6
0.55052381	27356.9
0.550544218	23009.9
0.550585034	22307.4
0.55062585	20680.9
0.550639456	18925.8
0.550646259	17084.0
0.550659864	16658.2
0.550680272	15645.4
0.55070068	14757.8
0.550734694	12794.4
0.550755102	12138.4
0.55077551	11400.3
0.550789116	10276.0
0.550809524	9728.09
0.550829932	9499.36
0.550843537	8076.78
0.550863946	6426.48
0.550870748	5988.06
0.550891156	4875.75
0.550911565	4103.94
0.550931973	3358.53
0.550952381	2718.94
0.550972789	2210.7
0.5510068	1933.24
0.5510136	1882.35
0.55104082	1831.47
0.55105442	1797.46
0.55107483	1783.26
0.55111565	1769.17
0.55122449	1783.26
0.5512585	1846.05
0.55129252	1874.22
0.55133333	1924.89
0.55136735	2127.81
0.55140136	2386.28
0.55144218	2687.75
0.55147619	2947.62
0.5515102	3409.77
0.55155102	3766.5
0.55158503	4193.68
0.55161905	4426.71
0.55165986	4946.57
0.55169388	5615.86
0.55172789	6110.18
0.55176871	6595.48
0.55180272	7176.02
0.55183673	7657.13
0.55187075	8624.49
0.55191157	9242.62
0.55194558	9756.19
0.55197959	10328.0
0.55202041	11028.4
0.55205442	11818.8
0.55208843	12466.6
0.55212925	13360.1
0.55216327	14536.0
0.55219728	15999.0
0.55223809	16754.6
0.55227211	18085.3
0.55230612	19381.5
0.55238095	21240.1
0.5524898	23344.1
0.55256463	24819.6
0.55263265	25991.7
0.5527415	27515.2
0.55285034	28711.0
0.55295918	29722.0
0.55306803	30768.7
0.55321088	31600.6
0.55331973	32221.8
0.55342857	32713.4
0.55353742	33212.5
0.55361224	33477.0
0.55372109	33865.4
0.55386395	34110.5
0.55404762	34506.3
0.55419048	34906.7
0.55437415	35184.6
0.55455102	35311.7
0.55484354	35464.8
0.555	35464.8
0.6	32950.1
0.600040816	32807.9
0.600122449	32501.8
0.600251701	31944.2
0.600292517	31373.6
0.600333333	30969.0
0.60037415	30547.6
0.600414966	29487.2
0.600462585	28711.0
0.600503401	28096.6
0.60052381	27356.9
0.600544218	23009.9
0.600585034	22307.4
0.60062585	20680.9
0.600639456	18925.8
0.600646259	17084.0
0.600659864	16658.2
0.600680272	15645.4
0.60070068	14757.8
0.600734694	12794.4
0.600755102	12138.4
0.60077551	11400.3
0.600789116	10276.0
0.600809524	9728.09
0.600829932	9499.36
0.600843537	8076.78
0.600863946	6426.48
0.600870748	5988.06
0.600891156	4875.75
0.600911565	4103.94
0.600931973	3358.53
0.600952381	2718.94
0.600972789	2210.7
0.6010068	1933.24
0.6010136	1882.35
0.60104082	1831.47
0.60105442	1797.46
0.60107483	1783.26
0.60111565	1769.17
0.60122449	1783.26
0.6012585	1846.05
0.60129252	1874.22
0.60133333	1924.89
0.60136735	2127.81
0.60140136	2386.28
0.60144218	2687.75
0.60147619	2947.62
0.6015102	3409.77
0.60155102	3766.5
0.60158503	4193.68
0.60161905	4426.71
0.60165986	4946.57
0.60169388	5615.86
0.60172789	6110.18
0.60176871	6595.48
0.60180272	7176.02
0.60183673	7657.13
0.60187075	8624.49
0.60191157	9242.62
0.60194558	9756.19
0.60197959	10328.0
0.60202041	11028.4
0.60205442	11818.8
0.60208843	12466.6
0.60212925	13360.1
0.60216327	14536.0
0.60219728	15999.0
0.60223809	16754.6
0.60227211	18085.3
0.60230612	19381.5
0.60238095	21240.1
0.6024898	23344.1
0.60256463	24819.6
0.60263265	25991.7
0.6027415	27515.2
0.60285034	28711.0
0.60295918	29722.0
0.60306803	30768.7
0.60321088	31600.6
0.60331973	32221.8
0.60342857	32713.4
0.60353742	33212.5
0.60361224	33477.0
0.60372109	33865.4
0.60386395	34110.5
0.60404762	34506.3
0.60419048	34906.7
0.60437415	35184.6
0.60455102	35311.7
0.60484354	35464.8
0.605	35464.8
0.65	32950.1
0.650040816	32807.9
0.650122449	32501.8
0.650251701	31944.2
0.650292517	31373.6
0.650333333	30969.0
0.65037415	30547.6
0.650414966	29487.2
0.650462585	28711.0
0.650503401	28096.6
0.65052381	27356.9
0.650544218	23009.9
0.650585034	22307.4
0.65062585	20680.9
0.650639456	18925.8
0.650646259	17084.0
0.650659864	16658.2
0.650680272	15645.4
0.65070068	14757.8
0.650734694	12794.4
0.650755102	12138.4
0.65077551	11400.3
0.650789116	10276.0
0.650809524	9728.09
0.650829932	9499.36
0.650843537	8076.78
0.650863946	6426.48
0.650870748	5988.06
0.650891156	4875.75
0.650911565	4103.94
0.650931973	3358.53
0.650952381	2718.94
0.650972789	2210.7
0.6510068	1933.24
0.6510136	1882.35
0.65104082	1831.47
0.65105442	1797.46
0.65107483	1783.26
0.65111565	1769.17
0.65122449	1783.26
0.6512585	1846.05
0.65129252	1874.22
0.65133333	1924.89
0.65136735	2127.81
0.65140136	2386.28
0.65144218	2687.75
0.65147619	2947.62
0.6515102	3409.77
0.65155102	3766.5
0.65158503	4193.68
0.65161905	4426.71
0.65165986	4946.57
0.65169388	5615.86
0.65172789	6110.18
0.65176871	6595.48
0.65180272	7176.02
0.65183673	7657.13
0.65187075	8624.49
0.65191157	9242.62
0.65194558	9756.19
0.65197959	10328.0
0.65202041	11028.4
0.65205442	11818.8
0.65208843	12466.6
0.65212925	13360.1
0.65216327	14536.0
0.65219728	15999.0
0.65223809	16754.6
0.65227211	18085.3
0.65230612	19381.5
0.65238095	21240.1
0.6524898	23344.1
0.65256463	24819.6
0.65263265	25991.7
0.6527415	27515.2
0.65285034	28711.0
0.65295918	29722.0
0.65306803	30768.7
0.65321088	31600.6
0.65331973	32221.8
0.65342857	32713.4
0.65353742	33212.5
0.65361224	33477.0
0.65372109	33865.4
0.65386395	34110.5
0.65404762	34506.3
0.65419048	34906.7
0.65437415	35184.6
0.65455102	35311.7
0.65484354	35464.8
0.655	35464.8
0.7	32950.1
0.700040816	32807.9
0.700122449	32501.8
0.700251701	31944.2
0.700292517	31373.6
0.700333333	30969.0
0.70037415	30547.6
0.700414966	29487.2
0.700462585	28711.0
0.700503401	28096.6
0.70052381	27356.9
0.700544218	23009.9
0.700585034	22307.4
0.70062585	20680.9
0.700639456	18925.8
0.700646259	17084.0
0.700659864	16658.2
0.700680272	15645.4
0.70070068	14757.8
0.700734694	12794.4
0.700755102	12138.4
0.70077551	11400.3
0.700789116	10276.0
0.700809524	9728.09
0.700829932	9499.36
0.700843537	8076.78
0.700863946	6426.48
0.700870748	5988.06
0.700891156	4875.75
0.700911565	4103.94
0.700931973	3358.53
0.700952381	2718.94
0.700972789	2210.7
0.7010068	1933.24
0.7010136	1882.35
0.70104082	1831.47
0.70105442	1797.46
0.70107483	1783.26
0.70111565	1769.17
0.70122449	1783.26
0.7012585	1846.05
0.70129252	1874.22
0.70133333	1924.89
0.70136735	2127.81
0.70140136	2386.28
0.70144218	2687.75
0.70147619	2947.62
0.7015102	3409.77
0.70155102	3766.5
0.70158503	4193.68
0.70161905	4426.71
0.70165986	4946.57
0.70169388	5615.86
0.70172789	6110.18
0.70176871	6595.48
0.70180272	7176.02
0.70183673	7657.13
0.70187075	8624.49
0.70191157	9242.62
0.70194558	9756.19
0.70197959	10328.0
0.70202041	11028.4
0.70205442	11818.8
0.70208843	12466.6
0.70212925	13360.1
0.70216327	14536.0
0.70219728	15999.0
0.70223809	16754.6
0.70227211	18085.3
0.70230612	19381.5
0.70238095	21240.1
0.7024898	23344.1
0.70256463	24819.6
0.70263265	25991.7
0.7027415	27515.2
0.70285034	28711.0
0.70295918	29722.0
0.70306803	30768.7
0.70321088	31600.6
0.70331973	32221.8
0.70342857	32713.4
0.70353742	33212.5
0.70361224	33477.0
0.70372109	33865.4
0.70386395	34110.5
0.70404762	34506.3
0.70419048	34906.7
0.70437415	35184.6
0.70455102	35311.7
0.70484354	35464.8
0.705	35464.8
0.75	32950.1
0.750040816	32807.9
0.750122449	32501.8
0.750251701	31944.2
0.750292517	31373.6
0.750333333	30969.0
0.75037415	30547.6
0.750414966	29487.2
0.750462585	28711.0
0.750503401	28096.6
0.75052381	27356.9
0.750544218	23009.9
0.750585034	22307.4
0.75062585	20680.9
0.750639456	18925.8
0.750646259	17084.0
0.750659864	16658.2
0.750680272	15645.4
0.75070068	14757.8
0.750734694	12794.4
0.750755102	12138.4
0.75077551	11400.3
0.750789116	10276.0
0.750809524	9728.09
0.750829932	9499.36
0.750843537	8076.78
0.750863946	6426.48
0.750870748	5988.06
0.750891156	4875.75
0.750911565	4103.94
0.750931973	3358.53
0.750952381	2718.94
0.750972789	2210.7
0.7510068	1933.24
0.7510136	1882.35
0.75104082	1831.47
0.75105442	1797.46
0.75107483	1783.26
0.75111565	1769.17
0.75122449	1783.26
0.7512585	1846.05
0.75129252	1874.22
0.75133333	1924.89
0.75136735	2127.81
0.75140136	2386.28
0.75144218	2687.75
0.75147619	2947.62
0.7515102	3409.77
0.75155102	3766.5
0.75158503	4193.68
0.75161905	4426.71
0.75165986	4946.57
0.75169388	5615.86
0.75172789	6110.18
0.75176871	6595.48
0.75180272	7176.02
0.75183673	7657.13
0.75187075	8624.49
0.75191157	9242.62
0.75194558	9756.19
0.75197959	10328.0
0.75202041	11028.4
0.75205442	11818.8
0.75208843	12466.6
0.75212925	13360.1
0.75216327	14536.0
0.75219728	15999.0
0.75223809	16754.6
0.75227211	18085.3
0.75230612	19381.5
0.75238095	21240.1
0.7524898	23344.1
0.75256463	24819.6
0.75263265	25991.7
0.7527415	27515.2
0.75285034	28711.0
0.75295918	29722.0
0.75306803	30768.7
0.75321088	31600.6
0.75331973	32221.8
0.75342857	32713.4
0.75353742	33212.5
0.75361224	33477.0
0.75372109	33865.4
0.75386395	34110.5
0.75404762	34506.3
0.75419048	34906.7
0.75437415	35184.6
0.75455102	35311.7
0.75484354	35464.8
0.755	35464.8
0.8	32950.1
0.800040816	32807.9
0.800122449	32501.8
0.800251701	31944.2
0.800292517	31373.6
0.800333333	30969.0
0.80037415	30547.6
0.800414966	29487.2
0.800462585	28711.0
0.800503401	28096.6
0.80052381	27356.9
0.800544218	23009.9
0.800585034	22307.4
0.80062585	20680.9
0.800639456	18925.8
0.800646259	17084.0
0.800659864	16658.2
0.800680272	15645.4
0.80070068	14757.8
0.800734694	12794.4
0.800755102	12138.4
0.80077551	11400.3
0.800789116	10276.0
0.800809524	9728.09
0.800829932	9499.36
0.800843537	8076.78
0.800863946	6426.48
0.800870748	5988.06
0.800891156	4875.75
0.800911565	4103.94
0.800931973	3358.53
0.800952381	2718.94
0.800972789	2210.7
0.8010068	1933.24
0.8010136	1882.35
0.80104082	1831.47
0.80105442	1797.46
0.80107483	1783.26
0.80111565	1769.17
0.80122449	1783.26
0.8012585	1846.05
0.80129252	1874.22
0.80133333	1924.89
0.80136735	2127.81
0.80140136	2386.28
0.80144218	2687.75
0.80147619	2947.62
0.8015102	3409.77
0.80155102	3766.5
0.80158503	4193.68
0.80161905	4426.71
0.80165986	4946.57
0.80169388	5615.86
0.80172789	6110.18
0.80176871	6595.48
0.80180272	7176.02
0.80183673	7657.13
0.80187075	8624.49
0.80191157	9242.62
0.80194558	9756.19
0.80197959	10328.0
0.80202041	11028.4
0.80205442	11818.8
0.80208843	12466.6
0.80212925	13360.1
0.80216327	14536.0
0.80219728	15999.0
0.80223809	16754.6
0.80227211	18085.3
0.80230612	19381.5
0.80238095	21240.1
0.8024898	23344.1
0.80256463	24819.6
0.80263265	25991.7
0.8027415	27515.2
0.80285034	28711.0
0.80295918	29722.0
0.80306803	30768.7
0.80321088	31600.6
0.80331973	32221.8
0.80342857	32713.4
0.80353742	33212.5
0.80361224	33477.0
0.80372109	33865.4
0.80386395	34110.5
0.80404762	34506.3
0.80419048	34906.7
0.80437415	35184.6
0.80455102	35311.7
0.80484354	35464.8
0.805	35464.8
0.85	32950.1
0.850040816	32807.9
0.850122449	32501.8
0.850251701	31944.2
0.850292517	31373.6
0.850333333	30969.0
0.85037415	30547.6
0.850414966	29487.2
0.850462585	28711.0
0.850503401	28096.6
0.85052381	27356.9
0.850544218	23009.9
0.850585034	22307.4
0.85062585	20680.9
0.850639456	18925.8
0.850646259	17084.0
0.850659864	16658.2
0.850680272	15645.4
0.85070068	14757.8
0.850734694	12794.4
0.850755102	12138.4
0.85077551	11400.3
0.850789116	10276.0
0.850809524	9728.09
0.850829932	9499.36
0.850843537	8076.78
0.850863946	6426.48
0.850870748	5988.06
0.850891156	4875.75
0.850911565	4103.94
0.850931973	3358.53
0.850952381	2718.94
0.850972789	2210.7
0.8510068	1933.24
0.8510136	1882.35
0.85104082	1831.47
0.85105442	1797.46
0.85107483	1783.26
0.85111565	1769.17
0.85122449	1783.26
0.8512585	1846.05
0.85129252	1874.22
0.85133333	1924.89
0.85136735	2127.81
0.85140136	2386.28
0.85144218	2687.75
0.85147619	2947.62
0.8515102	3409.77
0.85155102	3766.5
0.85158503	4193.68
0.85161905	4426.71
0.85165986	4946.57
0.85169388	5615.86
0.85172789	6110.18
0.85176871	6595.48
0.85180272	7176.02
0.85183673	7657.13
0.85187075	8624.49
0.85191157	9242.62
0.85194558	9756.19
0.85197959	10328.0
0.85202041	11028.4
0.85205442	11818.8
0.85208843	12466.6
0.85212925	13360.1
0.85216327	14536.0
0.85219728	15999.0
0.85223809	16754.6
0.85227211	18085.3
0.85230612	19381.5
0.85238095	21240.1
0.8524898	23344.1
0.85256463	24819.6
0.85263265	25991.7
0.8527415	27515.2
0.85285034	28711.0
0.85295918	29722.0
0.85306803	30768.7
0.85321088	31600.6
0.85331973	32221.8
0.85342857	32713.4
0.85353742	33212.5
0.85361224	33477.0
0.85372109	33865.4
0.85386395	34110.5
0.85404762	34506.3
0.85419048	34906.7
0.85437415	35184.6
0.85455102	35311.7
0.85484354	35464.8
0.855	35464.8
0.9	32950.1
0.900040816	32807.9
0.900122449	32501.8
0.900251701	31944.2
0.900292517	31373.6
0.900333333	30969.0
0.90037415	30547.6
0.900414966	29487.2
0.900462585	28711.0
0.900503401	28096.6
0.90052381	27356.9
0.900544218	23009.9
0.900585034	22307.4
0.90062585	20680.9
0.900639456	18925.8
0.900646259	17084.0
0.900659864	16658.2
0.900680272	15645.4
0.90070068	14757.8
0.900734694	12794.4
0.900755102	12138.4
0.90077551	11400.3
0.900789116	10276.0
0.900809524	9728.09
0.900829932	9499.36
0.900843537	8076.78
0.900863946	6426.48
0.900870748	5988.06
0.900891156	4875.75
0.900911565	4103.94
0.900931973	3358.53
0.900952381	2718.94
0.900972789	2210.7
0.9010068	1933.24
0.9010136	1882.35
0.90104082	1831.47
0.90105442	1797.46
0.90107483	1783.26
0.90111565	1769.17
0.90122449	1783.26
0.9012585	1846.05
0.90129252	1874.22
0.90133333	1924.89
0.90136735	2127.81
0.90140136	2386.28
0.90144218	2687.75
0.90147619	2947.62
0.9015102	3409.77
0.90155102	3766.5
0.90158503	4193.68
0.90161905	4426.71
0.90165986	4946.57
0.90169388	5615.86
0.90172789	6110.18
0.90176871	6595.48
0.90180272	7176.02
0.90183673	7657.13
0.90187075	8624.49
0.90191157	9242.62
0.90194558	9756.19
0.90197959	10328.0
0.90202041	11028.4
0.90205442	11818.8
0.90208843	12466.6
0.90212925	13360.1
0.90216327	14536.0
0.90219728	15999.0
0.90223809	16754.6
0.90227211	18085.3
0.90230612	19381.5
0.90238095	21240.1
0.9024898	23344.1
0.90256463	24819.6
0.90263265	25991.7
0.9027415	27515.2
0.90285034	28711.0
0.90295918	29722.0
0.90306803	30768.7
0.90321088	31600.6
0.90331973	32221.8
0.90342857	32713.4
0.90353742	33212.5
0.90361224	33477.0
0.90372109	33865.4
0.90386395	34110.5
0.90404762	34506.3
0.90419048	34906.7
0.90437415	35184.6
0.90455102	35311.7
0.90484354	35464.8
0.905	35464.8
0.95	32950.1
0.950040816	32807.9
0.950122449	32501.8
0.950251701	31944.2
0.950292517	31373.6
0.950333333	30969.0
0.95037415	30547.6
0.950414966	29487.2
0.950462585	28711.0
0.950503401	28096.6
0.95052381	27356.9
0.950544218	23009.9
0.950585034	22307.4
0.95062585	20680.9
0.950639456	18925.8
0.950646259	17084.0
0.950659864	16658.2
0.950680272	15645.4
0.95070068	14757.8
0.950734694	12794.4
0.950755102	12138.4
0.95077551	11400.3
0.950789116	10276.0
0.950809524	9728.09
0.950829932	9499.36
0.950843537	8076.78
0.950863946	6426.48
0.950870748	5988.06
0.950891156	4875.75
0.950911565	4103.94
0.950931973	3358.53
0.950952381	2718.94
0.950972789	2210.7
0.9510068	1933.24
0.9510136	1882.35
0.95104082	1831.47
0.95105442	1797.46
0.95107483	1783.26
0.95111565	1769.17
0.95122449	1783.26
0.9512585	1846.05
0.95129252	1874.22
0.95133333	1924.89
0.95136735	2127.81
0.95140136	2386.28
0.95144218	2687.75
0.95147619	2947.62
0.9515102	3409.77
0.95155102	3766.5
0.95158503	4193.68
0.95161905	4426.71
0.95165986	4946.57
0.95169388	5615.86
0.95172789	6110.18
0.95176871	6595.48
0.95180272	7176.02
0.95183673	7657.13
0.95187075	8624.49
0.95191157	9242.62
0.95194558	9756.19
0.95197959	10328.0
0.95202041	11028.4
0.95205442	11818.8
0.95208843	12466.6
0.95212925	13360.1
0.95216327	14536.0
0.95219728	15999.0
0.95223809	16754.6
0.95227211	18085.3
0.95230612	19381.5
0.95238095	21240.1
0.9524898	23344.1
0.95256463	24819.6
0.95263265	25991.7
0.9527415	27515.2
0.95285034	28711.0
0.95295918	29722.0
0.95306803	30768.7
0.95321088	31600.6
0.95331973	32221.8
0.95342857	32713.4
0.95353742	33212.5
0.95361224	33477.0
0.95372109	33865.4
0.95386395	34110.5
0.95404762	34506.3
0.95419048	34906.7
0.95437415	35184.6
0.95455102	35311.7
0.95484354	35464.8
0.955	35464.8
