0.0	507329.0
4.0816e-05	505462.0
0.000122449	501439.0
0.000251701	494085.0
0.000292517	486525.0
0.000333333	481146.0
0.00037415	475524.0
0.000414966	461290.0
0.000462585	450790.0
0.000503401	442431.0
0.00052381	432308.0
0.000544218	371398.0
0.000585034	361309.0
0.00062585	337659.0
0.000639456	311653.0
0.000646259	283770.0
0.000659864	277232.0
0.000680272	261528.0
0.00070068	247585.0
0.000734694	216090.0
0.000755102	205349.0
0.00077551	193124.0
0.000789116	174196.0
0.000809524	164828.0
0.000829932	160888.0
0.000843537	135974.0
0.000863946	106086.0
0.000870748	97947.0
0.000891156	76879.7
0.000911565	61883.0
0.000931973	47085.1
0.000952381	34140.5
0.000972789	23707.2
0.0010068	17971.3
0.0010136	16917.3
0.00104082	15863.5
0.00105442	15158.9
0.00107483	14864.7
0.00111565	14572.9
0.00122449	14864.7
0.0012585	16165.6
0.00129252	16749.0
0.00133333	17798.5
0.00136735	21995.9
0.00140136	27324.4
0.00144218	33503.8
0.00147619	38794.2
0.0015102	48112.4
0.00155102	55223.0
0.00158503	63643.5
0.00161905	68194.0
0.00165986	78239.8
0.00169388	90966.0
0.00172789	100223.0
0.00176871	109200.0
0.00180272	119802.0
0.00183673	128480.0
0.00187075	145653.0
0.00191157	156445.0
0.00194558	165311.0
0.00197959	175080.0
0.00202041	186905.0
0.00205442	200075.0
0.00208844	210737.0
0.00212925	225261.0
0.00216326	244074.0
0.00219728	267035.0
0.00223809	278715.0
0.00227211	299008.0
0.00230612	318456.0
0.00238095	345836.0
0.0024898	376173.0
0.00256463	397062.0
0.00263265	413447.0
0.0027415	434480.0
0.00285034	450790.0
0.00295918	464452.0
0.00306803	478475.0
0.00321088	489537.0
0.00331973	497750.0
0.00342857	504221.0
0.00353741	510767.0
0.00361224	514225.0
0.00372109	519292.0
0.00386395	522481.0
0.00404762	527620.0
0.00419048	532803.0
0.00437415	536392.0
0.00455102	538031.0
0.00484354	540003.0
0.005	540003.0
0.01	507329.0
0.010040816	505462.0
0.010122449	501439.0
0.010251701	494085.0
0.010292517	486525.0
0.010333333	481146.0
0.01037415	475524.0
0.010414966	461290.0
0.010462585	450790.0
0.010503401	442431.0
0.01052381	432308.0
0.010544218	371398.0
0.010585034	361309.0
0.01062585	337659.0
0.010639456	311653.0
0.010646259	283770.0
0.010659864	277232.0
0.010680272	261528.0
0.01070068	247585.0
0.010734694	216090.0
0.010755102	205349.0
0.01077551	193124.0
0.010789116	174196.0
0.010809524	164828.0
0.010829932	160888.0
0.010843537	135974.0
0.010863946	106086.0
0.010870748	97947.0
0.010891156	76879.7
0.010911565	61883.0
0.010931973	47085.1
0.010952381	34140.5
0.010972789	23707.2
0.0110068	17971.3
0.0110136	16917.3
0.01104082	15863.5
0.01105442	15158.9
0.01107483	14864.7
0.01111565	14572.9
0.01122449	14864.7
0.0112585	16165.6
0.01129252	16749.0
0.01133333	17798.5
0.01136735	21995.9
0.01140136	27324.4
0.01144218	33503.8
0.01147619	38794.2
0.0115102	48112.4
0.01155102	55223.0
0.01158503	63643.5
0.01161905	68194.0
0.01165986	78239.8
0.01169388	90966.0
0.01172789	100223.0
0.01176871	109200.0
0.01180272	119802.0
0.01183673	128480.0
0.01187075	145653.0
0.01191157	156445.0
0.01194558	165311.0
0.01197959	175080.0
0.01202041	186905.0
0.01205442	200075.0
0.01208844	210737.0
0.01212925	225261.0
0.01216326	244074.0
0.01219728	267035.0
0.01223809	278715.0
0.01227211	299008.0
0.01230612	318456.0
0.01238095	345836.0
0.0124898	376173.0
0.01256463	397062.0
0.01263265	413447.0
0.0127415	434480.0
0.01285034	450790.0
0.01295918	464452.0
0.01306803	478475.0
0.01321088	489537.0
0.01331973	497750.0
0.01342857	504221.0
0.01353741	510767.0
0.01361224	514225.0
0.01372109	519292.0
0.01386395	522481.0
0.01404762	527620.0
0.01419048	532803.0
0.01437415	536392.0
0.01455102	538031.0
0.01484354	540003.0
0.015	540003.0
0.02	507329.0
0.020040816	505462.0
0.020122449	501439.0
0.020251701	494085.0
0.020292517	486525.0
0.020333333	481146.0
0.02037415	475524.0
0.020414966	461290.0
0.020462585	450790.0
0.020503401	442431.0
0.02052381	432308.0
0.020544218	371398.0
0.020585034	361309.0
0.02062585	337659.0
0.020639456	311653.0
0.020646259	283770.0
0.020659864	277232.0
0.020680272	261528.0
0.02070068	247585.0
0.020734694	216090.0
0.020755102	205349.0
0.02077551	193124.0
0.020789116	174196.0
0.020809524	164828.0
0.020829932	160888.0
0.020843537	135974.0
0.020863946	106086.0
0.020870748	97947.0
0.020891156	76879.7
0.020911565	61883.0
0.020931973	47085.1
0.020952381	34140.5
0.020972789	23707.2
0.0210068	17971.3
0.0210136	16917.3
0.02104082	15863.5
0.02105442	15158.9
0.02107483	14864.7
0.02111565	14572.9
0.02122449	14864.7
0.0212585	16165.6
0.02129252	16749.0
0.02133333	17798.5
0.02136735	21995.9
0.02140136	27324.4
0.02144218	33503.8
0.02147619	38794.2
0.0215102	48112.4
0.02155102	55223.0
0.02158503	63643.5
0.02161905	68194.0
0.02165986	78239.8
0.02169388	90966.0
0.02172789	100223.0
0.02176871	109200.0
0.02180272	119802.0
0.02183673	128480.0
0.02187075	145653.0
0.02191157	156445.0
0.02194558	165311.0
0.02197959	175080.0
0.02202041	186905.0
0.02205442	200075.0
0.02208844	210737.0
0.02212925	225261.0
0.02216326	244074.0
0.02219728	267035.0
0.02223809	278715.0
0.02227211	299008.0
0.02230612	318456.0
0.02238095	345836.0
0.0224898	376173.0
0.02256463	397062.0
0.02263265	413447.0
0.0227415	434480.0
0.02285034	450790.0
0.02295918	464452.0
0.02306803	478475.0
0.02321088	489537.0
0.02331973	497750.0
0.02342857	504221.0
0.02353741	510767.0
0.02361224	514225.0
0.02372109	519292.0
0.02386395	522481.0
0.02404762	527620.0
0.02419048	532803.0
0.02437415	536392.0
0.02455102	538031.0
0.02484354	540003.0
0.025	540003.0
0.03	507329.0
0.030040816	505462.0
0.030122449	501439.0
0.030251701	494085.0
0.030292517	486525.0
0.030333333	481146.0
0.03037415	475524.0
0.030414966	461290.0
0.030462585	450790.0
0.030503401	442431.0
0.03052381	432308.0
0.030544218	371398.0
0.030585034	361309.0
0.03062585	337659.0
0.030639456	311653.0
0.030646259	283770.0
0.030659864	277232.0
0.030680272	261528.0
0.03070068	247585.0
0.030734694	216090.0
0.030755102	205349.0
0.03077551	193124.0
0.030789116	174196.0
0.030809524	164828.0
0.030829932	160888.0
0.030843537	135974.0
0.030863946	106086.0
0.030870748	97947.0
0.030891156	76879.7
0.030911565	61883.0
0.030931973	47085.1
0.030952381	34140.5
0.030972789	23707.2
0.0310068	17971.3
0.0310136	16917.3
0.03104082	15863.5
0.03105442	15158.9
0.03107483	14864.7
0.03111565	14572.9
0.03122449	14864.7
0.0312585	16165.6
0.03129252	16749.0
0.03133333	17798.5
0.03136735	21995.9
0.03140136	27324.4
0.03144218	33503.8
0.03147619	38794.2
0.0315102	48112.4
0.03155102	55223.0
0.03158503	63643.5
0.03161905	68194.0
0.03165986	78239.8
0.03169388	90966.0
0.03172789	100223.0
0.03176871	109200.0
0.03180272	119802.0
0.03183673	128480.0
0.03187075	145653.0
0.03191157	156445.0
0.03194558	165311.0
0.03197959	175080.0
0.03202041	186905.0
0.03205442	200075.0
0.03208844	210737.0
0.03212925	225261.0
0.03216326	244074.0
0.03219728	267035.0
0.03223809	278715.0
0.03227211	299008.0
0.03230612	318456.0
0.03238095	345836.0
0.0324898	376173.0
0.03256463	397062.0
0.03263265	413447.0
0.0327415	434480.0
0.03285034	450790.0
0.03295918	464452.0
0.03306803	478475.0
0.03321088	489537.0
0.03331973	497750.0
0.03342857	504221.0
0.03353741	510767.0
0.03361224	514225.0
0.03372109	519292.0
0.03386395	522481.0
0.03404762	527620.0
0.03419048	532803.0
0.03437415	536392.0
0.03455102	538031.0
0.03484354	540003.0
0.035	540003.0
0.04	507329.0
0.040040816	505462.0
0.040122449	501439.0
0.040251701	494085.0
0.040292517	486525.0
0.040333333	481146.0
0.04037415	475524.0
0.040414966	461290.0
0.040462585	450790.0
0.040503401	442431.0
0.04052381	432308.0
0.040544218	371398.0
0.040585034	361309.0
0.04062585	337659.0
0.040639456	311653.0
0.040646259	283770.0
0.040659864	277232.0
0.040680272	261528.0
0.04070068	247585.0
0.040734694	216090.0
0.040755102	205349.0
0.04077551	193124.0
0.040789116	174196.0
0.040809524	164828.0
0.040829932	160888.0
0.040843537	135974.0
0.040863946	106086.0
0.040870748	97947.0
0.040891156	76879.7
0.040911565	61883.0
0.040931973	47085.1
0.040952381	34140.5
0.040972789	23707.2
0.0410068	17971.3
0.0410136	16917.3
0.04104082	15863.5
0.04105442	15158.9
0.04107483	14864.7
0.04111565	14572.9
0.04122449	14864.7
0.0412585	16165.6
0.04129252	16749.0
0.04133333	17798.5
0.04136735	21995.9
0.04140136	27324.4
0.04144218	33503.8
0.04147619	38794.2
0.0415102	48112.4
0.04155102	55223.0
0.04158503	63643.5
0.04161905	68194.0
0.04165986	78239.8
0.04169388	90966.0
0.04172789	100223.0
0.04176871	109200.0
0.04180272	119802.0
0.04183673	128480.0
0.04187075	145653.0
0.04191157	156445.0
0.04194558	165311.0
0.04197959	175080.0
0.04202041	186905.0
0.04205442	200075.0
0.04208844	210737.0
0.04212925	225261.0
0.04216326	244074.0
0.04219728	267035.0
0.04223809	278715.0
0.04227211	299008.0
0.04230612	318456.0
0.04238095	345836.0
0.0424898	376173.0
0.04256463	397062.0
0.04263265	413447.0
0.0427415	434480.0
0.04285034	450790.0
0.04295918	464452.0
0.04306803	478475.0
0.04321088	489537.0
0.04331973	497750.0
0.04342857	504221.0
0.04353741	510767.0
0.04361224	514225.0
0.04372109	519292.0
0.04386395	522481.0
0.04404762	527620.0
0.04419048	532803.0
0.04437415	536392.0
0.04455102	538031.0
0.04484354	540003.0
0.045	540003.0
0.05	507329.0
0.050040816	505462.0
0.050122449	501439.0
0.050251701	494085.0
0.050292517	486525.0
0.050333333	481146.0
0.05037415	475524.0
0.050414966	461290.0
0.050462585	450790.0
0.050503401	442431.0
0.05052381	432308.0
0.050544218	371398.0
0.050585034	361309.0
0.05062585	337659.0
0.050639456	311653.0
0.050646259	283770.0
0.050659864	277232.0
0.050680272	261528.0
0.05070068	247585.0
0.050734694	216090.0
0.050755102	205349.0
0.05077551	193124.0
0.050789116	174196.0
0.050809524	164828.0
0.050829932	160888.0
0.050843537	135974.0
0.050863946	106086.0
0.050870748	97947.0
0.050891156	76879.7
0.050911565	61883.0
0.050931973	47085.1
0.050952381	34140.5
0.050972789	23707.2
0.0510068	17971.3
0.0510136	16917.3
0.05104082	15863.5
0.05105442	15158.9
0.05107483	14864.7
0.05111565	14572.9
0.05122449	14864.7
0.0512585	16165.6
0.05129252	16749.0
0.05133333	17798.5
0.05136735	21995.9
0.05140136	27324.4
0.05144218	33503.8
0.05147619	38794.2
0.0515102	48112.4
0.05155102	55223.0
0.05158503	63643.5
0.05161905	68194.0
0.05165986	78239.8
0.05169388	90966.0
0.05172789	100223.0
0.05176871	109200.0
0.05180272	119802.0
0.05183673	128480.0
0.05187075	145653.0
0.05191157	156445.0
0.05194558	165311.0
0.05197959	175080.0
0.05202041	186905.0
0.05205442	200075.0
0.05208844	210737.0
0.05212925	225261.0
0.05216326	244074.0
0.05219728	267035.0
0.05223809	278715.0
0.05227211	299008.0
0.05230612	318456.0
0.05238095	345836.0
0.0524898	376173.0
0.05256463	397062.0
0.05263265	413447.0
0.0527415	434480.0
0.05285034	450790.0
0.05295918	464452.0
0.05306803	478475.0
0.05321088	489537.0
0.05331973	497750.0
0.05342857	504221.0
0.05353741	510767.0
0.05361224	514225.0
0.05372109	519292.0
0.05386395	522481.0
0.05404762	527620.0
0.05419048	532803.0
0.05437415	536392.0
0.05455102	538031.0
0.05484354	540003.0
0.055	540003.0
0.06	507329.0
0.060040816	505462.0
0.060122449	501439.0
0.060251701	494085.0
0.060292517	486525.0
0.060333333	481146.0
0.06037415	475524.0
0.060414966	461290.0
0.060462585	450790.0
0.060503401	442431.0
0.06052381	432308.0
0.060544218	371398.0
0.060585034	361309.0
0.06062585	337659.0
0.060639456	311653.0
0.060646259	283770.0
0.060659864	277232.0
0.060680272	261528.0
0.06070068	247585.0
0.060734694	216090.0
0.060755102	205349.0
0.06077551	193124.0
0.060789116	174196.0
0.060809524	164828.0
0.060829932	160888.0
0.060843537	135974.0
0.060863946	106086.0
0.060870748	97947.0
0.060891156	76879.7
0.060911565	61883.0
0.060931973	47085.1
0.060952381	34140.5
0.060972789	23707.2
0.0610068	17971.3
0.0610136	16917.3
0.06104082	15863.5
0.06105442	15158.9
0.06107483	14864.7
0.06111565	14572.9
0.06122449	14864.7
0.0612585	16165.6
0.06129252	16749.0
0.06133333	17798.5
0.06136735	21995.9
0.06140136	27324.4
0.06144218	33503.8
0.06147619	38794.2
0.0615102	48112.4
0.06155102	55223.0
0.06158503	63643.5
0.06161905	68194.0
0.06165986	78239.8
0.06169388	90966.0
0.06172789	100223.0
0.06176871	109200.0
0.06180272	119802.0
0.06183673	128480.0
0.06187075	145653.0
0.06191157	156445.0
0.06194558	165311.0
0.06197959	175080.0
0.06202041	186905.0
0.06205442	200075.0
0.06208844	210737.0
0.06212925	225261.0
0.06216326	244074.0
0.06219728	267035.0
0.06223809	278715.0
0.06227211	299008.0
0.06230612	318456.0
0.06238095	345836.0
0.0624898	376173.0
0.06256463	397062.0
0.06263265	413447.0
0.0627415	434480.0
0.06285034	450790.0
0.06295918	464452.0
0.06306803	478475.0
0.06321088	489537.0
0.06331973	497750.0
0.06342857	504221.0
0.06353741	510767.0
0.06361224	514225.0
0.06372109	519292.0
0.06386395	522481.0
0.06404762	527620.0
0.06419048	532803.0
0.06437415	536392.0
0.06455102	538031.0
0.06484354	540003.0
0.065	540003.0
0.07	507329.0
0.070040816	505462.0
0.070122449	501439.0
0.070251701	494085.0
0.070292517	486525.0
0.070333333	481146.0
0.07037415	475524.0
0.070414966	461290.0
0.070462585	450790.0
0.070503401	442431.0
0.07052381	432308.0
0.070544218	371398.0
0.070585034	361309.0
0.07062585	337659.0
0.070639456	311653.0
0.070646259	283770.0
0.070659864	277232.0
0.070680272	261528.0
0.07070068	247585.0
0.070734694	216090.0
0.070755102	205349.0
0.07077551	193124.0
0.070789116	174196.0
0.070809524	164828.0
0.070829932	160888.0
0.070843537	135974.0
0.070863946	106086.0
0.070870748	97947.0
0.070891156	76879.7
0.070911565	61883.0
0.070931973	47085.1
0.070952381	34140.5
0.070972789	23707.2
0.0710068	17971.3
0.0710136	16917.3
0.07104082	15863.5
0.07105442	15158.9
0.07107483	14864.7
0.07111565	14572.9
0.07122449	14864.7
0.0712585	16165.6
0.07129252	16749.0
0.07133333	17798.5
0.07136735	21995.9
0.07140136	27324.4
0.07144218	33503.8
0.07147619	38794.2
0.0715102	48112.4
0.07155102	55223.0
0.07158503	63643.5
0.07161905	68194.0
0.07165986	78239.8
0.07169388	90966.0
0.07172789	100223.0
0.07176871	109200.0
0.07180272	119802.0
0.07183673	128480.0
0.07187075	145653.0
0.07191157	156445.0
0.07194558	165311.0
0.07197959	175080.0
0.07202041	186905.0
0.07205442	200075.0
0.07208844	210737.0
0.07212925	225261.0
0.07216326	244074.0
0.07219728	267035.0
0.07223809	278715.0
0.07227211	299008.0
0.07230612	318456.0
0.07238095	345836.0
0.0724898	376173.0
0.07256463	397062.0
0.07263265	413447.0
0.0727415	434480.0
0.07285034	450790.0
0.07295918	464452.0
0.07306803	478475.0
0.07321088	489537.0
0.07331973	497750.0
0.07342857	504221.0
0.07353741	510767.0
0.07361224	514225.0
0.07372109	519292.0
0.07386395	522481.0
0.07404762	527620.0
0.07419048	532803.0
0.07437415	536392.0
0.07455102	538031.0
0.07484354	540003.0
0.075	540003.0
0.08	507329.0
0.080040816	505462.0
0.080122449	501439.0
0.080251701	494085.0
0.080292517	486525.0
0.080333333	481146.0
0.08037415	475524.0
0.080414966	461290.0
0.080462585	450790.0
0.080503401	442431.0
0.08052381	432308.0
0.080544218	371398.0
0.080585034	361309.0
0.08062585	337659.0
0.080639456	311653.0
0.080646259	283770.0
0.080659864	277232.0
0.080680272	261528.0
0.08070068	247585.0
0.080734694	216090.0
0.080755102	205349.0
0.08077551	193124.0
0.080789116	174196.0
0.080809524	164828.0
0.080829932	160888.0
0.080843537	135974.0
0.080863946	106086.0
0.080870748	97947.0
0.080891156	76879.7
0.080911565	61883.0
0.080931973	47085.1
0.080952381	34140.5
0.080972789	23707.2
0.0810068	17971.3
0.0810136	16917.3
0.08104082	15863.5
0.08105442	15158.9
0.08107483	14864.7
0.08111565	14572.9
0.08122449	14864.7
0.0812585	16165.6
0.08129252	16749.0
0.08133333	17798.5
0.08136735	21995.9
0.08140136	27324.4
0.08144218	33503.8
0.08147619	38794.2
0.0815102	48112.4
0.08155102	55223.0
0.08158503	63643.5
0.08161905	68194.0
0.08165986	78239.8
0.08169388	90966.0
0.08172789	100223.0
0.08176871	109200.0
0.08180272	119802.0
0.08183673	128480.0
0.08187075	145653.0
0.08191157	156445.0
0.08194558	165311.0
0.08197959	175080.0
0.08202041	186905.0
0.08205442	200075.0
0.08208844	210737.0
0.08212925	225261.0
0.08216326	244074.0
0.08219728	267035.0
0.08223809	278715.0
0.08227211	299008.0
0.08230612	318456.0
0.08238095	345836.0
0.0824898	376173.0
0.08256463	397062.0
0.08263265	413447.0
0.0827415	434480.0
0.08285034	450790.0
0.08295918	464452.0
0.08306803	478475.0
0.08321088	489537.0
0.08331973	497750.0
0.08342857	504221.0
0.08353741	510767.0
0.08361224	514225.0
0.08372109	519292.0
0.08386395	522481.0
0.08404762	527620.0
0.08419048	532803.0
0.08437415	536392.0
0.08455102	538031.0
0.08484354	540003.0
0.085	540003.0
0.09	507329.0
0.090040816	505462.0
0.090122449	501439.0
0.090251701	494085.0
0.090292517	486525.0
0.090333333	481146.0
0.09037415	475524.0
0.090414966	461290.0
0.090462585	450790.0
0.090503401	442431.0
0.09052381	432308.0
0.090544218	371398.0
0.090585034	361309.0
0.09062585	337659.0
0.090639456	311653.0
0.090646259	283770.0
0.090659864	277232.0
0.090680272	261528.0
0.09070068	247585.0
0.090734694	216090.0
0.090755102	205349.0
0.09077551	193124.0
0.090789116	174196.0
0.090809524	164828.0
0.090829932	160888.0
0.090843537	135974.0
0.090863946	106086.0
0.090870748	97947.0
0.090891156	76879.7
0.090911565	61883.0
0.090931973	47085.1
0.090952381	34140.5
0.090972789	23707.2
0.0910068	17971.3
0.0910136	16917.3
0.09104082	15863.5
0.09105442	15158.9
0.09107483	14864.7
0.09111565	14572.9
0.09122449	14864.7
0.0912585	16165.6
0.09129252	16749.0
0.09133333	17798.5
0.09136735	21995.9
0.09140136	27324.4
0.09144218	33503.8
0.09147619	38794.2
0.0915102	48112.4
0.09155102	55223.0
0.09158503	63643.5
0.09161905	68194.0
0.09165986	78239.8
0.09169388	90966.0
0.09172789	100223.0
0.09176871	109200.0
0.09180272	119802.0
0.09183673	128480.0
0.09187075	145653.0
0.09191157	156445.0
0.09194558	165311.0
0.09197959	175080.0
0.09202041	186905.0
0.09205442	200075.0
0.09208844	210737.0
0.09212925	225261.0
0.09216326	244074.0
0.09219728	267035.0
0.09223809	278715.0
0.09227211	299008.0
0.09230612	318456.0
0.09238095	345836.0
0.0924898	376173.0
0.09256463	397062.0
0.09263265	413447.0
0.0927415	434480.0
0.09285034	450790.0
0.09295918	464452.0
0.09306803	478475.0
0.09321088	489537.0
0.09331973	497750.0
0.09342857	504221.0
0.09353741	510767.0
0.09361224	514225.0
0.09372109	519292.0
0.09386395	522481.0
0.09404762	527620.0
0.09419048	532803.0
0.09437415	536392.0
0.09455102	538031.0
0.09484354	540003.0
0.095	540003.0
0.1	507329.0
0.100040816	505462.0
0.100122449	501439.0
0.100251701	494085.0
0.100292517	486525.0
0.100333333	481146.0
0.10037415	475524.0
0.100414966	461290.0
0.100462585	450790.0
0.100503401	442431.0
0.10052381	432308.0
0.100544218	371398.0
0.100585034	361309.0
0.10062585	337659.0
0.100639456	311653.0
0.100646259	283770.0
0.100659864	277232.0
0.100680272	261528.0
0.10070068	247585.0
0.100734694	216090.0
0.100755102	205349.0
0.10077551	193124.0
0.100789116	174196.0
0.100809524	164828.0
0.100829932	160888.0
0.100843537	135974.0
0.100863946	106086.0
0.100870748	97947.0
0.100891156	76879.7
0.100911565	61883.0
0.100931973	47085.1
0.100952381	34140.5
0.100972789	23707.2
0.1010068	17971.3
0.1010136	16917.3
0.10104082	15863.5
0.10105442	15158.9
0.10107483	14864.7
0.10111565	14572.9
0.10122449	14864.7
0.1012585	16165.6
0.10129252	16749.0
0.10133333	17798.5
0.10136735	21995.9
0.10140136	27324.4
0.10144218	33503.8
0.10147619	38794.2
0.1015102	48112.4
0.10155102	55223.0
0.10158503	63643.5
0.10161905	68194.0
0.10165986	78239.8
0.10169388	90966.0
0.10172789	100223.0
0.10176871	109200.0
0.10180272	119802.0
0.10183673	128480.0
0.10187075	145653.0
0.10191157	156445.0
0.10194558	165311.0
0.10197959	175080.0
0.10202041	186905.0
0.10205442	200075.0
0.10208844	210737.0
0.10212925	225261.0
0.10216326	244074.0
0.10219728	267035.0
0.10223809	278715.0
0.10227211	299008.0
0.10230612	318456.0
0.10238095	345836.0
0.1024898	376173.0
0.10256463	397062.0
0.10263265	413447.0
0.1027415	434480.0
0.10285034	450790.0
0.10295918	464452.0
0.10306803	478475.0
0.10321088	489537.0
0.10331973	497750.0
0.10342857	504221.0
0.10353741	510767.0
0.10361224	514225.0
0.10372109	519292.0
0.10386395	522481.0
0.10404762	527620.0
0.10419048	532803.0
0.10437415	536392.0
0.10455102	538031.0
0.10484354	540003.0
0.105	540003.0
0.11	507329.0
0.110040816	505462.0
0.110122449	501439.0
0.110251701	494085.0
0.110292517	486525.0
0.110333333	481146.0
0.11037415	475524.0
0.110414966	461290.0
0.110462585	450790.0
0.110503401	442431.0
0.11052381	432308.0
0.110544218	371398.0
0.110585034	361309.0
0.11062585	337659.0
0.110639456	311653.0
0.110646259	283770.0
0.110659864	277232.0
0.110680272	261528.0
0.11070068	247585.0
0.110734694	216090.0
0.110755102	205349.0
0.11077551	193124.0
0.110789116	174196.0
0.110809524	164828.0
0.110829932	160888.0
0.110843537	135974.0
0.110863946	106086.0
0.110870748	97947.0
0.110891156	76879.7
0.110911565	61883.0
0.110931973	47085.1
0.110952381	34140.5
0.110972789	23707.2
0.1110068	17971.3
0.1110136	16917.3
0.11104082	15863.5
0.11105442	15158.9
0.11107483	14864.7
0.11111565	14572.9
0.11122449	14864.7
0.1112585	16165.6
0.11129252	16749.0
0.11133333	17798.5
0.11136735	21995.9
0.11140136	27324.4
0.11144218	33503.8
0.11147619	38794.2
0.1115102	48112.4
0.11155102	55223.0
0.11158503	63643.5
0.11161905	68194.0
0.11165986	78239.8
0.11169388	90966.0
0.11172789	100223.0
0.11176871	109200.0
0.11180272	119802.0
0.11183673	128480.0
0.11187075	145653.0
0.11191157	156445.0
0.11194558	165311.0
0.11197959	175080.0
0.11202041	186905.0
0.11205442	200075.0
0.11208844	210737.0
0.11212925	225261.0
0.11216326	244074.0
0.11219728	267035.0
0.11223809	278715.0
0.11227211	299008.0
0.11230612	318456.0
0.11238095	345836.0
0.1124898	376173.0
0.11256463	397062.0
0.11263265	413447.0
0.1127415	434480.0
0.11285034	450790.0
0.11295918	464452.0
0.11306803	478475.0
0.11321088	489537.0
0.11331973	497750.0
0.11342857	504221.0
0.11353741	510767.0
0.11361224	514225.0
0.11372109	519292.0
0.11386395	522481.0
0.11404762	527620.0
0.11419048	532803.0
0.11437415	536392.0
0.11455102	538031.0
0.11484354	540003.0
0.115	540003.0
0.12	507329.0
0.120040816	505462.0
0.120122449	501439.0
0.120251701	494085.0
0.120292517	486525.0
0.120333333	481146.0
0.12037415	475524.0
0.120414966	461290.0
0.120462585	450790.0
0.120503401	442431.0
0.12052381	432308.0
0.120544218	371398.0
0.120585034	361309.0
0.12062585	337659.0
0.120639456	311653.0
0.120646259	283770.0
0.120659864	277232.0
0.120680272	261528.0
0.12070068	247585.0
0.120734694	216090.0
0.120755102	205349.0
0.12077551	193124.0
0.120789116	174196.0
0.120809524	164828.0
0.120829932	160888.0
0.120843537	135974.0
0.120863946	106086.0
0.120870748	97947.0
0.120891156	76879.7
0.120911565	61883.0
0.120931973	47085.1
0.120952381	34140.5
0.120972789	23707.2
0.1210068	17971.3
0.1210136	16917.3
0.12104082	15863.5
0.12105442	15158.9
0.12107483	14864.7
0.12111565	14572.9
0.12122449	14864.7
0.1212585	16165.6
0.12129252	16749.0
0.12133333	17798.5
0.12136735	21995.9
0.12140136	27324.4
0.12144218	33503.8
0.12147619	38794.2
0.1215102	48112.4
0.12155102	55223.0
0.12158503	63643.5
0.12161905	68194.0
0.12165986	78239.8
0.12169388	90966.0
0.12172789	100223.0
0.12176871	109200.0
0.12180272	119802.0
0.12183673	128480.0
0.12187075	145653.0
0.12191157	156445.0
0.12194558	165311.0
0.12197959	175080.0
0.12202041	186905.0
0.12205442	200075.0
0.12208844	210737.0
0.12212925	225261.0
0.12216326	244074.0
0.12219728	267035.0
0.12223809	278715.0
0.12227211	299008.0
0.12230612	318456.0
0.12238095	345836.0
0.1224898	376173.0
0.12256463	397062.0
0.12263265	413447.0
0.1227415	434480.0
0.12285034	450790.0
0.12295918	464452.0
0.12306803	478475.0
0.12321088	489537.0
0.12331973	497750.0
0.12342857	504221.0
0.12353741	510767.0
0.12361224	514225.0
0.12372109	519292.0
0.12386395	522481.0
0.12404762	527620.0
0.12419048	532803.0
0.12437415	536392.0
0.12455102	538031.0
0.12484354	540003.0
0.125	540003.0
0.13	507329.0
0.130040816	505462.0
0.130122449	501439.0
0.130251701	494085.0
0.130292517	486525.0
0.130333333	481146.0
0.13037415	475524.0
0.130414966	461290.0
0.130462585	450790.0
0.130503401	442431.0
0.13052381	432308.0
0.130544218	371398.0
0.130585034	361309.0
0.13062585	337659.0
0.130639456	311653.0
0.130646259	283770.0
0.130659864	277232.0
0.130680272	261528.0
0.13070068	247585.0
0.130734694	216090.0
0.130755102	205349.0
0.13077551	193124.0
0.130789116	174196.0
0.130809524	164828.0
0.130829932	160888.0
0.130843537	135974.0
0.130863946	106086.0
0.130870748	97947.0
0.130891156	76879.7
0.130911565	61883.0
0.130931973	47085.1
0.130952381	34140.5
0.130972789	23707.2
0.1310068	17971.3
0.1310136	16917.3
0.13104082	15863.5
0.13105442	15158.9
0.13107483	14864.7
0.13111565	14572.9
0.13122449	14864.7
0.1312585	16165.6
0.13129252	16749.0
0.13133333	17798.5
0.13136735	21995.9
0.13140136	27324.4
0.13144218	33503.8
0.13147619	38794.2
0.1315102	48112.4
0.13155102	55223.0
0.13158503	63643.5
0.13161905	68194.0
0.13165986	78239.8
0.13169388	90966.0
0.13172789	100223.0
0.13176871	109200.0
0.13180272	119802.0
0.13183673	128480.0
0.13187075	145653.0
0.13191157	156445.0
0.13194558	165311.0
0.13197959	175080.0
0.13202041	186905.0
0.13205442	200075.0
0.13208844	210737.0
0.13212925	225261.0
0.13216326	244074.0
0.13219728	267035.0
0.13223809	278715.0
0.13227211	299008.0
0.13230612	318456.0
0.13238095	345836.0
0.1324898	376173.0
0.13256463	397062.0
0.13263265	413447.0
0.1327415	434480.0
0.13285034	450790.0
0.13295918	464452.0
0.13306803	478475.0
0.13321088	489537.0
0.13331973	497750.0
0.13342857	504221.0
0.13353741	510767.0
0.13361224	514225.0
0.13372109	519292.0
0.13386395	522481.0
0.13404762	527620.0
0.13419048	532803.0
0.13437415	536392.0
0.13455102	538031.0
0.13484354	540003.0
0.135	540003.0
0.14	507329.0
0.140040816	505462.0
0.140122449	501439.0
0.140251701	494085.0
0.140292517	486525.0
0.140333333	481146.0
0.14037415	475524.0
0.140414966	461290.0
0.140462585	450790.0
0.140503401	442431.0
0.14052381	432308.0
0.140544218	371398.0
0.140585034	361309.0
0.14062585	337659.0
0.140639456	311653.0
0.140646259	283770.0
0.140659864	277232.0
0.140680272	261528.0
0.14070068	247585.0
0.140734694	216090.0
0.140755102	205349.0
0.14077551	193124.0
0.140789116	174196.0
0.140809524	164828.0
0.140829932	160888.0
0.140843537	135974.0
0.140863946	106086.0
0.140870748	97947.0
0.140891156	76879.7
0.140911565	61883.0
0.140931973	47085.1
0.140952381	34140.5
0.140972789	23707.2
0.1410068	17971.3
0.1410136	16917.3
0.14104082	15863.5
0.14105442	15158.9
0.14107483	14864.7
0.14111565	14572.9
0.14122449	14864.7
0.1412585	16165.6
0.14129252	16749.0
0.14133333	17798.5
0.14136735	21995.9
0.14140136	27324.4
0.14144218	33503.8
0.14147619	38794.2
0.1415102	48112.4
0.14155102	55223.0
0.14158503	63643.5
0.14161905	68194.0
0.14165986	78239.8
0.14169388	90966.0
0.14172789	100223.0
0.14176871	109200.0
0.14180272	119802.0
0.14183673	128480.0
0.14187075	145653.0
0.14191157	156445.0
0.14194558	165311.0
0.14197959	175080.0
0.14202041	186905.0
0.14205442	200075.0
0.14208844	210737.0
0.14212925	225261.0
0.14216326	244074.0
0.14219728	267035.0
0.14223809	278715.0
0.14227211	299008.0
0.14230612	318456.0
0.14238095	345836.0
0.1424898	376173.0
0.14256463	397062.0
0.14263265	413447.0
0.1427415	434480.0
0.14285034	450790.0
0.14295918	464452.0
0.14306803	478475.0
0.14321088	489537.0
0.14331973	497750.0
0.14342857	504221.0
0.14353741	510767.0
0.14361224	514225.0
0.14372109	519292.0
0.14386395	522481.0
0.14404762	527620.0
0.14419048	532803.0
0.14437415	536392.0
0.14455102	538031.0
0.14484354	540003.0
0.145	540003.0
0.15	507329.0
0.150040816	505462.0
0.150122449	501439.0
0.150251701	494085.0
0.150292517	486525.0
0.150333333	481146.0
0.15037415	475524.0
0.150414966	461290.0
0.150462585	450790.0
0.150503401	442431.0
0.15052381	432308.0
0.150544218	371398.0
0.150585034	361309.0
0.15062585	337659.0
0.150639456	311653.0
0.150646259	283770.0
0.150659864	277232.0
0.150680272	261528.0
0.15070068	247585.0
0.150734694	216090.0
0.150755102	205349.0
0.15077551	193124.0
0.150789116	174196.0
0.150809524	164828.0
0.150829932	160888.0
0.150843537	135974.0
0.150863946	106086.0
0.150870748	97947.0
0.150891156	76879.7
0.150911565	61883.0
0.150931973	47085.1
0.150952381	34140.5
0.150972789	23707.2
0.1510068	17971.3
0.1510136	16917.3
0.15104082	15863.5
0.15105442	15158.9
0.15107483	14864.7
0.15111565	14572.9
0.15122449	14864.7
0.1512585	16165.6
0.15129252	16749.0
0.15133333	17798.5
0.15136735	21995.9
0.15140136	27324.4
0.15144218	33503.8
0.15147619	38794.2
0.1515102	48112.4
0.15155102	55223.0
0.15158503	63643.5
0.15161905	68194.0
0.15165986	78239.8
0.15169388	90966.0
0.15172789	100223.0
0.15176871	109200.0
0.15180272	119802.0
0.15183673	128480.0
0.15187075	145653.0
0.15191157	156445.0
0.15194558	165311.0
0.15197959	175080.0
0.15202041	186905.0
0.15205442	200075.0
0.15208844	210737.0
0.15212925	225261.0
0.15216326	244074.0
0.15219728	267035.0
0.15223809	278715.0
0.15227211	299008.0
0.15230612	318456.0
0.15238095	345836.0
0.1524898	376173.0
0.15256463	397062.0
0.15263265	413447.0
0.1527415	434480.0
0.15285034	450790.0
0.15295918	464452.0
0.15306803	478475.0
0.15321088	489537.0
0.15331973	497750.0
0.15342857	504221.0
0.15353741	510767.0
0.15361224	514225.0
0.15372109	519292.0
0.15386395	522481.0
0.15404762	527620.0
0.15419048	532803.0
0.15437415	536392.0
0.15455102	538031.0
0.15484354	540003.0
0.155	540003.0
0.16	507329.0
0.160040816	505462.0
0.160122449	501439.0
0.160251701	494085.0
0.160292517	486525.0
0.160333333	481146.0
0.16037415	475524.0
0.160414966	461290.0
0.160462585	450790.0
0.160503401	442431.0
0.16052381	432308.0
0.160544218	371398.0
0.160585034	361309.0
0.16062585	337659.0
0.160639456	311653.0
0.160646259	283770.0
0.160659864	277232.0
0.160680272	261528.0
0.16070068	247585.0
0.160734694	216090.0
0.160755102	205349.0
0.16077551	193124.0
0.160789116	174196.0
0.160809524	164828.0
0.160829932	160888.0
0.160843537	135974.0
0.160863946	106086.0
0.160870748	97947.0
0.160891156	76879.7
0.160911565	61883.0
0.160931973	47085.1
0.160952381	34140.5
0.160972789	23707.2
0.1610068	17971.3
0.1610136	16917.3
0.16104082	15863.5
0.16105442	15158.9
0.16107483	14864.7
0.16111565	14572.9
0.16122449	14864.7
0.1612585	16165.6
0.16129252	16749.0
0.16133333	17798.5
0.16136735	21995.9
0.16140136	27324.4
0.16144218	33503.8
0.16147619	38794.2
0.1615102	48112.4
0.16155102	55223.0
0.16158503	63643.5
0.16161905	68194.0
0.16165986	78239.8
0.16169388	90966.0
0.16172789	100223.0
0.16176871	109200.0
0.16180272	119802.0
0.16183673	128480.0
0.16187075	145653.0
0.16191157	156445.0
0.16194558	165311.0
0.16197959	175080.0
0.16202041	186905.0
0.16205442	200075.0
0.16208844	210737.0
0.16212925	225261.0
0.16216326	244074.0
0.16219728	267035.0
0.16223809	278715.0
0.16227211	299008.0
0.16230612	318456.0
0.16238095	345836.0
0.1624898	376173.0
0.16256463	397062.0
0.16263265	413447.0
0.1627415	434480.0
0.16285034	450790.0
0.16295918	464452.0
0.16306803	478475.0
0.16321088	489537.0
0.16331973	497750.0
0.16342857	504221.0
0.16353741	510767.0
0.16361224	514225.0
0.16372109	519292.0
0.16386395	522481.0
0.16404762	527620.0
0.16419048	532803.0
0.16437415	536392.0
0.16455102	538031.0
0.16484354	540003.0
0.165	540003.0
0.17	507329.0
0.170040816	505462.0
0.170122449	501439.0
0.170251701	494085.0
0.170292517	486525.0
0.170333333	481146.0
0.17037415	475524.0
0.170414966	461290.0
0.170462585	450790.0
0.170503401	442431.0
0.17052381	432308.0
0.170544218	371398.0
0.170585034	361309.0
0.17062585	337659.0
0.170639456	311653.0
0.170646259	283770.0
0.170659864	277232.0
0.170680272	261528.0
0.17070068	247585.0
0.170734694	216090.0
0.170755102	205349.0
0.17077551	193124.0
0.170789116	174196.0
0.170809524	164828.0
0.170829932	160888.0
0.170843537	135974.0
0.170863946	106086.0
0.170870748	97947.0
0.170891156	76879.7
0.170911565	61883.0
0.170931973	47085.1
0.170952381	34140.5
0.170972789	23707.2
0.1710068	17971.3
0.1710136	16917.3
0.17104082	15863.5
0.17105442	15158.9
0.17107483	14864.7
0.17111565	14572.9
0.17122449	14864.7
0.1712585	16165.6
0.17129252	16749.0
0.17133333	17798.5
0.17136735	21995.9
0.17140136	27324.4
0.17144218	33503.8
0.17147619	38794.2
0.1715102	48112.4
0.17155102	55223.0
0.17158503	63643.5
0.17161905	68194.0
0.17165986	78239.8
0.17169388	90966.0
0.17172789	100223.0
0.17176871	109200.0
0.17180272	119802.0
0.17183673	128480.0
0.17187075	145653.0
0.17191157	156445.0
0.17194558	165311.0
0.17197959	175080.0
0.17202041	186905.0
0.17205442	200075.0
0.17208844	210737.0
0.17212925	225261.0
0.17216326	244074.0
0.17219728	267035.0
0.17223809	278715.0
0.17227211	299008.0
0.17230612	318456.0
0.17238095	345836.0
0.1724898	376173.0
0.17256463	397062.0
0.17263265	413447.0
0.1727415	434480.0
0.17285034	450790.0
0.17295918	464452.0
0.17306803	478475.0
0.17321088	489537.0
0.17331973	497750.0
0.17342857	504221.0
0.17353741	510767.0
0.17361224	514225.0
0.17372109	519292.0
0.17386395	522481.0
0.17404762	527620.0
0.17419048	532803.0
0.17437415	536392.0
0.17455102	538031.0
0.17484354	540003.0
0.175	540003.0
0.18	507329.0
0.180040816	505462.0
0.180122449	501439.0
0.180251701	494085.0
0.180292517	486525.0
0.180333333	481146.0
0.18037415	475524.0
0.180414966	461290.0
0.180462585	450790.0
0.180503401	442431.0
0.18052381	432308.0
0.180544218	371398.0
0.180585034	361309.0
0.18062585	337659.0
0.180639456	311653.0
0.180646259	283770.0
0.180659864	277232.0
0.180680272	261528.0
0.18070068	247585.0
0.180734694	216090.0
0.180755102	205349.0
0.18077551	193124.0
0.180789116	174196.0
0.180809524	164828.0
0.180829932	160888.0
0.180843537	135974.0
0.180863946	106086.0
0.180870748	97947.0
0.180891156	76879.7
0.180911565	61883.0
0.180931973	47085.1
0.180952381	34140.5
0.180972789	23707.2
0.1810068	17971.3
0.1810136	16917.3
0.18104082	15863.5
0.18105442	15158.9
0.18107483	14864.7
0.18111565	14572.9
0.18122449	14864.7
0.1812585	16165.6
0.18129252	16749.0
0.18133333	17798.5
0.18136735	21995.9
0.18140136	27324.4
0.18144218	33503.8
0.18147619	38794.2
0.1815102	48112.4
0.18155102	55223.0
0.18158503	63643.5
0.18161905	68194.0
0.18165986	78239.8
0.18169388	90966.0
0.18172789	100223.0
0.18176871	109200.0
0.18180272	119802.0
0.18183673	128480.0
0.18187075	145653.0
0.18191157	156445.0
0.18194558	165311.0
0.18197959	175080.0
0.18202041	186905.0
0.18205442	200075.0
0.18208844	210737.0
0.18212925	225261.0
0.18216326	244074.0
0.18219728	267035.0
0.18223809	278715.0
0.18227211	299008.0
0.18230612	318456.0
0.18238095	345836.0
0.1824898	376173.0
0.18256463	397062.0
0.18263265	413447.0
0.1827415	434480.0
0.18285034	450790.0
0.18295918	464452.0
0.18306803	478475.0
0.18321088	489537.0
0.18331973	497750.0
0.18342857	504221.0
0.18353741	510767.0
0.18361224	514225.0
0.18372109	519292.0
0.18386395	522481.0
0.18404762	527620.0
0.18419048	532803.0
0.18437415	536392.0
0.18455102	538031.0
0.18484354	540003.0
0.185	540003.0
0.19	507329.0
0.190040816	505462.0
0.190122449	501439.0
0.190251701	494085.0
0.190292517	486525.0
0.190333333	481146.0
0.19037415	475524.0
0.190414966	461290.0
0.190462585	450790.0
0.190503401	442431.0
0.19052381	432308.0
0.190544218	371398.0
0.190585034	361309.0
0.19062585	337659.0
0.190639456	311653.0
0.190646259	283770.0
0.190659864	277232.0
0.190680272	261528.0
0.19070068	247585.0
0.190734694	216090.0
0.190755102	205349.0
0.19077551	193124.0
0.190789116	174196.0
0.190809524	164828.0
0.190829932	160888.0
0.190843537	135974.0
0.190863946	106086.0
0.190870748	97947.0
0.190891156	76879.7
0.190911565	61883.0
0.190931973	47085.1
0.190952381	34140.5
0.190972789	23707.2
0.1910068	17971.3
0.1910136	16917.3
0.19104082	15863.5
0.19105442	15158.9
0.19107483	14864.7
0.19111565	14572.9
0.19122449	14864.7
0.1912585	16165.6
0.19129252	16749.0
0.19133333	17798.5
0.19136735	21995.9
0.19140136	27324.4
0.19144218	33503.8
0.19147619	38794.2
0.1915102	48112.4
0.19155102	55223.0
0.19158503	63643.5
0.19161905	68194.0
0.19165986	78239.8
0.19169388	90966.0
0.19172789	100223.0
0.19176871	109200.0
0.19180272	119802.0
0.19183673	128480.0
0.19187075	145653.0
0.19191157	156445.0
0.19194558	165311.0
0.19197959	175080.0
0.19202041	186905.0
0.19205442	200075.0
0.19208844	210737.0
0.19212925	225261.0
0.19216326	244074.0
0.19219728	267035.0
0.19223809	278715.0
0.19227211	299008.0
0.19230612	318456.0
0.19238095	345836.0
0.1924898	376173.0
0.19256463	397062.0
0.19263265	413447.0
0.1927415	434480.0
0.19285034	450790.0
0.19295918	464452.0
0.19306803	478475.0
0.19321088	489537.0
0.19331973	497750.0
0.19342857	504221.0
0.19353741	510767.0
0.19361224	514225.0
0.19372109	519292.0
0.19386395	522481.0
0.19404762	527620.0
0.19419048	532803.0
0.19437415	536392.0
0.19455102	538031.0
0.19484354	540003.0
0.195	540003.0
5.19	507329.0
5.190040816	505462.0
5.190122449	501439.0
5.190251701	494085.0
5.190292517	486525.0
5.190333333	481146.0
5.19037415	475524.0
5.190414966	461290.0
5.190462585	450790.0
5.190503401	442431.0
5.19052381	432308.0
5.190544218	371398.0
5.190585034	361309.0
5.19062585	337659.0
5.190639456	311653.0
5.190646259	283770.0
5.190659864	277232.0
5.190680272	261528.0
5.19070068	247585.0
5.190734694	216090.0
5.190755102	205349.0
5.19077551	193124.0
5.190789116	174196.0
5.190809524	164828.0
5.190829932	160888.0
5.190843537	135974.0
5.190863946	106086.0
5.190870748	97947.0
5.190891156	76879.7
5.190911565	61883.0
5.190931973	47085.1
5.190952381	34140.5
5.190972789	23707.2
5.1910068	17971.3
5.1910136	16917.3
5.19104082	15863.5
5.19105442	15158.9
5.19107483	14864.7
5.19111565	14572.9
5.19122449	14864.7
5.1912585	16165.6
5.19129252	16749.0
5.19133333	17798.5
5.19136735	21995.9
5.19140136	27324.4
5.19144218	33503.8
5.19147619	38794.2
5.1915102	48112.4
5.19155102	55223.0
5.19158503	63643.5
5.19161905	68194.0
5.19165986	78239.8
5.19169388	90966.0
5.19172789	100223.0
5.19176871	109200.0
5.19180272	119802.0
5.19183673	128480.0
5.19187075	145653.0
5.19191157	156445.0
5.19194558	165311.0
5.19197959	175080.0
5.19202041	186905.0
5.19205442	200075.0
5.19208844	210737.0
5.19212925	225261.0
5.19216326	244074.0
5.19219728	267035.0
5.19223809	278715.0
5.19227211	299008.0
5.19230612	318456.0
5.19238095	345836.0
5.1924898	376173.0
5.19256463	397062.0
5.19263265	413447.0
5.1927415	434480.0
5.19285034	450790.0
5.19295918	464452.0
5.19306803	478475.0
5.19321088	489537.0
5.19331973	497750.0
5.19342857	504221.0
5.19353741	510767.0
5.19361224	514225.0
5.19372109	519292.0
5.19386395	522481.0
5.19404762	527620.0
5.19419048	532803.0
5.19437415	536392.0
5.19455102	538031.0
5.19484354	540003.0
5.195	540003.0
5.2	507329.0
5.200040816	505462.0
5.200122449	501439.0
5.200251701	494085.0
5.200292517	486525.0
5.200333333	481146.0
5.20037415	475524.0
5.200414966	461290.0
5.200462585	450790.0
5.200503401	442431.0
5.20052381	432308.0
5.200544218	371398.0
5.200585034	361309.0
5.20062585	337659.0
5.200639456	311653.0
5.200646259	283770.0
5.200659864	277232.0
5.200680272	261528.0
5.20070068	247585.0
5.200734694	216090.0
5.200755102	205349.0
5.20077551	193124.0
5.200789116	174196.0
5.200809524	164828.0
5.200829932	160888.0
5.200843537	135974.0
5.200863946	106086.0
5.200870748	97947.0
5.200891156	76879.7
5.200911565	61883.0
5.200931973	47085.1
5.200952381	34140.5
5.200972789	23707.2
5.2010068	17971.3
5.2010136	16917.3
5.20104082	15863.5
5.20105442	15158.9
5.20107483	14864.7
5.20111565	14572.9
5.20122449	14864.7
5.2012585	16165.6
5.20129252	16749.0
5.20133333	17798.5
5.20136735	21995.9
5.20140136	27324.4
5.20144218	33503.8
5.20147619	38794.2
5.2015102	48112.4
5.20155102	55223.0
5.20158503	63643.5
5.20161905	68194.0
5.20165986	78239.8
5.20169388	90966.0
5.20172789	100223.0
5.20176871	109200.0
5.20180272	119802.0
5.20183673	128480.0
5.20187075	145653.0
5.20191157	156445.0
5.20194558	165311.0
5.20197959	175080.0
5.20202041	186905.0
5.20205442	200075.0
5.20208844	210737.0
5.20212925	225261.0
5.20216326	244074.0
5.20219728	267035.0
5.20223809	278715.0
5.20227211	299008.0
5.20230612	318456.0
5.20238095	345836.0
5.2024898	376173.0
5.20256463	397062.0
5.20263265	413447.0
5.2027415	434480.0
5.20285034	450790.0
5.20295918	464452.0
5.20306803	478475.0
5.20321088	489537.0
5.20331973	497750.0
5.20342857	504221.0
5.20353741	510767.0
5.20361224	514225.0
5.20372109	519292.0
5.20386395	522481.0
5.20404762	527620.0
5.20419048	532803.0
5.20437415	536392.0
5.20455102	538031.0
5.20484354	540003.0
5.205	540003.0
5.21	507329.0
5.210040816	505462.0
5.210122449	501439.0
5.210251701	494085.0
5.210292517	486525.0
5.210333333	481146.0
5.21037415	475524.0
5.210414966	461290.0
5.210462585	450790.0
5.210503401	442431.0
5.21052381	432308.0
5.210544218	371398.0
5.210585034	361309.0
5.21062585	337659.0
5.210639456	311653.0
5.210646259	283770.0
5.210659864	277232.0
5.210680272	261528.0
5.21070068	247585.0
5.210734694	216090.0
5.210755102	205349.0
5.21077551	193124.0
5.210789116	174196.0
5.210809524	164828.0
5.210829932	160888.0
5.210843537	135974.0
5.210863946	106086.0
5.210870748	97947.0
5.210891156	76879.7
5.210911565	61883.0
5.210931973	47085.1
5.210952381	34140.5
5.210972789	23707.2
5.2110068	17971.3
5.2110136	16917.3
5.21104082	15863.5
5.21105442	15158.9
5.21107483	14864.7
5.21111565	14572.9
5.21122449	14864.7
5.2112585	16165.6
5.21129252	16749.0
5.21133333	17798.5
5.21136735	21995.9
5.21140136	27324.4
5.21144218	33503.8
5.21147619	38794.2
5.2115102	48112.4
5.21155102	55223.0
5.21158503	63643.5
5.21161905	68194.0
5.21165986	78239.8
5.21169388	90966.0
5.21172789	100223.0
5.21176871	109200.0
5.21180272	119802.0
5.21183673	128480.0
5.21187075	145653.0
5.21191157	156445.0
5.21194558	165311.0
5.21197959	175080.0
5.21202041	186905.0
5.21205442	200075.0
5.21208844	210737.0
5.21212925	225261.0
5.21216326	244074.0
5.21219728	267035.0
5.21223809	278715.0
5.21227211	299008.0
5.21230612	318456.0
5.21238095	345836.0
5.2124898	376173.0
5.21256463	397062.0
5.21263265	413447.0
5.2127415	434480.0
5.21285034	450790.0
5.21295918	464452.0
5.21306803	478475.0
5.21321088	489537.0
5.21331973	497750.0
5.21342857	504221.0
5.21353741	510767.0
5.21361224	514225.0
5.21372109	519292.0
5.21386395	522481.0
5.21404762	527620.0
5.21419048	532803.0
5.21437415	536392.0
5.21455102	538031.0
5.21484354	540003.0
5.215	540003.0
5.22	507329.0
5.220040816	505462.0
5.220122449	501439.0
5.220251701	494085.0
5.220292517	486525.0
5.220333333	481146.0
5.22037415	475524.0
5.220414966	461290.0
5.220462585	450790.0
5.220503401	442431.0
5.22052381	432308.0
5.220544218	371398.0
5.220585034	361309.0
5.22062585	337659.0
5.220639456	311653.0
5.220646259	283770.0
5.220659864	277232.0
5.220680272	261528.0
5.22070068	247585.0
5.220734694	216090.0
5.220755102	205349.0
5.22077551	193124.0
5.220789116	174196.0
5.220809524	164828.0
5.220829932	160888.0
5.220843537	135974.0
5.220863946	106086.0
5.220870748	97947.0
5.220891156	76879.7
5.220911565	61883.0
5.220931973	47085.1
5.220952381	34140.5
5.220972789	23707.2
5.2210068	17971.3
5.2210136	16917.3
5.22104082	15863.5
5.22105442	15158.9
5.22107483	14864.7
5.22111565	14572.9
5.22122449	14864.7
5.2212585	16165.6
5.22129252	16749.0
5.22133333	17798.5
5.22136735	21995.9
5.22140136	27324.4
5.22144218	33503.8
5.22147619	38794.2
5.2215102	48112.4
5.22155102	55223.0
5.22158503	63643.5
5.22161905	68194.0
5.22165986	78239.8
5.22169388	90966.0
5.22172789	100223.0
5.22176871	109200.0
5.22180272	119802.0
5.22183673	128480.0
5.22187075	145653.0
5.22191157	156445.0
5.22194558	165311.0
5.22197959	175080.0
5.22202041	186905.0
5.22205442	200075.0
5.22208844	210737.0
5.22212925	225261.0
5.22216326	244074.0
5.22219728	267035.0
5.22223809	278715.0
5.22227211	299008.0
5.22230612	318456.0
5.22238095	345836.0
5.2224898	376173.0
5.22256463	397062.0
5.22263265	413447.0
5.2227415	434480.0
5.22285034	450790.0
5.22295918	464452.0
5.22306803	478475.0
5.22321088	489537.0
5.22331973	497750.0
5.22342857	504221.0
5.22353741	510767.0
5.22361224	514225.0
5.22372109	519292.0
5.22386395	522481.0
5.22404762	527620.0
5.22419048	532803.0
5.22437415	536392.0
5.22455102	538031.0
5.22484354	540003.0
5.225	540003.0
5.23	507329.0
5.230040816	505462.0
5.230122449	501439.0
5.230251701	494085.0
5.230292517	486525.0
5.230333333	481146.0
5.23037415	475524.0
5.230414966	461290.0
5.230462585	450790.0
5.230503401	442431.0
5.23052381	432308.0
5.230544218	371398.0
5.230585034	361309.0
5.23062585	337659.0
5.230639456	311653.0
5.230646259	283770.0
5.230659864	277232.0
5.230680272	261528.0
5.23070068	247585.0
5.230734694	216090.0
5.230755102	205349.0
5.23077551	193124.0
5.230789116	174196.0
5.230809524	164828.0
5.230829932	160888.0
5.230843537	135974.0
5.230863946	106086.0
5.230870748	97947.0
5.230891156	76879.7
5.230911565	61883.0
5.230931973	47085.1
5.230952381	34140.5
5.230972789	23707.2
5.2310068	17971.3
5.2310136	16917.3
5.23104082	15863.5
5.23105442	15158.9
5.23107483	14864.7
5.23111565	14572.9
5.23122449	14864.7
5.2312585	16165.6
5.23129252	16749.0
5.23133333	17798.5
5.23136735	21995.9
5.23140136	27324.4
5.23144218	33503.8
5.23147619	38794.2
5.2315102	48112.4
5.23155102	55223.0
5.23158503	63643.5
5.23161905	68194.0
5.23165986	78239.8
5.23169388	90966.0
5.23172789	100223.0
5.23176871	109200.0
5.23180272	119802.0
5.23183673	128480.0
5.23187075	145653.0
5.23191157	156445.0
5.23194558	165311.0
5.23197959	175080.0
5.23202041	186905.0
5.23205442	200075.0
5.23208844	210737.0
5.23212925	225261.0
5.23216326	244074.0
5.23219728	267035.0
5.23223809	278715.0
5.23227211	299008.0
5.23230612	318456.0
5.23238095	345836.0
5.2324898	376173.0
5.23256463	397062.0
5.23263265	413447.0
5.2327415	434480.0
5.23285034	450790.0
5.23295918	464452.0
5.23306803	478475.0
5.23321088	489537.0
5.23331973	497750.0
5.23342857	504221.0
5.23353741	510767.0
5.23361224	514225.0
5.23372109	519292.0
5.23386395	522481.0
5.23404762	527620.0
5.23419048	532803.0
5.23437415	536392.0
5.23455102	538031.0
5.23484354	540003.0
5.235	540003.0
5.24	507329.0
5.240040816	505462.0
5.240122449	501439.0
5.240251701	494085.0
5.240292517	486525.0
5.240333333	481146.0
5.24037415	475524.0
5.240414966	461290.0
5.240462585	450790.0
5.240503401	442431.0
5.24052381	432308.0
5.240544218	371398.0
5.240585034	361309.0
5.24062585	337659.0
5.240639456	311653.0
5.240646259	283770.0
5.240659864	277232.0
5.240680272	261528.0
5.24070068	247585.0
5.240734694	216090.0
5.240755102	205349.0
5.24077551	193124.0
5.240789116	174196.0
5.240809524	164828.0
5.240829932	160888.0
5.240843537	135974.0
5.240863946	106086.0
5.240870748	97947.0
5.240891156	76879.7
5.240911565	61883.0
5.240931973	47085.1
5.240952381	34140.5
5.240972789	23707.2
5.2410068	17971.3
5.2410136	16917.3
5.24104082	15863.5
5.24105442	15158.9
5.24107483	14864.7
5.24111565	14572.9
5.24122449	14864.7
5.2412585	16165.6
5.24129252	16749.0
5.24133333	17798.5
5.24136735	21995.9
5.24140136	27324.4
5.24144218	33503.8
5.24147619	38794.2
5.2415102	48112.4
5.24155102	55223.0
5.24158503	63643.5
5.24161905	68194.0
5.24165986	78239.8
5.24169388	90966.0
5.24172789	100223.0
5.24176871	109200.0
5.24180272	119802.0
5.24183673	128480.0
5.24187075	145653.0
5.24191157	156445.0
5.24194558	165311.0
5.24197959	175080.0
5.24202041	186905.0
5.24205442	200075.0
5.24208844	210737.0
5.24212925	225261.0
5.24216326	244074.0
5.24219728	267035.0
5.24223809	278715.0
5.24227211	299008.0
5.24230612	318456.0
5.24238095	345836.0
5.2424898	376173.0
5.24256463	397062.0
5.24263265	413447.0
5.2427415	434480.0
5.24285034	450790.0
5.24295918	464452.0
5.24306803	478475.0
5.24321088	489537.0
5.24331973	497750.0
5.24342857	504221.0
5.24353741	510767.0
5.24361224	514225.0
5.24372109	519292.0
5.24386395	522481.0
5.24404762	527620.0
5.24419048	532803.0
5.24437415	536392.0
5.24455102	538031.0
5.24484354	540003.0
5.245	540003.0
5.25	507329.0
5.250040816	505462.0
5.250122449	501439.0
5.250251701	494085.0
5.250292517	486525.0
5.250333333	481146.0
5.25037415	475524.0
5.250414966	461290.0
5.250462585	450790.0
5.250503401	442431.0
5.25052381	432308.0
5.250544218	371398.0
5.250585034	361309.0
5.25062585	337659.0
5.250639456	311653.0
5.250646259	283770.0
5.250659864	277232.0
5.250680272	261528.0
5.25070068	247585.0
5.250734694	216090.0
5.250755102	205349.0
5.25077551	193124.0
5.250789116	174196.0
5.250809524	164828.0
5.250829932	160888.0
5.250843537	135974.0
5.250863946	106086.0
5.250870748	97947.0
5.250891156	76879.7
5.250911565	61883.0
5.250931973	47085.1
5.250952381	34140.5
5.250972789	23707.2
5.2510068	17971.3
5.2510136	16917.3
5.25104082	15863.5
5.25105442	15158.9
5.25107483	14864.7
5.25111565	14572.9
5.25122449	14864.7
5.2512585	16165.6
5.25129252	16749.0
5.25133333	17798.5
5.25136735	21995.9
5.25140136	27324.4
5.25144218	33503.8
5.25147619	38794.2
5.2515102	48112.4
5.25155102	55223.0
5.25158503	63643.5
5.25161905	68194.0
5.25165986	78239.8
5.25169388	90966.0
5.25172789	100223.0
5.25176871	109200.0
5.25180272	119802.0
5.25183673	128480.0
5.25187075	145653.0
5.25191157	156445.0
5.25194558	165311.0
5.25197959	175080.0
5.25202041	186905.0
5.25205442	200075.0
5.25208844	210737.0
5.25212925	225261.0
5.25216326	244074.0
5.25219728	267035.0
5.25223809	278715.0
5.25227211	299008.0
5.25230612	318456.0
5.25238095	345836.0
5.2524898	376173.0
5.25256463	397062.0
5.25263265	413447.0
5.2527415	434480.0
5.25285034	450790.0
5.25295918	464452.0
5.25306803	478475.0
5.25321088	489537.0
5.25331973	497750.0
5.25342857	504221.0
5.25353741	510767.0
5.25361224	514225.0
5.25372109	519292.0
5.25386395	522481.0
5.25404762	527620.0
5.25419048	532803.0
5.25437415	536392.0
5.25455102	538031.0
5.25484354	540003.0
5.255	540003.0
5.26	507329.0
5.260040816	505462.0
5.260122449	501439.0
5.260251701	494085.0
5.260292517	486525.0
5.260333333	481146.0
5.26037415	475524.0
5.260414966	461290.0
5.260462585	450790.0
5.260503401	442431.0
5.26052381	432308.0
5.260544218	371398.0
5.260585034	361309.0
5.26062585	337659.0
5.260639456	311653.0
5.260646259	283770.0
5.260659864	277232.0
5.260680272	261528.0
5.26070068	247585.0
5.260734694	216090.0
5.260755102	205349.0
5.26077551	193124.0
5.260789116	174196.0
5.260809524	164828.0
5.260829932	160888.0
5.260843537	135974.0
5.260863946	106086.0
5.260870748	97947.0
5.260891156	76879.7
5.260911565	61883.0
5.260931973	47085.1
5.260952381	34140.5
5.260972789	23707.2
5.2610068	17971.3
5.2610136	16917.3
5.26104082	15863.5
5.26105442	15158.9
5.26107483	14864.7
5.26111565	14572.9
5.26122449	14864.7
5.2612585	16165.6
5.26129252	16749.0
5.26133333	17798.5
5.26136735	21995.9
5.26140136	27324.4
5.26144218	33503.8
5.26147619	38794.2
5.2615102	48112.4
5.26155102	55223.0
5.26158503	63643.5
5.26161905	68194.0
5.26165986	78239.8
5.26169388	90966.0
5.26172789	100223.0
5.26176871	109200.0
5.26180272	119802.0
5.26183673	128480.0
5.26187075	145653.0
5.26191157	156445.0
5.26194558	165311.0
5.26197959	175080.0
5.26202041	186905.0
5.26205442	200075.0
5.26208844	210737.0
5.26212925	225261.0
5.26216326	244074.0
5.26219728	267035.0
5.26223809	278715.0
5.26227211	299008.0
5.26230612	318456.0
5.26238095	345836.0
5.2624898	376173.0
5.26256463	397062.0
5.26263265	413447.0
5.2627415	434480.0
5.26285034	450790.0
5.26295918	464452.0
5.26306803	478475.0
5.26321088	489537.0
5.26331973	497750.0
5.26342857	504221.0
5.26353741	510767.0
5.26361224	514225.0
5.26372109	519292.0
5.26386395	522481.0
5.26404762	527620.0
5.26419048	532803.0
5.26437415	536392.0
5.26455102	538031.0
5.26484354	540003.0
5.265	540003.0
5.27	507329.0
5.270040816	505462.0
5.270122449	501439.0
5.270251701	494085.0
5.270292517	486525.0
5.270333333	481146.0
5.27037415	475524.0
5.270414966	461290.0
5.270462585	450790.0
5.270503401	442431.0
5.27052381	432308.0
5.270544218	371398.0
5.270585034	361309.0
5.27062585	337659.0
5.270639456	311653.0
5.270646259	283770.0
5.270659864	277232.0
5.270680272	261528.0
5.27070068	247585.0
5.270734694	216090.0
5.270755102	205349.0
5.27077551	193124.0
5.270789116	174196.0
5.270809524	164828.0
5.270829932	160888.0
5.270843537	135974.0
5.270863946	106086.0
5.270870748	97947.0
5.270891156	76879.7
5.270911565	61883.0
5.270931973	47085.1
5.270952381	34140.5
5.270972789	23707.2
5.2710068	17971.3
5.2710136	16917.3
5.27104082	15863.5
5.27105442	15158.9
5.27107483	14864.7
5.27111565	14572.9
5.27122449	14864.7
5.2712585	16165.6
5.27129252	16749.0
5.27133333	17798.5
5.27136735	21995.9
5.27140136	27324.4
5.27144218	33503.8
5.27147619	38794.2
5.2715102	48112.4
5.27155102	55223.0
5.27158503	63643.5
5.27161905	68194.0
5.27165986	78239.8
5.27169388	90966.0
5.27172789	100223.0
5.27176871	109200.0
5.27180272	119802.0
5.27183673	128480.0
5.27187075	145653.0
5.27191157	156445.0
5.27194558	165311.0
5.27197959	175080.0
5.27202041	186905.0
5.27205442	200075.0
5.27208844	210737.0
5.27212925	225261.0
5.27216326	244074.0
5.27219728	267035.0
5.27223809	278715.0
5.27227211	299008.0
5.27230612	318456.0
5.27238095	345836.0
5.2724898	376173.0
5.27256463	397062.0
5.27263265	413447.0
5.2727415	434480.0
5.27285034	450790.0
5.27295918	464452.0
5.27306803	478475.0
5.27321088	489537.0
5.27331973	497750.0
5.27342857	504221.0
5.27353741	510767.0
5.27361224	514225.0
5.27372109	519292.0
5.27386395	522481.0
5.27404762	527620.0
5.27419048	532803.0
5.27437415	536392.0
5.27455102	538031.0
5.27484354	540003.0
5.275	540003.0
5.28	507329.0
5.280040816	505462.0
5.280122449	501439.0
5.280251701	494085.0
5.280292517	486525.0
5.280333333	481146.0
5.28037415	475524.0
5.280414966	461290.0
5.280462585	450790.0
5.280503401	442431.0
5.28052381	432308.0
5.280544218	371398.0
5.280585034	361309.0
5.28062585	337659.0
5.280639456	311653.0
5.280646259	283770.0
5.280659864	277232.0
5.280680272	261528.0
5.28070068	247585.0
5.280734694	216090.0
5.280755102	205349.0
5.28077551	193124.0
5.280789116	174196.0
5.280809524	164828.0
5.280829932	160888.0
5.280843537	135974.0
5.280863946	106086.0
5.280870748	97947.0
5.280891156	76879.7
5.280911565	61883.0
5.280931973	47085.1
5.280952381	34140.5
5.280972789	23707.2
5.2810068	17971.3
5.2810136	16917.3
5.28104082	15863.5
5.28105442	15158.9
5.28107483	14864.7
5.28111565	14572.9
5.28122449	14864.7
5.2812585	16165.6
5.28129252	16749.0
5.28133333	17798.5
5.28136735	21995.9
5.28140136	27324.4
5.28144218	33503.8
5.28147619	38794.2
5.2815102	48112.4
5.28155102	55223.0
5.28158503	63643.5
5.28161905	68194.0
5.28165986	78239.8
5.28169388	90966.0
5.28172789	100223.0
5.28176871	109200.0
5.28180272	119802.0
5.28183673	128480.0
5.28187075	145653.0
5.28191157	156445.0
5.28194558	165311.0
5.28197959	175080.0
5.28202041	186905.0
5.28205442	200075.0
5.28208844	210737.0
5.28212925	225261.0
5.28216326	244074.0
5.28219728	267035.0
5.28223809	278715.0
5.28227211	299008.0
5.28230612	318456.0
5.28238095	345836.0
5.2824898	376173.0
5.28256463	397062.0
5.28263265	413447.0
5.2827415	434480.0
5.28285034	450790.0
5.28295918	464452.0
5.28306803	478475.0
5.28321088	489537.0
5.28331973	497750.0
5.28342857	504221.0
5.28353741	510767.0
5.28361224	514225.0
5.28372109	519292.0
5.28386395	522481.0
5.28404762	527620.0
5.28419048	532803.0
5.28437415	536392.0
5.28455102	538031.0
5.28484354	540003.0
5.285	540003.0
5.29	507329.0
5.290040816	505462.0
5.290122449	501439.0
5.290251701	494085.0
5.290292517	486525.0
5.290333333	481146.0
5.29037415	475524.0
5.290414966	461290.0
5.290462585	450790.0
5.290503401	442431.0
5.29052381	432308.0
5.290544218	371398.0
5.290585034	361309.0
5.29062585	337659.0
5.290639456	311653.0
5.290646259	283770.0
5.290659864	277232.0
5.290680272	261528.0
5.29070068	247585.0
5.290734694	216090.0
5.290755102	205349.0
5.29077551	193124.0
5.290789116	174196.0
5.290809524	164828.0
5.290829932	160888.0
5.290843537	135974.0
5.290863946	106086.0
5.290870748	97947.0
5.290891156	76879.7
5.290911565	61883.0
5.290931973	47085.1
5.290952381	34140.5
5.290972789	23707.2
5.2910068	17971.3
5.2910136	16917.3
5.29104082	15863.5
5.29105442	15158.9
5.29107483	14864.7
5.29111565	14572.9
5.29122449	14864.7
5.2912585	16165.6
5.29129252	16749.0
5.29133333	17798.5
5.29136735	21995.9
5.29140136	27324.4
5.29144218	33503.8
5.29147619	38794.2
5.2915102	48112.4
5.29155102	55223.0
5.29158503	63643.5
5.29161905	68194.0
5.29165986	78239.8
5.29169388	90966.0
5.29172789	100223.0
5.29176871	109200.0
5.29180272	119802.0
5.29183673	128480.0
5.29187075	145653.0
5.29191157	156445.0
5.29194558	165311.0
5.29197959	175080.0
5.29202041	186905.0
5.29205442	200075.0
5.29208844	210737.0
5.29212925	225261.0
5.29216326	244074.0
5.29219728	267035.0
5.29223809	278715.0
5.29227211	299008.0
5.29230612	318456.0
5.29238095	345836.0
5.2924898	376173.0
5.29256463	397062.0
5.29263265	413447.0
5.2927415	434480.0
5.29285034	450790.0
5.29295918	464452.0
5.29306803	478475.0
5.29321088	489537.0
5.29331973	497750.0
5.29342857	504221.0
5.29353741	510767.0
5.29361224	514225.0
5.29372109	519292.0
5.29386395	522481.0
5.29404762	527620.0
5.29419048	532803.0
5.29437415	536392.0
5.29455102	538031.0
5.29484354	540003.0
5.295	540003.0
5.3	507329.0
5.300040816	505462.0
5.300122449	501439.0
5.300251701	494085.0
5.300292517	486525.0
5.300333333	481146.0
5.30037415	475524.0
5.300414966	461290.0
5.300462585	450790.0
5.300503401	442431.0
5.30052381	432308.0
5.300544218	371398.0
5.300585034	361309.0
5.30062585	337659.0
5.300639456	311653.0
5.300646259	283770.0
5.300659864	277232.0
5.300680272	261528.0
5.30070068	247585.0
5.300734694	216090.0
5.300755102	205349.0
5.30077551	193124.0
5.300789116	174196.0
5.300809524	164828.0
5.300829932	160888.0
5.300843537	135974.0
5.300863946	106086.0
5.300870748	97947.0
5.300891156	76879.7
5.300911565	61883.0
5.300931973	47085.1
5.300952381	34140.5
5.300972789	23707.2
5.3010068	17971.3
5.3010136	16917.3
5.30104082	15863.5
5.30105442	15158.9
5.30107483	14864.7
5.30111565	14572.9
5.30122449	14864.7
5.3012585	16165.6
5.30129252	16749.0
5.30133333	17798.5
5.30136735	21995.9
5.30140136	27324.4
5.30144218	33503.8
5.30147619	38794.2
5.3015102	48112.4
5.30155102	55223.0
5.30158503	63643.5
5.30161905	68194.0
5.30165986	78239.8
5.30169388	90966.0
5.30172789	100223.0
5.30176871	109200.0
5.30180272	119802.0
5.30183673	128480.0
5.30187075	145653.0
5.30191157	156445.0
5.30194558	165311.0
5.30197959	175080.0
5.30202041	186905.0
5.30205442	200075.0
5.30208844	210737.0
5.30212925	225261.0
5.30216326	244074.0
5.30219728	267035.0
5.30223809	278715.0
5.30227211	299008.0
5.30230612	318456.0
5.30238095	345836.0
5.3024898	376173.0
5.30256463	397062.0
5.30263265	413447.0
5.3027415	434480.0
5.30285034	450790.0
5.30295918	464452.0
5.30306803	478475.0
5.30321088	489537.0
5.30331973	497750.0
5.30342857	504221.0
5.30353741	510767.0
5.30361224	514225.0
5.30372109	519292.0
5.30386395	522481.0
5.30404762	527620.0
5.30419048	532803.0
5.30437415	536392.0
5.30455102	538031.0
5.30484354	540003.0
5.305	540003.0
5.31	507329.0
5.310040816	505462.0
5.310122449	501439.0
5.310251701	494085.0
5.310292517	486525.0
5.310333333	481146.0
5.31037415	475524.0
5.310414966	461290.0
5.310462585	450790.0
5.310503401	442431.0
5.31052381	432308.0
5.310544218	371398.0
5.310585034	361309.0
5.31062585	337659.0
5.310639456	311653.0
5.310646259	283770.0
5.310659864	277232.0
5.310680272	261528.0
5.31070068	247585.0
5.310734694	216090.0
5.310755102	205349.0
5.31077551	193124.0
5.310789116	174196.0
5.310809524	164828.0
5.310829932	160888.0
5.310843537	135974.0
5.310863946	106086.0
5.310870748	97947.0
5.310891156	76879.7
5.310911565	61883.0
5.310931973	47085.1
5.310952381	34140.5
5.310972789	23707.2
5.3110068	17971.3
5.3110136	16917.3
5.31104082	15863.5
5.31105442	15158.9
5.31107483	14864.7
5.31111565	14572.9
5.31122449	14864.7
5.3112585	16165.6
5.31129252	16749.0
5.31133333	17798.5
5.31136735	21995.9
5.31140136	27324.4
5.31144218	33503.8
5.31147619	38794.2
5.3115102	48112.4
5.31155102	55223.0
5.31158503	63643.5
5.31161905	68194.0
5.31165986	78239.8
5.31169388	90966.0
5.31172789	100223.0
5.31176871	109200.0
5.31180272	119802.0
5.31183673	128480.0
5.31187075	145653.0
5.31191157	156445.0
5.31194558	165311.0
5.31197959	175080.0
5.31202041	186905.0
5.31205442	200075.0
5.31208844	210737.0
5.31212925	225261.0
5.31216326	244074.0
5.31219728	267035.0
5.31223809	278715.0
5.31227211	299008.0
5.31230612	318456.0
5.31238095	345836.0
5.3124898	376173.0
5.31256463	397062.0
5.31263265	413447.0
5.3127415	434480.0
5.31285034	450790.0
5.31295918	464452.0
5.31306803	478475.0
5.31321088	489537.0
5.31331973	497750.0
5.31342857	504221.0
5.31353741	510767.0
5.31361224	514225.0
5.31372109	519292.0
5.31386395	522481.0
5.31404762	527620.0
5.31419048	532803.0
5.31437415	536392.0
5.31455102	538031.0
5.31484354	540003.0
5.315	540003.0
5.32	507329.0
5.320040816	505462.0
5.320122449	501439.0
5.320251701	494085.0
5.320292517	486525.0
5.320333333	481146.0
5.32037415	475524.0
5.320414966	461290.0
5.320462585	450790.0
5.320503401	442431.0
5.32052381	432308.0
5.320544218	371398.0
5.320585034	361309.0
5.32062585	337659.0
5.320639456	311653.0
5.320646259	283770.0
5.320659864	277232.0
5.320680272	261528.0
5.32070068	247585.0
5.320734694	216090.0
5.320755102	205349.0
5.32077551	193124.0
5.320789116	174196.0
5.320809524	164828.0
5.320829932	160888.0
5.320843537	135974.0
5.320863946	106086.0
5.320870748	97947.0
5.320891156	76879.7
5.320911565	61883.0
5.320931973	47085.1
5.320952381	34140.5
5.320972789	23707.2
5.3210068	17971.3
5.3210136	16917.3
5.32104082	15863.5
5.32105442	15158.9
5.32107483	14864.7
5.32111565	14572.9
5.32122449	14864.7
5.3212585	16165.6
5.32129252	16749.0
5.32133333	17798.5
5.32136735	21995.9
5.32140136	27324.4
5.32144218	33503.8
5.32147619	38794.2
5.3215102	48112.4
5.32155102	55223.0
5.32158503	63643.5
5.32161905	68194.0
5.32165986	78239.8
5.32169388	90966.0
5.32172789	100223.0
5.32176871	109200.0
5.32180272	119802.0
5.32183673	128480.0
5.32187075	145653.0
5.32191157	156445.0
5.32194558	165311.0
5.32197959	175080.0
5.32202041	186905.0
5.32205442	200075.0
5.32208844	210737.0
5.32212925	225261.0
5.32216326	244074.0
5.32219728	267035.0
5.32223809	278715.0
5.32227211	299008.0
5.32230612	318456.0
5.32238095	345836.0
5.3224898	376173.0
5.32256463	397062.0
5.32263265	413447.0
5.3227415	434480.0
5.32285034	450790.0
5.32295918	464452.0
5.32306803	478475.0
5.32321088	489537.0
5.32331973	497750.0
5.32342857	504221.0
5.32353741	510767.0
5.32361224	514225.0
5.32372109	519292.0
5.32386395	522481.0
5.32404762	527620.0
5.32419048	532803.0
5.32437415	536392.0
5.32455102	538031.0
5.32484354	540003.0
5.325	540003.0
5.33	507329.0
5.330040816	505462.0
5.330122449	501439.0
5.330251701	494085.0
5.330292517	486525.0
5.330333333	481146.0
5.33037415	475524.0
5.330414966	461290.0
5.330462585	450790.0
5.330503401	442431.0
5.33052381	432308.0
5.330544218	371398.0
5.330585034	361309.0
5.33062585	337659.0
5.330639456	311653.0
5.330646259	283770.0
5.330659864	277232.0
5.330680272	261528.0
5.33070068	247585.0
5.330734694	216090.0
5.330755102	205349.0
5.33077551	193124.0
5.330789116	174196.0
5.330809524	164828.0
5.330829932	160888.0
5.330843537	135974.0
5.330863946	106086.0
5.330870748	97947.0
5.330891156	76879.7
5.330911565	61883.0
5.330931973	47085.1
5.330952381	34140.5
5.330972789	23707.2
5.3310068	17971.3
5.3310136	16917.3
5.33104082	15863.5
5.33105442	15158.9
5.33107483	14864.7
5.33111565	14572.9
5.33122449	14864.7
5.3312585	16165.6
5.33129252	16749.0
5.33133333	17798.5
5.33136735	21995.9
5.33140136	27324.4
5.33144218	33503.8
5.33147619	38794.2
5.3315102	48112.4
5.33155102	55223.0
5.33158503	63643.5
5.33161905	68194.0
5.33165986	78239.8
5.33169388	90966.0
5.33172789	100223.0
5.33176871	109200.0
5.33180272	119802.0
5.33183673	128480.0
5.33187075	145653.0
5.33191157	156445.0
5.33194558	165311.0
5.33197959	175080.0
5.33202041	186905.0
5.33205442	200075.0
5.33208844	210737.0
5.33212925	225261.0
5.33216326	244074.0
5.33219728	267035.0
5.33223809	278715.0
5.33227211	299008.0
5.33230612	318456.0
5.33238095	345836.0
5.3324898	376173.0
5.33256463	397062.0
5.33263265	413447.0
5.3327415	434480.0
5.33285034	450790.0
5.33295918	464452.0
5.33306803	478475.0
5.33321088	489537.0
5.33331973	497750.0
5.33342857	504221.0
5.33353741	510767.0
5.33361224	514225.0
5.33372109	519292.0
5.33386395	522481.0
5.33404762	527620.0
5.33419048	532803.0
5.33437415	536392.0
5.33455102	538031.0
5.33484354	540003.0
5.335	540003.0
5.34	507329.0
5.340040816	505462.0
5.340122449	501439.0
5.340251701	494085.0
5.340292517	486525.0
5.340333333	481146.0
5.34037415	475524.0
5.340414966	461290.0
5.340462585	450790.0
5.340503401	442431.0
5.34052381	432308.0
5.340544218	371398.0
5.340585034	361309.0
5.34062585	337659.0
5.340639456	311653.0
5.340646259	283770.0
5.340659864	277232.0
5.340680272	261528.0
5.34070068	247585.0
5.340734694	216090.0
5.340755102	205349.0
5.34077551	193124.0
5.340789116	174196.0
5.340809524	164828.0
5.340829932	160888.0
5.340843537	135974.0
5.340863946	106086.0
5.340870748	97947.0
5.340891156	76879.7
5.340911565	61883.0
5.340931973	47085.1
5.340952381	34140.5
5.340972789	23707.2
5.3410068	17971.3
5.3410136	16917.3
5.34104082	15863.5
5.34105442	15158.9
5.34107483	14864.7
5.34111565	14572.9
5.34122449	14864.7
5.3412585	16165.6
5.34129252	16749.0
5.34133333	17798.5
5.34136735	21995.9
5.34140136	27324.4
5.34144218	33503.8
5.34147619	38794.2
5.3415102	48112.4
5.34155102	55223.0
5.34158503	63643.5
5.34161905	68194.0
5.34165986	78239.8
5.34169388	90966.0
5.34172789	100223.0
5.34176871	109200.0
5.34180272	119802.0
5.34183673	128480.0
5.34187075	145653.0
5.34191157	156445.0
5.34194558	165311.0
5.34197959	175080.0
5.34202041	186905.0
5.34205442	200075.0
5.34208844	210737.0
5.34212925	225261.0
5.34216326	244074.0
5.34219728	267035.0
5.34223809	278715.0
5.34227211	299008.0
5.34230612	318456.0
5.34238095	345836.0
5.3424898	376173.0
5.34256463	397062.0
5.34263265	413447.0
5.3427415	434480.0
5.34285034	450790.0
5.34295918	464452.0
5.34306803	478475.0
5.34321088	489537.0
5.34331973	497750.0
5.34342857	504221.0
5.34353741	510767.0
5.34361224	514225.0
5.34372109	519292.0
5.34386395	522481.0
5.34404762	527620.0
5.34419048	532803.0
5.34437415	536392.0
5.34455102	538031.0
5.34484354	540003.0
5.345	540003.0
5.35	507329.0
5.350040816	505462.0
5.350122449	501439.0
5.350251701	494085.0
5.350292517	486525.0
5.350333333	481146.0
5.35037415	475524.0
5.350414966	461290.0
5.350462585	450790.0
5.350503401	442431.0
5.35052381	432308.0
5.350544218	371398.0
5.350585034	361309.0
5.35062585	337659.0
5.350639456	311653.0
5.350646259	283770.0
5.350659864	277232.0
5.350680272	261528.0
5.35070068	247585.0
5.350734694	216090.0
5.350755102	205349.0
5.35077551	193124.0
5.350789116	174196.0
5.350809524	164828.0
5.350829932	160888.0
5.350843537	135974.0
5.350863946	106086.0
5.350870748	97947.0
5.350891156	76879.7
5.350911565	61883.0
5.350931973	47085.1
5.350952381	34140.5
5.350972789	23707.2
5.3510068	17971.3
5.3510136	16917.3
5.35104082	15863.5
5.35105442	15158.9
5.35107483	14864.7
5.35111565	14572.9
5.35122449	14864.7
5.3512585	16165.6
5.35129252	16749.0
5.35133333	17798.5
5.35136735	21995.9
5.35140136	27324.4
5.35144218	33503.8
5.35147619	38794.2
5.3515102	48112.4
5.35155102	55223.0
5.35158503	63643.5
5.35161905	68194.0
5.35165986	78239.8
5.35169388	90966.0
5.35172789	100223.0
5.35176871	109200.0
5.35180272	119802.0
5.35183673	128480.0
5.35187075	145653.0
5.35191157	156445.0
5.35194558	165311.0
5.35197959	175080.0
5.35202041	186905.0
5.35205442	200075.0
5.35208844	210737.0
5.35212925	225261.0
5.35216326	244074.0
5.35219728	267035.0
5.35223809	278715.0
5.35227211	299008.0
5.35230612	318456.0
5.35238095	345836.0
5.3524898	376173.0
5.35256463	397062.0
5.35263265	413447.0
5.3527415	434480.0
5.35285034	450790.0
5.35295918	464452.0
5.35306803	478475.0
5.35321088	489537.0
5.35331973	497750.0
5.35342857	504221.0
5.35353741	510767.0
5.35361224	514225.0
5.35372109	519292.0
5.35386395	522481.0
5.35404762	527620.0
5.35419048	532803.0
5.35437415	536392.0
5.35455102	538031.0
5.35484354	540003.0
5.355	540003.0
5.36	507329.0
5.360040816	505462.0
5.360122449	501439.0
5.360251701	494085.0
5.360292517	486525.0
5.360333333	481146.0
5.36037415	475524.0
5.360414966	461290.0
5.360462585	450790.0
5.360503401	442431.0
5.36052381	432308.0
5.360544218	371398.0
5.360585034	361309.0
5.36062585	337659.0
5.360639456	311653.0
5.360646259	283770.0
5.360659864	277232.0
5.360680272	261528.0
5.36070068	247585.0
5.360734694	216090.0
5.360755102	205349.0
5.36077551	193124.0
5.360789116	174196.0
5.360809524	164828.0
5.360829932	160888.0
5.360843537	135974.0
5.360863946	106086.0
5.360870748	97947.0
5.360891156	76879.7
5.360911565	61883.0
5.360931973	47085.1
5.360952381	34140.5
5.360972789	23707.2
5.3610068	17971.3
5.3610136	16917.3
5.36104082	15863.5
5.36105442	15158.9
5.36107483	14864.7
5.36111565	14572.9
5.36122449	14864.7
5.3612585	16165.6
5.36129252	16749.0
5.36133333	17798.5
5.36136735	21995.9
5.36140136	27324.4
5.36144218	33503.8
5.36147619	38794.2
5.3615102	48112.4
5.36155102	55223.0
5.36158503	63643.5
5.36161905	68194.0
5.36165986	78239.8
5.36169388	90966.0
5.36172789	100223.0
5.36176871	109200.0
5.36180272	119802.0
5.36183673	128480.0
5.36187075	145653.0
5.36191157	156445.0
5.36194558	165311.0
5.36197959	175080.0
5.36202041	186905.0
5.36205442	200075.0
5.36208844	210737.0
5.36212925	225261.0
5.36216326	244074.0
5.36219728	267035.0
5.36223809	278715.0
5.36227211	299008.0
5.36230612	318456.0
5.36238095	345836.0
5.3624898	376173.0
5.36256463	397062.0
5.36263265	413447.0
5.3627415	434480.0
5.36285034	450790.0
5.36295918	464452.0
5.36306803	478475.0
5.36321088	489537.0
5.36331973	497750.0
5.36342857	504221.0
5.36353741	510767.0
5.36361224	514225.0
5.36372109	519292.0
5.36386395	522481.0
5.36404762	527620.0
5.36419048	532803.0
5.36437415	536392.0
5.36455102	538031.0
5.36484354	540003.0
5.365	540003.0
5.37	507329.0
5.370040816	505462.0
5.370122449	501439.0
5.370251701	494085.0
5.370292517	486525.0
5.370333333	481146.0
5.37037415	475524.0
5.370414966	461290.0
5.370462585	450790.0
5.370503401	442431.0
5.37052381	432308.0
5.370544218	371398.0
5.370585034	361309.0
5.37062585	337659.0
5.370639456	311653.0
5.370646259	283770.0
5.370659864	277232.0
5.370680272	261528.0
5.37070068	247585.0
5.370734694	216090.0
5.370755102	205349.0
5.37077551	193124.0
5.370789116	174196.0
5.370809524	164828.0
5.370829932	160888.0
5.370843537	135974.0
5.370863946	106086.0
5.370870748	97947.0
5.370891156	76879.7
5.370911565	61883.0
5.370931973	47085.1
5.370952381	34140.5
5.370972789	23707.2
5.3710068	17971.3
5.3710136	16917.3
5.37104082	15863.5
5.37105442	15158.9
5.37107483	14864.7
5.37111565	14572.9
5.37122449	14864.7
5.3712585	16165.6
5.37129252	16749.0
5.37133333	17798.5
5.37136735	21995.9
5.37140136	27324.4
5.37144218	33503.8
5.37147619	38794.2
5.3715102	48112.4
5.37155102	55223.0
5.37158503	63643.5
5.37161905	68194.0
5.37165986	78239.8
5.37169388	90966.0
5.37172789	100223.0
5.37176871	109200.0
5.37180272	119802.0
5.37183673	128480.0
5.37187075	145653.0
5.37191157	156445.0
5.37194558	165311.0
5.37197959	175080.0
5.37202041	186905.0
5.37205442	200075.0
5.37208844	210737.0
5.37212925	225261.0
5.37216326	244074.0
5.37219728	267035.0
5.37223809	278715.0
5.37227211	299008.0
5.37230612	318456.0
5.37238095	345836.0
5.3724898	376173.0
5.37256463	397062.0
5.37263265	413447.0
5.3727415	434480.0
5.37285034	450790.0
5.37295918	464452.0
5.37306803	478475.0
5.37321088	489537.0
5.37331973	497750.0
5.37342857	504221.0
5.37353741	510767.0
5.37361224	514225.0
5.37372109	519292.0
5.37386395	522481.0
5.37404762	527620.0
5.37419048	532803.0
5.37437415	536392.0
5.37455102	538031.0
5.37484354	540003.0
5.375	540003.0
5.38	507329.0
5.380040816	505462.0
5.380122449	501439.0
5.380251701	494085.0
5.380292517	486525.0
5.380333333	481146.0
5.38037415	475524.0
5.380414966	461290.0
5.380462585	450790.0
5.380503401	442431.0
5.38052381	432308.0
5.380544218	371398.0
5.380585034	361309.0
5.38062585	337659.0
5.380639456	311653.0
5.380646259	283770.0
5.380659864	277232.0
5.380680272	261528.0
5.38070068	247585.0
5.380734694	216090.0
5.380755102	205349.0
5.38077551	193124.0
5.380789116	174196.0
5.380809524	164828.0
5.380829932	160888.0
5.380843537	135974.0
5.380863946	106086.0
5.380870748	97947.0
5.380891156	76879.7
5.380911565	61883.0
5.380931973	47085.1
5.380952381	34140.5
5.380972789	23707.2
5.3810068	17971.3
5.3810136	16917.3
5.38104082	15863.5
5.38105442	15158.9
5.38107483	14864.7
5.38111565	14572.9
5.38122449	14864.7
5.3812585	16165.6
5.38129252	16749.0
5.38133333	17798.5
5.38136735	21995.9
5.38140136	27324.4
5.38144218	33503.8
5.38147619	38794.2
5.3815102	48112.4
5.38155102	55223.0
5.38158503	63643.5
5.38161905	68194.0
5.38165986	78239.8
5.38169388	90966.0
5.38172789	100223.0
5.38176871	109200.0
5.38180272	119802.0
5.38183673	128480.0
5.38187075	145653.0
5.38191157	156445.0
5.38194558	165311.0
5.38197959	175080.0
5.38202041	186905.0
5.38205442	200075.0
5.38208844	210737.0
5.38212925	225261.0
5.38216326	244074.0
5.38219728	267035.0
5.38223809	278715.0
5.38227211	299008.0
5.38230612	318456.0
5.38238095	345836.0
5.3824898	376173.0
5.38256463	397062.0
5.38263265	413447.0
5.3827415	434480.0
5.38285034	450790.0
5.38295918	464452.0
5.38306803	478475.0
5.38321088	489537.0
5.38331973	497750.0
5.38342857	504221.0
5.38353741	510767.0
5.38361224	514225.0
5.38372109	519292.0
5.38386395	522481.0
5.38404762	527620.0
5.38419048	532803.0
5.38437415	536392.0
5.38455102	538031.0
5.38484354	540003.0
5.385	540003.0
