0.0	507329.0
4.0816e-05	505462.0
0.000122449	501439.0
0.000251701	494085.0
0.000292517	486525.0
0.000333333	481146.0
0.00037415	475524.0
0.000414966	461290.0
0.000462585	450790.0
0.000503401	442431.0
0.00052381	432308.0
0.000544218	371398.0
0.000585034	361309.0
0.00062585	337659.0
0.000639456	311653.0
0.000646259	283770.0
0.000659864	277232.0
0.000680272	261528.0
0.00070068	247585.0
0.000734694	216090.0
0.000755102	205349.0
0.00077551	193124.0
0.000789116	174196.0
0.000809524	164828.0
0.000829932	160888.0
0.000843537	135974.0
0.000863946	106086.0
0.000870748	97947.0
0.000891156	76879.7
0.000911565	61883.0
0.000931973	47085.1
0.000952381	34140.5
0.000972789	23707.2
0.0010068	17971.3
0.0010136	16917.3
0.00104082	15863.5
0.00105442	15158.9
0.00107483	14864.7
0.00111565	14572.9
0.00122449	14864.7
0.0012585	16165.6
0.00129252	16749.0
0.00133333	17798.5
0.00136735	21995.9
0.00140136	27324.4
0.00144218	33503.8
0.00147619	38794.2
0.0015102	48112.4
0.00155102	55223.0
0.00158503	63643.5
0.00161905	68194.0
0.00165986	78239.8
0.00169388	90966.0
0.00172789	100223.0
0.00176871	109200.0
0.00180272	119802.0
0.00183673	128480.0
0.00187075	145653.0
0.00191157	156445.0
0.00194558	165311.0
0.00197959	175080.0
0.00202041	186905.0
0.00205442	200075.0
0.00208844	210737.0
0.00212925	225261.0
0.00216326	244074.0
0.00219728	267035.0
0.00223809	278715.0
0.00227211	299008.0
0.00230612	318456.0
0.00238095	345836.0
0.0024898	376173.0
0.00256463	397062.0
0.00263265	413447.0
0.0027415	434480.0
0.00285034	450790.0
0.00295918	464452.0
0.00306803	478475.0
0.00321088	489537.0
0.00331973	497750.0
0.00342857	504221.0
0.00353741	510767.0
0.00361224	514225.0
0.00372109	519292.0
0.00386395	522481.0
0.00404762	527620.0
0.00419048	532803.0
0.00437415	536392.0
0.00455102	538031.0
0.00484354	540003.0
0.005	540003.0
0.05	507329.0
0.050040816	505462.0
0.050122449	501439.0
0.050251701	494085.0
0.050292517	486525.0
0.050333333	481146.0
0.05037415	475524.0
0.050414966	461290.0
0.050462585	450790.0
0.050503401	442431.0
0.05052381	432308.0
0.050544218	371398.0
0.050585034	361309.0
0.05062585	337659.0
0.050639456	311653.0
0.050646259	283770.0
0.050659864	277232.0
0.050680272	261528.0
0.05070068	247585.0
0.050734694	216090.0
0.050755102	205349.0
0.05077551	193124.0
0.050789116	174196.0
0.050809524	164828.0
0.050829932	160888.0
0.050843537	135974.0
0.050863946	106086.0
0.050870748	97947.0
0.050891156	76879.7
0.050911565	61883.0
0.050931973	47085.1
0.050952381	34140.5
0.050972789	23707.2
0.0510068	17971.3
0.0510136	16917.3
0.05104082	15863.5
0.05105442	15158.9
0.05107483	14864.7
0.05111565	14572.9
0.05122449	14864.7
0.0512585	16165.6
0.05129252	16749.0
0.05133333	17798.5
0.05136735	21995.9
0.05140136	27324.4
0.05144218	33503.8
0.05147619	38794.2
0.0515102	48112.4
0.05155102	55223.0
0.05158503	63643.5
0.05161905	68194.0
0.05165986	78239.8
0.05169388	90966.0
0.05172789	100223.0
0.05176871	109200.0
0.05180272	119802.0
0.05183673	128480.0
0.05187075	145653.0
0.05191157	156445.0
0.05194558	165311.0
0.05197959	175080.0
0.05202041	186905.0
0.05205442	200075.0
0.05208844	210737.0
0.05212925	225261.0
0.05216326	244074.0
0.05219728	267035.0
0.05223809	278715.0
0.05227211	299008.0
0.05230612	318456.0
0.05238095	345836.0
0.0524898	376173.0
0.05256463	397062.0
0.05263265	413447.0
0.0527415	434480.0
0.05285034	450790.0
0.05295918	464452.0
0.05306803	478475.0
0.05321088	489537.0
0.05331973	497750.0
0.05342857	504221.0
0.05353741	510767.0
0.05361224	514225.0
0.05372109	519292.0
0.05386395	522481.0
0.05404762	527620.0
0.05419048	532803.0
0.05437415	536392.0
0.05455102	538031.0
0.05484354	540003.0
0.055	540003.0
0.1	507329.0
0.100040816	505462.0
0.100122449	501439.0
0.100251701	494085.0
0.100292517	486525.0
0.100333333	481146.0
0.10037415	475524.0
0.100414966	461290.0
0.100462585	450790.0
0.100503401	442431.0
0.10052381	432308.0
0.100544218	371398.0
0.100585034	361309.0
0.10062585	337659.0
0.100639456	311653.0
0.100646259	283770.0
0.100659864	277232.0
0.100680272	261528.0
0.10070068	247585.0
0.100734694	216090.0
0.100755102	205349.0
0.10077551	193124.0
0.100789116	174196.0
0.100809524	164828.0
0.100829932	160888.0
0.100843537	135974.0
0.100863946	106086.0
0.100870748	97947.0
0.100891156	76879.7
0.100911565	61883.0
0.100931973	47085.1
0.100952381	34140.5
0.100972789	23707.2
0.1010068	17971.3
0.1010136	16917.3
0.10104082	15863.5
0.10105442	15158.9
0.10107483	14864.7
0.10111565	14572.9
0.10122449	14864.7
0.1012585	16165.6
0.10129252	16749.0
0.10133333	17798.5
0.10136735	21995.9
0.10140136	27324.4
0.10144218	33503.8
0.10147619	38794.2
0.1015102	48112.4
0.10155102	55223.0
0.10158503	63643.5
0.10161905	68194.0
0.10165986	78239.8
0.10169388	90966.0
0.10172789	100223.0
0.10176871	109200.0
0.10180272	119802.0
0.10183673	128480.0
0.10187075	145653.0
0.10191157	156445.0
0.10194558	165311.0
0.10197959	175080.0
0.10202041	186905.0
0.10205442	200075.0
0.10208844	210737.0
0.10212925	225261.0
0.10216326	244074.0
0.10219728	267035.0
0.10223809	278715.0
0.10227211	299008.0
0.10230612	318456.0
0.10238095	345836.0
0.1024898	376173.0
0.10256463	397062.0
0.10263265	413447.0
0.1027415	434480.0
0.10285034	450790.0
0.10295918	464452.0
0.10306803	478475.0
0.10321088	489537.0
0.10331973	497750.0
0.10342857	504221.0
0.10353741	510767.0
0.10361224	514225.0
0.10372109	519292.0
0.10386395	522481.0
0.10404762	527620.0
0.10419048	532803.0
0.10437415	536392.0
0.10455102	538031.0
0.10484354	540003.0
0.105	540003.0
0.15	507329.0
0.150040816	505462.0
0.150122449	501439.0
0.150251701	494085.0
0.150292517	486525.0
0.150333333	481146.0
0.15037415	475524.0
0.150414966	461290.0
0.150462585	450790.0
0.150503401	442431.0
0.15052381	432308.0
0.150544218	371398.0
0.150585034	361309.0
0.15062585	337659.0
0.150639456	311653.0
0.150646259	283770.0
0.150659864	277232.0
0.150680272	261528.0
0.15070068	247585.0
0.150734694	216090.0
0.150755102	205349.0
0.15077551	193124.0
0.150789116	174196.0
0.150809524	164828.0
0.150829932	160888.0
0.150843537	135974.0
0.150863946	106086.0
0.150870748	97947.0
0.150891156	76879.7
0.150911565	61883.0
0.150931973	47085.1
0.150952381	34140.5
0.150972789	23707.2
0.1510068	17971.3
0.1510136	16917.3
0.15104082	15863.5
0.15105442	15158.9
0.15107483	14864.7
0.15111565	14572.9
0.15122449	14864.7
0.1512585	16165.6
0.15129252	16749.0
0.15133333	17798.5
0.15136735	21995.9
0.15140136	27324.4
0.15144218	33503.8
0.15147619	38794.2
0.1515102	48112.4
0.15155102	55223.0
0.15158503	63643.5
0.15161905	68194.0
0.15165986	78239.8
0.15169388	90966.0
0.15172789	100223.0
0.15176871	109200.0
0.15180272	119802.0
0.15183673	128480.0
0.15187075	145653.0
0.15191157	156445.0
0.15194558	165311.0
0.15197959	175080.0
0.15202041	186905.0
0.15205442	200075.0
0.15208844	210737.0
0.15212925	225261.0
0.15216326	244074.0
0.15219728	267035.0
0.15223809	278715.0
0.15227211	299008.0
0.15230612	318456.0
0.15238095	345836.0
0.1524898	376173.0
0.15256463	397062.0
0.15263265	413447.0
0.1527415	434480.0
0.15285034	450790.0
0.15295918	464452.0
0.15306803	478475.0
0.15321088	489537.0
0.15331973	497750.0
0.15342857	504221.0
0.15353741	510767.0
0.15361224	514225.0
0.15372109	519292.0
0.15386395	522481.0
0.15404762	527620.0
0.15419048	532803.0
0.15437415	536392.0
0.15455102	538031.0
0.15484354	540003.0
0.155	540003.0
0.2	507329.0
0.200040816	505462.0
0.200122449	501439.0
0.200251701	494085.0
0.200292517	486525.0
0.200333333	481146.0
0.20037415	475524.0
0.200414966	461290.0
0.200462585	450790.0
0.200503401	442431.0
0.20052381	432308.0
0.200544218	371398.0
0.200585034	361309.0
0.20062585	337659.0
0.200639456	311653.0
0.200646259	283770.0
0.200659864	277232.0
0.200680272	261528.0
0.20070068	247585.0
0.200734694	216090.0
0.200755102	205349.0
0.20077551	193124.0
0.200789116	174196.0
0.200809524	164828.0
0.200829932	160888.0
0.200843537	135974.0
0.200863946	106086.0
0.200870748	97947.0
0.200891156	76879.7
0.200911565	61883.0
0.200931973	47085.1
0.200952381	34140.5
0.200972789	23707.2
0.2010068	17971.3
0.2010136	16917.3
0.20104082	15863.5
0.20105442	15158.9
0.20107483	14864.7
0.20111565	14572.9
0.20122449	14864.7
0.2012585	16165.6
0.20129252	16749.0
0.20133333	17798.5
0.20136735	21995.9
0.20140136	27324.4
0.20144218	33503.8
0.20147619	38794.2
0.2015102	48112.4
0.20155102	55223.0
0.20158503	63643.5
0.20161905	68194.0
0.20165986	78239.8
0.20169388	90966.0
0.20172789	100223.0
0.20176871	109200.0
0.20180272	119802.0
0.20183673	128480.0
0.20187075	145653.0
0.20191157	156445.0
0.20194558	165311.0
0.20197959	175080.0
0.20202041	186905.0
0.20205442	200075.0
0.20208844	210737.0
0.20212925	225261.0
0.20216326	244074.0
0.20219728	267035.0
0.20223809	278715.0
0.20227211	299008.0
0.20230612	318456.0
0.20238095	345836.0
0.2024898	376173.0
0.20256463	397062.0
0.20263265	413447.0
0.2027415	434480.0
0.20285034	450790.0
0.20295918	464452.0
0.20306803	478475.0
0.20321088	489537.0
0.20331973	497750.0
0.20342857	504221.0
0.20353741	510767.0
0.20361224	514225.0
0.20372109	519292.0
0.20386395	522481.0
0.20404762	527620.0
0.20419048	532803.0
0.20437415	536392.0
0.20455102	538031.0
0.20484354	540003.0
0.205	540003.0
0.25	507329.0
0.250040816	505462.0
0.250122449	501439.0
0.250251701	494085.0
0.250292517	486525.0
0.250333333	481146.0
0.25037415	475524.0
0.250414966	461290.0
0.250462585	450790.0
0.250503401	442431.0
0.25052381	432308.0
0.250544218	371398.0
0.250585034	361309.0
0.25062585	337659.0
0.250639456	311653.0
0.250646259	283770.0
0.250659864	277232.0
0.250680272	261528.0
0.25070068	247585.0
0.250734694	216090.0
0.250755102	205349.0
0.25077551	193124.0
0.250789116	174196.0
0.250809524	164828.0
0.250829932	160888.0
0.250843537	135974.0
0.250863946	106086.0
0.250870748	97947.0
0.250891156	76879.7
0.250911565	61883.0
0.250931973	47085.1
0.250952381	34140.5
0.250972789	23707.2
0.2510068	17971.3
0.2510136	16917.3
0.25104082	15863.5
0.25105442	15158.9
0.25107483	14864.7
0.25111565	14572.9
0.25122449	14864.7
0.2512585	16165.6
0.25129252	16749.0
0.25133333	17798.5
0.25136735	21995.9
0.25140136	27324.4
0.25144218	33503.8
0.25147619	38794.2
0.2515102	48112.4
0.25155102	55223.0
0.25158503	63643.5
0.25161905	68194.0
0.25165986	78239.8
0.25169388	90966.0
0.25172789	100223.0
0.25176871	109200.0
0.25180272	119802.0
0.25183673	128480.0
0.25187075	145653.0
0.25191157	156445.0
0.25194558	165311.0
0.25197959	175080.0
0.25202041	186905.0
0.25205442	200075.0
0.25208844	210737.0
0.25212925	225261.0
0.25216326	244074.0
0.25219728	267035.0
0.25223809	278715.0
0.25227211	299008.0
0.25230612	318456.0
0.25238095	345836.0
0.2524898	376173.0
0.25256463	397062.0
0.25263265	413447.0
0.2527415	434480.0
0.25285034	450790.0
0.25295918	464452.0
0.25306803	478475.0
0.25321088	489537.0
0.25331973	497750.0
0.25342857	504221.0
0.25353741	510767.0
0.25361224	514225.0
0.25372109	519292.0
0.25386395	522481.0
0.25404762	527620.0
0.25419048	532803.0
0.25437415	536392.0
0.25455102	538031.0
0.25484354	540003.0
0.255	540003.0
0.3	507329.0
0.300040816	505462.0
0.300122449	501439.0
0.300251701	494085.0
0.300292517	486525.0
0.300333333	481146.0
0.30037415	475524.0
0.300414966	461290.0
0.300462585	450790.0
0.300503401	442431.0
0.30052381	432308.0
0.300544218	371398.0
0.300585034	361309.0
0.30062585	337659.0
0.300639456	311653.0
0.300646259	283770.0
0.300659864	277232.0
0.300680272	261528.0
0.30070068	247585.0
0.300734694	216090.0
0.300755102	205349.0
0.30077551	193124.0
0.300789116	174196.0
0.300809524	164828.0
0.300829932	160888.0
0.300843537	135974.0
0.300863946	106086.0
0.300870748	97947.0
0.300891156	76879.7
0.300911565	61883.0
0.300931973	47085.1
0.300952381	34140.5
0.300972789	23707.2
0.3010068	17971.3
0.3010136	16917.3
0.30104082	15863.5
0.30105442	15158.9
0.30107483	14864.7
0.30111565	14572.9
0.30122449	14864.7
0.3012585	16165.6
0.30129252	16749.0
0.30133333	17798.5
0.30136735	21995.9
0.30140136	27324.4
0.30144218	33503.8
0.30147619	38794.2
0.3015102	48112.4
0.30155102	55223.0
0.30158503	63643.5
0.30161905	68194.0
0.30165986	78239.8
0.30169388	90966.0
0.30172789	100223.0
0.30176871	109200.0
0.30180272	119802.0
0.30183673	128480.0
0.30187075	145653.0
0.30191157	156445.0
0.30194558	165311.0
0.30197959	175080.0
0.30202041	186905.0
0.30205442	200075.0
0.30208844	210737.0
0.30212925	225261.0
0.30216326	244074.0
0.30219728	267035.0
0.30223809	278715.0
0.30227211	299008.0
0.30230612	318456.0
0.30238095	345836.0
0.3024898	376173.0
0.30256463	397062.0
0.30263265	413447.0
0.3027415	434480.0
0.30285034	450790.0
0.30295918	464452.0
0.30306803	478475.0
0.30321088	489537.0
0.30331973	497750.0
0.30342857	504221.0
0.30353741	510767.0
0.30361224	514225.0
0.30372109	519292.0
0.30386395	522481.0
0.30404762	527620.0
0.30419048	532803.0
0.30437415	536392.0
0.30455102	538031.0
0.30484354	540003.0
0.305	540003.0
0.35	507329.0
0.350040816	505462.0
0.350122449	501439.0
0.350251701	494085.0
0.350292517	486525.0
0.350333333	481146.0
0.35037415	475524.0
0.350414966	461290.0
0.350462585	450790.0
0.350503401	442431.0
0.35052381	432308.0
0.350544218	371398.0
0.350585034	361309.0
0.35062585	337659.0
0.350639456	311653.0
0.350646259	283770.0
0.350659864	277232.0
0.350680272	261528.0
0.35070068	247585.0
0.350734694	216090.0
0.350755102	205349.0
0.35077551	193124.0
0.350789116	174196.0
0.350809524	164828.0
0.350829932	160888.0
0.350843537	135974.0
0.350863946	106086.0
0.350870748	97947.0
0.350891156	76879.7
0.350911565	61883.0
0.350931973	47085.1
0.350952381	34140.5
0.350972789	23707.2
0.3510068	17971.3
0.3510136	16917.3
0.35104082	15863.5
0.35105442	15158.9
0.35107483	14864.7
0.35111565	14572.9
0.35122449	14864.7
0.3512585	16165.6
0.35129252	16749.0
0.35133333	17798.5
0.35136735	21995.9
0.35140136	27324.4
0.35144218	33503.8
0.35147619	38794.2
0.3515102	48112.4
0.35155102	55223.0
0.35158503	63643.5
0.35161905	68194.0
0.35165986	78239.8
0.35169388	90966.0
0.35172789	100223.0
0.35176871	109200.0
0.35180272	119802.0
0.35183673	128480.0
0.35187075	145653.0
0.35191157	156445.0
0.35194558	165311.0
0.35197959	175080.0
0.35202041	186905.0
0.35205442	200075.0
0.35208844	210737.0
0.35212925	225261.0
0.35216326	244074.0
0.35219728	267035.0
0.35223809	278715.0
0.35227211	299008.0
0.35230612	318456.0
0.35238095	345836.0
0.3524898	376173.0
0.35256463	397062.0
0.35263265	413447.0
0.3527415	434480.0
0.35285034	450790.0
0.35295918	464452.0
0.35306803	478475.0
0.35321088	489537.0
0.35331973	497750.0
0.35342857	504221.0
0.35353741	510767.0
0.35361224	514225.0
0.35372109	519292.0
0.35386395	522481.0
0.35404762	527620.0
0.35419048	532803.0
0.35437415	536392.0
0.35455102	538031.0
0.35484354	540003.0
0.355	540003.0
0.4	507329.0
0.400040816	505462.0
0.400122449	501439.0
0.400251701	494085.0
0.400292517	486525.0
0.400333333	481146.0
0.40037415	475524.0
0.400414966	461290.0
0.400462585	450790.0
0.400503401	442431.0
0.40052381	432308.0
0.400544218	371398.0
0.400585034	361309.0
0.40062585	337659.0
0.400639456	311653.0
0.400646259	283770.0
0.400659864	277232.0
0.400680272	261528.0
0.40070068	247585.0
0.400734694	216090.0
0.400755102	205349.0
0.40077551	193124.0
0.400789116	174196.0
0.400809524	164828.0
0.400829932	160888.0
0.400843537	135974.0
0.400863946	106086.0
0.400870748	97947.0
0.400891156	76879.7
0.400911565	61883.0
0.400931973	47085.1
0.400952381	34140.5
0.400972789	23707.2
0.4010068	17971.3
0.4010136	16917.3
0.40104082	15863.5
0.40105442	15158.9
0.40107483	14864.7
0.40111565	14572.9
0.40122449	14864.7
0.4012585	16165.6
0.40129252	16749.0
0.40133333	17798.5
0.40136735	21995.9
0.40140136	27324.4
0.40144218	33503.8
0.40147619	38794.2
0.4015102	48112.4
0.40155102	55223.0
0.40158503	63643.5
0.40161905	68194.0
0.40165986	78239.8
0.40169388	90966.0
0.40172789	100223.0
0.40176871	109200.0
0.40180272	119802.0
0.40183673	128480.0
0.40187075	145653.0
0.40191157	156445.0
0.40194558	165311.0
0.40197959	175080.0
0.40202041	186905.0
0.40205442	200075.0
0.40208844	210737.0
0.40212925	225261.0
0.40216326	244074.0
0.40219728	267035.0
0.40223809	278715.0
0.40227211	299008.0
0.40230612	318456.0
0.40238095	345836.0
0.4024898	376173.0
0.40256463	397062.0
0.40263265	413447.0
0.4027415	434480.0
0.40285034	450790.0
0.40295918	464452.0
0.40306803	478475.0
0.40321088	489537.0
0.40331973	497750.0
0.40342857	504221.0
0.40353741	510767.0
0.40361224	514225.0
0.40372109	519292.0
0.40386395	522481.0
0.40404762	527620.0
0.40419048	532803.0
0.40437415	536392.0
0.40455102	538031.0
0.40484354	540003.0
0.405	540003.0
0.45	507329.0
0.450040816	505462.0
0.450122449	501439.0
0.450251701	494085.0
0.450292517	486525.0
0.450333333	481146.0
0.45037415	475524.0
0.450414966	461290.0
0.450462585	450790.0
0.450503401	442431.0
0.45052381	432308.0
0.450544218	371398.0
0.450585034	361309.0
0.45062585	337659.0
0.450639456	311653.0
0.450646259	283770.0
0.450659864	277232.0
0.450680272	261528.0
0.45070068	247585.0
0.450734694	216090.0
0.450755102	205349.0
0.45077551	193124.0
0.450789116	174196.0
0.450809524	164828.0
0.450829932	160888.0
0.450843537	135974.0
0.450863946	106086.0
0.450870748	97947.0
0.450891156	76879.7
0.450911565	61883.0
0.450931973	47085.1
0.450952381	34140.5
0.450972789	23707.2
0.4510068	17971.3
0.4510136	16917.3
0.45104082	15863.5
0.45105442	15158.9
0.45107483	14864.7
0.45111565	14572.9
0.45122449	14864.7
0.4512585	16165.6
0.45129252	16749.0
0.45133333	17798.5
0.45136735	21995.9
0.45140136	27324.4
0.45144218	33503.8
0.45147619	38794.2
0.4515102	48112.4
0.45155102	55223.0
0.45158503	63643.5
0.45161905	68194.0
0.45165986	78239.8
0.45169388	90966.0
0.45172789	100223.0
0.45176871	109200.0
0.45180272	119802.0
0.45183673	128480.0
0.45187075	145653.0
0.45191157	156445.0
0.45194558	165311.0
0.45197959	175080.0
0.45202041	186905.0
0.45205442	200075.0
0.45208844	210737.0
0.45212925	225261.0
0.45216326	244074.0
0.45219728	267035.0
0.45223809	278715.0
0.45227211	299008.0
0.45230612	318456.0
0.45238095	345836.0
0.4524898	376173.0
0.45256463	397062.0
0.45263265	413447.0
0.4527415	434480.0
0.45285034	450790.0
0.45295918	464452.0
0.45306803	478475.0
0.45321088	489537.0
0.45331973	497750.0
0.45342857	504221.0
0.45353741	510767.0
0.45361224	514225.0
0.45372109	519292.0
0.45386395	522481.0
0.45404762	527620.0
0.45419048	532803.0
0.45437415	536392.0
0.45455102	538031.0
0.45484354	540003.0
0.455	540003.0
0.5	507329.0
0.500040816	505462.0
0.500122449	501439.0
0.500251701	494085.0
0.500292517	486525.0
0.500333333	481146.0
0.50037415	475524.0
0.500414966	461290.0
0.500462585	450790.0
0.500503401	442431.0
0.50052381	432308.0
0.500544218	371398.0
0.500585034	361309.0
0.50062585	337659.0
0.500639456	311653.0
0.500646259	283770.0
0.500659864	277232.0
0.500680272	261528.0
0.50070068	247585.0
0.500734694	216090.0
0.500755102	205349.0
0.50077551	193124.0
0.500789116	174196.0
0.500809524	164828.0
0.500829932	160888.0
0.500843537	135974.0
0.500863946	106086.0
0.500870748	97947.0
0.500891156	76879.7
0.500911565	61883.0
0.500931973	47085.1
0.500952381	34140.5
0.500972789	23707.2
0.5010068	17971.3
0.5010136	16917.3
0.50104082	15863.5
0.50105442	15158.9
0.50107483	14864.7
0.50111565	14572.9
0.50122449	14864.7
0.5012585	16165.6
0.50129252	16749.0
0.50133333	17798.5
0.50136735	21995.9
0.50140136	27324.4
0.50144218	33503.8
0.50147619	38794.2
0.5015102	48112.4
0.50155102	55223.0
0.50158503	63643.5
0.50161905	68194.0
0.50165986	78239.8
0.50169388	90966.0
0.50172789	100223.0
0.50176871	109200.0
0.50180272	119802.0
0.50183673	128480.0
0.50187075	145653.0
0.50191157	156445.0
0.50194558	165311.0
0.50197959	175080.0
0.50202041	186905.0
0.50205442	200075.0
0.50208844	210737.0
0.50212925	225261.0
0.50216326	244074.0
0.50219728	267035.0
0.50223809	278715.0
0.50227211	299008.0
0.50230612	318456.0
0.50238095	345836.0
0.5024898	376173.0
0.50256463	397062.0
0.50263265	413447.0
0.5027415	434480.0
0.50285034	450790.0
0.50295918	464452.0
0.50306803	478475.0
0.50321088	489537.0
0.50331973	497750.0
0.50342857	504221.0
0.50353741	510767.0
0.50361224	514225.0
0.50372109	519292.0
0.50386395	522481.0
0.50404762	527620.0
0.50419048	532803.0
0.50437415	536392.0
0.50455102	538031.0
0.50484354	540003.0
0.505	540003.0
0.55	507329.0
0.550040816	505462.0
0.550122449	501439.0
0.550251701	494085.0
0.550292517	486525.0
0.550333333	481146.0
0.55037415	475524.0
0.550414966	461290.0
0.550462585	450790.0
0.550503401	442431.0
0.55052381	432308.0
0.550544218	371398.0
0.550585034	361309.0
0.55062585	337659.0
0.550639456	311653.0
0.550646259	283770.0
0.550659864	277232.0
0.550680272	261528.0
0.55070068	247585.0
0.550734694	216090.0
0.550755102	205349.0
0.55077551	193124.0
0.550789116	174196.0
0.550809524	164828.0
0.550829932	160888.0
0.550843537	135974.0
0.550863946	106086.0
0.550870748	97947.0
0.550891156	76879.7
0.550911565	61883.0
0.550931973	47085.1
0.550952381	34140.5
0.550972789	23707.2
0.5510068	17971.3
0.5510136	16917.3
0.55104082	15863.5
0.55105442	15158.9
0.55107483	14864.7
0.55111565	14572.9
0.55122449	14864.7
0.5512585	16165.6
0.55129252	16749.0
0.55133333	17798.5
0.55136735	21995.9
0.55140136	27324.4
0.55144218	33503.8
0.55147619	38794.2
0.5515102	48112.4
0.55155102	55223.0
0.55158503	63643.5
0.55161905	68194.0
0.55165986	78239.8
0.55169388	90966.0
0.55172789	100223.0
0.55176871	109200.0
0.55180272	119802.0
0.55183673	128480.0
0.55187075	145653.0
0.55191157	156445.0
0.55194558	165311.0
0.55197959	175080.0
0.55202041	186905.0
0.55205442	200075.0
0.55208844	210737.0
0.55212925	225261.0
0.55216326	244074.0
0.55219728	267035.0
0.55223809	278715.0
0.55227211	299008.0
0.55230612	318456.0
0.55238095	345836.0
0.5524898	376173.0
0.55256463	397062.0
0.55263265	413447.0
0.5527415	434480.0
0.55285034	450790.0
0.55295918	464452.0
0.55306803	478475.0
0.55321088	489537.0
0.55331973	497750.0
0.55342857	504221.0
0.55353741	510767.0
0.55361224	514225.0
0.55372109	519292.0
0.55386395	522481.0
0.55404762	527620.0
0.55419048	532803.0
0.55437415	536392.0
0.55455102	538031.0
0.55484354	540003.0
0.555	540003.0
0.6	507329.0
0.600040816	505462.0
0.600122449	501439.0
0.600251701	494085.0
0.600292517	486525.0
0.600333333	481146.0
0.60037415	475524.0
0.600414966	461290.0
0.600462585	450790.0
0.600503401	442431.0
0.60052381	432308.0
0.600544218	371398.0
0.600585034	361309.0
0.60062585	337659.0
0.600639456	311653.0
0.600646259	283770.0
0.600659864	277232.0
0.600680272	261528.0
0.60070068	247585.0
0.600734694	216090.0
0.600755102	205349.0
0.60077551	193124.0
0.600789116	174196.0
0.600809524	164828.0
0.600829932	160888.0
0.600843537	135974.0
0.600863946	106086.0
0.600870748	97947.0
0.600891156	76879.7
0.600911565	61883.0
0.600931973	47085.1
0.600952381	34140.5
0.600972789	23707.2
0.6010068	17971.3
0.6010136	16917.3
0.60104082	15863.5
0.60105442	15158.9
0.60107483	14864.7
0.60111565	14572.9
0.60122449	14864.7
0.6012585	16165.6
0.60129252	16749.0
0.60133333	17798.5
0.60136735	21995.9
0.60140136	27324.4
0.60144218	33503.8
0.60147619	38794.2
0.6015102	48112.4
0.60155102	55223.0
0.60158503	63643.5
0.60161905	68194.0
0.60165986	78239.8
0.60169388	90966.0
0.60172789	100223.0
0.60176871	109200.0
0.60180272	119802.0
0.60183673	128480.0
0.60187075	145653.0
0.60191157	156445.0
0.60194558	165311.0
0.60197959	175080.0
0.60202041	186905.0
0.60205442	200075.0
0.60208844	210737.0
0.60212925	225261.0
0.60216326	244074.0
0.60219728	267035.0
0.60223809	278715.0
0.60227211	299008.0
0.60230612	318456.0
0.60238095	345836.0
0.6024898	376173.0
0.60256463	397062.0
0.60263265	413447.0
0.6027415	434480.0
0.60285034	450790.0
0.60295918	464452.0
0.60306803	478475.0
0.60321088	489537.0
0.60331973	497750.0
0.60342857	504221.0
0.60353741	510767.0
0.60361224	514225.0
0.60372109	519292.0
0.60386395	522481.0
0.60404762	527620.0
0.60419048	532803.0
0.60437415	536392.0
0.60455102	538031.0
0.60484354	540003.0
0.605	540003.0
0.65	507329.0
0.650040816	505462.0
0.650122449	501439.0
0.650251701	494085.0
0.650292517	486525.0
0.650333333	481146.0
0.65037415	475524.0
0.650414966	461290.0
0.650462585	450790.0
0.650503401	442431.0
0.65052381	432308.0
0.650544218	371398.0
0.650585034	361309.0
0.65062585	337659.0
0.650639456	311653.0
0.650646259	283770.0
0.650659864	277232.0
0.650680272	261528.0
0.65070068	247585.0
0.650734694	216090.0
0.650755102	205349.0
0.65077551	193124.0
0.650789116	174196.0
0.650809524	164828.0
0.650829932	160888.0
0.650843537	135974.0
0.650863946	106086.0
0.650870748	97947.0
0.650891156	76879.7
0.650911565	61883.0
0.650931973	47085.1
0.650952381	34140.5
0.650972789	23707.2
0.6510068	17971.3
0.6510136	16917.3
0.65104082	15863.5
0.65105442	15158.9
0.65107483	14864.7
0.65111565	14572.9
0.65122449	14864.7
0.6512585	16165.6
0.65129252	16749.0
0.65133333	17798.5
0.65136735	21995.9
0.65140136	27324.4
0.65144218	33503.8
0.65147619	38794.2
0.6515102	48112.4
0.65155102	55223.0
0.65158503	63643.5
0.65161905	68194.0
0.65165986	78239.8
0.65169388	90966.0
0.65172789	100223.0
0.65176871	109200.0
0.65180272	119802.0
0.65183673	128480.0
0.65187075	145653.0
0.65191157	156445.0
0.65194558	165311.0
0.65197959	175080.0
0.65202041	186905.0
0.65205442	200075.0
0.65208844	210737.0
0.65212925	225261.0
0.65216326	244074.0
0.65219728	267035.0
0.65223809	278715.0
0.65227211	299008.0
0.65230612	318456.0
0.65238095	345836.0
0.6524898	376173.0
0.65256463	397062.0
0.65263265	413447.0
0.6527415	434480.0
0.65285034	450790.0
0.65295918	464452.0
0.65306803	478475.0
0.65321088	489537.0
0.65331973	497750.0
0.65342857	504221.0
0.65353741	510767.0
0.65361224	514225.0
0.65372109	519292.0
0.65386395	522481.0
0.65404762	527620.0
0.65419048	532803.0
0.65437415	536392.0
0.65455102	538031.0
0.65484354	540003.0
0.655	540003.0
0.7	507329.0
0.700040816	505462.0
0.700122449	501439.0
0.700251701	494085.0
0.700292517	486525.0
0.700333333	481146.0
0.70037415	475524.0
0.700414966	461290.0
0.700462585	450790.0
0.700503401	442431.0
0.70052381	432308.0
0.700544218	371398.0
0.700585034	361309.0
0.70062585	337659.0
0.700639456	311653.0
0.700646259	283770.0
0.700659864	277232.0
0.700680272	261528.0
0.70070068	247585.0
0.700734694	216090.0
0.700755102	205349.0
0.70077551	193124.0
0.700789116	174196.0
0.700809524	164828.0
0.700829932	160888.0
0.700843537	135974.0
0.700863946	106086.0
0.700870748	97947.0
0.700891156	76879.7
0.700911565	61883.0
0.700931973	47085.1
0.700952381	34140.5
0.700972789	23707.2
0.7010068	17971.3
0.7010136	16917.3
0.70104082	15863.5
0.70105442	15158.9
0.70107483	14864.7
0.70111565	14572.9
0.70122449	14864.7
0.7012585	16165.6
0.70129252	16749.0
0.70133333	17798.5
0.70136735	21995.9
0.70140136	27324.4
0.70144218	33503.8
0.70147619	38794.2
0.7015102	48112.4
0.70155102	55223.0
0.70158503	63643.5
0.70161905	68194.0
0.70165986	78239.8
0.70169388	90966.0
0.70172789	100223.0
0.70176871	109200.0
0.70180272	119802.0
0.70183673	128480.0
0.70187075	145653.0
0.70191157	156445.0
0.70194558	165311.0
0.70197959	175080.0
0.70202041	186905.0
0.70205442	200075.0
0.70208844	210737.0
0.70212925	225261.0
0.70216326	244074.0
0.70219728	267035.0
0.70223809	278715.0
0.70227211	299008.0
0.70230612	318456.0
0.70238095	345836.0
0.7024898	376173.0
0.70256463	397062.0
0.70263265	413447.0
0.7027415	434480.0
0.70285034	450790.0
0.70295918	464452.0
0.70306803	478475.0
0.70321088	489537.0
0.70331973	497750.0
0.70342857	504221.0
0.70353741	510767.0
0.70361224	514225.0
0.70372109	519292.0
0.70386395	522481.0
0.70404762	527620.0
0.70419048	532803.0
0.70437415	536392.0
0.70455102	538031.0
0.70484354	540003.0
0.705	540003.0
0.75	507329.0
0.750040816	505462.0
0.750122449	501439.0
0.750251701	494085.0
0.750292517	486525.0
0.750333333	481146.0
0.75037415	475524.0
0.750414966	461290.0
0.750462585	450790.0
0.750503401	442431.0
0.75052381	432308.0
0.750544218	371398.0
0.750585034	361309.0
0.75062585	337659.0
0.750639456	311653.0
0.750646259	283770.0
0.750659864	277232.0
0.750680272	261528.0
0.75070068	247585.0
0.750734694	216090.0
0.750755102	205349.0
0.75077551	193124.0
0.750789116	174196.0
0.750809524	164828.0
0.750829932	160888.0
0.750843537	135974.0
0.750863946	106086.0
0.750870748	97947.0
0.750891156	76879.7
0.750911565	61883.0
0.750931973	47085.1
0.750952381	34140.5
0.750972789	23707.2
0.7510068	17971.3
0.7510136	16917.3
0.75104082	15863.5
0.75105442	15158.9
0.75107483	14864.7
0.75111565	14572.9
0.75122449	14864.7
0.7512585	16165.6
0.75129252	16749.0
0.75133333	17798.5
0.75136735	21995.9
0.75140136	27324.4
0.75144218	33503.8
0.75147619	38794.2
0.7515102	48112.4
0.75155102	55223.0
0.75158503	63643.5
0.75161905	68194.0
0.75165986	78239.8
0.75169388	90966.0
0.75172789	100223.0
0.75176871	109200.0
0.75180272	119802.0
0.75183673	128480.0
0.75187075	145653.0
0.75191157	156445.0
0.75194558	165311.0
0.75197959	175080.0
0.75202041	186905.0
0.75205442	200075.0
0.75208844	210737.0
0.75212925	225261.0
0.75216326	244074.0
0.75219728	267035.0
0.75223809	278715.0
0.75227211	299008.0
0.75230612	318456.0
0.75238095	345836.0
0.7524898	376173.0
0.75256463	397062.0
0.75263265	413447.0
0.7527415	434480.0
0.75285034	450790.0
0.75295918	464452.0
0.75306803	478475.0
0.75321088	489537.0
0.75331973	497750.0
0.75342857	504221.0
0.75353741	510767.0
0.75361224	514225.0
0.75372109	519292.0
0.75386395	522481.0
0.75404762	527620.0
0.75419048	532803.0
0.75437415	536392.0
0.75455102	538031.0
0.75484354	540003.0
0.755	540003.0
0.8	507329.0
0.800040816	505462.0
0.800122449	501439.0
0.800251701	494085.0
0.800292517	486525.0
0.800333333	481146.0
0.80037415	475524.0
0.800414966	461290.0
0.800462585	450790.0
0.800503401	442431.0
0.80052381	432308.0
0.800544218	371398.0
0.800585034	361309.0
0.80062585	337659.0
0.800639456	311653.0
0.800646259	283770.0
0.800659864	277232.0
0.800680272	261528.0
0.80070068	247585.0
0.800734694	216090.0
0.800755102	205349.0
0.80077551	193124.0
0.800789116	174196.0
0.800809524	164828.0
0.800829932	160888.0
0.800843537	135974.0
0.800863946	106086.0
0.800870748	97947.0
0.800891156	76879.7
0.800911565	61883.0
0.800931973	47085.1
0.800952381	34140.5
0.800972789	23707.2
0.8010068	17971.3
0.8010136	16917.3
0.80104082	15863.5
0.80105442	15158.9
0.80107483	14864.7
0.80111565	14572.9
0.80122449	14864.7
0.8012585	16165.6
0.80129252	16749.0
0.80133333	17798.5
0.80136735	21995.9
0.80140136	27324.4
0.80144218	33503.8
0.80147619	38794.2
0.8015102	48112.4
0.80155102	55223.0
0.80158503	63643.5
0.80161905	68194.0
0.80165986	78239.8
0.80169388	90966.0
0.80172789	100223.0
0.80176871	109200.0
0.80180272	119802.0
0.80183673	128480.0
0.80187075	145653.0
0.80191157	156445.0
0.80194558	165311.0
0.80197959	175080.0
0.80202041	186905.0
0.80205442	200075.0
0.80208844	210737.0
0.80212925	225261.0
0.80216326	244074.0
0.80219728	267035.0
0.80223809	278715.0
0.80227211	299008.0
0.80230612	318456.0
0.80238095	345836.0
0.8024898	376173.0
0.80256463	397062.0
0.80263265	413447.0
0.8027415	434480.0
0.80285034	450790.0
0.80295918	464452.0
0.80306803	478475.0
0.80321088	489537.0
0.80331973	497750.0
0.80342857	504221.0
0.80353741	510767.0
0.80361224	514225.0
0.80372109	519292.0
0.80386395	522481.0
0.80404762	527620.0
0.80419048	532803.0
0.80437415	536392.0
0.80455102	538031.0
0.80484354	540003.0
0.805	540003.0
0.85	507329.0
0.850040816	505462.0
0.850122449	501439.0
0.850251701	494085.0
0.850292517	486525.0
0.850333333	481146.0
0.85037415	475524.0
0.850414966	461290.0
0.850462585	450790.0
0.850503401	442431.0
0.85052381	432308.0
0.850544218	371398.0
0.850585034	361309.0
0.85062585	337659.0
0.850639456	311653.0
0.850646259	283770.0
0.850659864	277232.0
0.850680272	261528.0
0.85070068	247585.0
0.850734694	216090.0
0.850755102	205349.0
0.85077551	193124.0
0.850789116	174196.0
0.850809524	164828.0
0.850829932	160888.0
0.850843537	135974.0
0.850863946	106086.0
0.850870748	97947.0
0.850891156	76879.7
0.850911565	61883.0
0.850931973	47085.1
0.850952381	34140.5
0.850972789	23707.2
0.8510068	17971.3
0.8510136	16917.3
0.85104082	15863.5
0.85105442	15158.9
0.85107483	14864.7
0.85111565	14572.9
0.85122449	14864.7
0.8512585	16165.6
0.85129252	16749.0
0.85133333	17798.5
0.85136735	21995.9
0.85140136	27324.4
0.85144218	33503.8
0.85147619	38794.2
0.8515102	48112.4
0.85155102	55223.0
0.85158503	63643.5
0.85161905	68194.0
0.85165986	78239.8
0.85169388	90966.0
0.85172789	100223.0
0.85176871	109200.0
0.85180272	119802.0
0.85183673	128480.0
0.85187075	145653.0
0.85191157	156445.0
0.85194558	165311.0
0.85197959	175080.0
0.85202041	186905.0
0.85205442	200075.0
0.85208844	210737.0
0.85212925	225261.0
0.85216326	244074.0
0.85219728	267035.0
0.85223809	278715.0
0.85227211	299008.0
0.85230612	318456.0
0.85238095	345836.0
0.8524898	376173.0
0.85256463	397062.0
0.85263265	413447.0
0.8527415	434480.0
0.85285034	450790.0
0.85295918	464452.0
0.85306803	478475.0
0.85321088	489537.0
0.85331973	497750.0
0.85342857	504221.0
0.85353741	510767.0
0.85361224	514225.0
0.85372109	519292.0
0.85386395	522481.0
0.85404762	527620.0
0.85419048	532803.0
0.85437415	536392.0
0.85455102	538031.0
0.85484354	540003.0
0.855	540003.0
0.9	507329.0
0.900040816	505462.0
0.900122449	501439.0
0.900251701	494085.0
0.900292517	486525.0
0.900333333	481146.0
0.90037415	475524.0
0.900414966	461290.0
0.900462585	450790.0
0.900503401	442431.0
0.90052381	432308.0
0.900544218	371398.0
0.900585034	361309.0
0.90062585	337659.0
0.900639456	311653.0
0.900646259	283770.0
0.900659864	277232.0
0.900680272	261528.0
0.90070068	247585.0
0.900734694	216090.0
0.900755102	205349.0
0.90077551	193124.0
0.900789116	174196.0
0.900809524	164828.0
0.900829932	160888.0
0.900843537	135974.0
0.900863946	106086.0
0.900870748	97947.0
0.900891156	76879.7
0.900911565	61883.0
0.900931973	47085.1
0.900952381	34140.5
0.900972789	23707.2
0.9010068	17971.3
0.9010136	16917.3
0.90104082	15863.5
0.90105442	15158.9
0.90107483	14864.7
0.90111565	14572.9
0.90122449	14864.7
0.9012585	16165.6
0.90129252	16749.0
0.90133333	17798.5
0.90136735	21995.9
0.90140136	27324.4
0.90144218	33503.8
0.90147619	38794.2
0.9015102	48112.4
0.90155102	55223.0
0.90158503	63643.5
0.90161905	68194.0
0.90165986	78239.8
0.90169388	90966.0
0.90172789	100223.0
0.90176871	109200.0
0.90180272	119802.0
0.90183673	128480.0
0.90187075	145653.0
0.90191157	156445.0
0.90194558	165311.0
0.90197959	175080.0
0.90202041	186905.0
0.90205442	200075.0
0.90208844	210737.0
0.90212925	225261.0
0.90216326	244074.0
0.90219728	267035.0
0.90223809	278715.0
0.90227211	299008.0
0.90230612	318456.0
0.90238095	345836.0
0.9024898	376173.0
0.90256463	397062.0
0.90263265	413447.0
0.9027415	434480.0
0.90285034	450790.0
0.90295918	464452.0
0.90306803	478475.0
0.90321088	489537.0
0.90331973	497750.0
0.90342857	504221.0
0.90353741	510767.0
0.90361224	514225.0
0.90372109	519292.0
0.90386395	522481.0
0.90404762	527620.0
0.90419048	532803.0
0.90437415	536392.0
0.90455102	538031.0
0.90484354	540003.0
0.905	540003.0
0.95	507329.0
0.950040816	505462.0
0.950122449	501439.0
0.950251701	494085.0
0.950292517	486525.0
0.950333333	481146.0
0.95037415	475524.0
0.950414966	461290.0
0.950462585	450790.0
0.950503401	442431.0
0.95052381	432308.0
0.950544218	371398.0
0.950585034	361309.0
0.95062585	337659.0
0.950639456	311653.0
0.950646259	283770.0
0.950659864	277232.0
0.950680272	261528.0
0.95070068	247585.0
0.950734694	216090.0
0.950755102	205349.0
0.95077551	193124.0
0.950789116	174196.0
0.950809524	164828.0
0.950829932	160888.0
0.950843537	135974.0
0.950863946	106086.0
0.950870748	97947.0
0.950891156	76879.7
0.950911565	61883.0
0.950931973	47085.1
0.950952381	34140.5
0.950972789	23707.2
0.9510068	17971.3
0.9510136	16917.3
0.95104082	15863.5
0.95105442	15158.9
0.95107483	14864.7
0.95111565	14572.9
0.95122449	14864.7
0.9512585	16165.6
0.95129252	16749.0
0.95133333	17798.5
0.95136735	21995.9
0.95140136	27324.4
0.95144218	33503.8
0.95147619	38794.2
0.9515102	48112.4
0.95155102	55223.0
0.95158503	63643.5
0.95161905	68194.0
0.95165986	78239.8
0.95169388	90966.0
0.95172789	100223.0
0.95176871	109200.0
0.95180272	119802.0
0.95183673	128480.0
0.95187075	145653.0
0.95191157	156445.0
0.95194558	165311.0
0.95197959	175080.0
0.95202041	186905.0
0.95205442	200075.0
0.95208844	210737.0
0.95212925	225261.0
0.95216326	244074.0
0.95219728	267035.0
0.95223809	278715.0
0.95227211	299008.0
0.95230612	318456.0
0.95238095	345836.0
0.9524898	376173.0
0.95256463	397062.0
0.95263265	413447.0
0.9527415	434480.0
0.95285034	450790.0
0.95295918	464452.0
0.95306803	478475.0
0.95321088	489537.0
0.95331973	497750.0
0.95342857	504221.0
0.95353741	510767.0
0.95361224	514225.0
0.95372109	519292.0
0.95386395	522481.0
0.95404762	527620.0
0.95419048	532803.0
0.95437415	536392.0
0.95455102	538031.0
0.95484354	540003.0
0.955	540003.0
