0.0	11866.0
4.0816e-05	11822.1
0.000122449	11727.6
0.000251701	11555.1
0.000292517	11378.1
0.000333333	11252.4
0.00037415	11121.2
0.000414966	10789.8
0.000462585	10546.1
0.000503401	10352.6
0.00052381	10118.8
0.000544218	8725.26
0.000585034	8496.67
0.00062585	7963.35
0.000639456	7381.03
0.000646259	6761.51
0.000659864	6616.97
0.000680272	6270.94
0.00070068	5965.06
0.000734694	5278.69
0.000755102	5046.07
0.00077551	4782.19
0.000789116	4375.39
0.000809524	4174.84
0.000829932	4090.64
0.000843537	3560.11
0.000863946	2927.31
0.000870748	2755.45
0.000891156	2310.88
0.000911565	1993.87
0.000931973	1679.42
0.000952381	1401.52
0.000972789	1173.94
0.0010068	1046.59
0.0010136	1022.95
0.00104082	999.234
0.00105442	983.323
0.00107483	976.667
0.00111565	970.057
0.00122449	976.667
0.0012585	1006.04
0.00129252	1019.17
0.00133333	1042.72
0.00136735	1136.15
0.00140136	1253.34
0.00144218	1387.74
0.00147619	1501.86
0.0015102	1701.33
0.00155102	1852.64
0.00158503	2031.14
0.00161905	2127.4
0.00165986	2339.59
0.00169388	2608.13
0.00172789	2803.5
0.00176871	2993.1
0.00180272	3217.3
0.00183673	3401.13
0.00187075	3765.85
0.00191157	3995.79
0.00194558	4185.16
0.00197959	4394.34
0.00202041	4648.29
0.00205442	4932.11
0.00208843	5162.66
0.00212925	5477.89
0.00216327	5888.22
0.00219728	6392.11
0.00223809	6649.73
0.00227211	7099.46
0.00230612	7532.95
0.00238095	8147.35
0.0024898	8833.66
0.00256463	9309.6
0.00263265	9684.81
0.0027415	10168.9
0.00285034	10546.1
0.00295918	10863.3
0.00306803	11190.0
0.00321088	11448.6
0.00331973	11641.0
0.00342857	11792.9
0.00353742	11946.8
0.00361224	12028.2
0.00372109	12147.6
0.00386395	12222.9
0.00404762	12344.2
0.00419048	12466.7
0.00437415	12551.7
0.00455102	12590.5
0.00484354	12637.2
0.005	12637.2
1.0	11866.0
1.000040816	11822.1
1.000122449	11727.6
1.000251701	11555.1
1.000292517	11378.1
1.000333333	11252.4
1.00037415	11121.2
1.000414966	10789.8
1.000462585	10546.1
1.000503401	10352.6
1.00052381	10118.8
1.000544218	8725.26
1.000585034	8496.67
1.00062585	7963.35
1.000639456	7381.03
1.000646259	6761.51
1.000659864	6616.97
1.000680272	6270.94
1.00070068	5965.06
1.000734694	5278.69
1.000755102	5046.07
1.00077551	4782.19
1.000789116	4375.39
1.000809524	4174.84
1.000829932	4090.64
1.000843537	3560.11
1.000863946	2927.31
1.000870748	2755.45
1.000891156	2310.88
1.000911565	1993.87
1.000931973	1679.42
1.000952381	1401.52
1.000972789	1173.94
1.0010068	1046.59
1.0010136	1022.95
1.00104082	999.234
1.00105442	983.323
1.00107483	976.667
1.00111565	970.057
1.00122449	976.667
1.0012585	1006.04
1.00129252	1019.17
1.00133333	1042.72
1.00136735	1136.15
1.00140136	1253.34
1.00144218	1387.74
1.00147619	1501.86
1.0015102	1701.33
1.00155102	1852.64
1.00158503	2031.14
1.00161905	2127.4
1.00165986	2339.59
1.00169388	2608.13
1.00172789	2803.5
1.00176871	2993.1
1.00180272	3217.3
1.00183673	3401.13
1.00187075	3765.85
1.00191157	3995.79
1.00194558	4185.16
1.00197959	4394.34
1.00202041	4648.29
1.00205442	4932.11
1.00208843	5162.66
1.00212925	5477.89
1.00216327	5888.22
1.00219728	6392.11
1.00223809	6649.73
1.00227211	7099.46
1.00230612	7532.95
1.00238095	8147.35
1.0024898	8833.66
1.00256463	9309.6
1.00263265	9684.81
1.0027415	10168.9
1.00285034	10546.1
1.00295918	10863.3
1.00306803	11190.0
1.00321088	11448.6
1.00331973	11641.0
1.00342857	11792.9
1.00353742	11946.8
1.00361224	12028.2
1.00372109	12147.6
1.00386395	12222.9
1.00404762	12344.2
1.00419048	12466.7
1.00437415	12551.7
1.00455102	12590.5
1.00484354	12637.2
1.005	12637.2
2.0	11866.0
2.000040816	11822.1
2.000122449	11727.6
2.000251701	11555.1
2.000292517	11378.1
2.000333333	11252.4
2.00037415	11121.2
2.000414966	10789.8
2.000462585	10546.1
2.000503401	10352.6
2.00052381	10118.8
2.000544218	8725.26
2.000585034	8496.67
2.00062585	7963.35
2.000639456	7381.03
2.000646259	6761.51
2.000659864	6616.97
2.000680272	6270.94
2.00070068	5965.06
2.000734694	5278.69
2.000755102	5046.07
2.00077551	4782.19
2.000789116	4375.39
2.000809524	4174.84
2.000829932	4090.64
2.000843537	3560.11
2.000863946	2927.31
2.000870748	2755.45
2.000891156	2310.88
2.000911565	1993.87
2.000931973	1679.42
2.000952381	1401.52
2.000972789	1173.94
2.0010068	1046.59
2.0010136	1022.95
2.00104082	999.234
2.00105442	983.323
2.00107483	976.667
2.00111565	970.057
2.00122449	976.667
2.0012585	1006.04
2.00129252	1019.17
2.00133333	1042.72
2.00136735	1136.15
2.00140136	1253.34
2.00144218	1387.74
2.00147619	1501.86
2.0015102	1701.33
2.00155102	1852.64
2.00158503	2031.14
2.00161905	2127.4
2.00165986	2339.59
2.00169388	2608.13
2.00172789	2803.5
2.00176871	2993.1
2.00180272	3217.3
2.00183673	3401.13
2.00187075	3765.85
2.00191157	3995.79
2.00194558	4185.16
2.00197959	4394.34
2.00202041	4648.29
2.00205442	4932.11
2.00208843	5162.66
2.00212925	5477.89
2.00216327	5888.22
2.00219728	6392.11
2.00223809	6649.73
2.00227211	7099.46
2.00230612	7532.95
2.00238095	8147.35
2.0024898	8833.66
2.00256463	9309.6
2.00263265	9684.81
2.0027415	10168.9
2.00285034	10546.1
2.00295918	10863.3
2.00306803	11190.0
2.00321088	11448.6
2.00331973	11641.0
2.00342857	11792.9
2.00353742	11946.8
2.00361224	12028.2
2.00372109	12147.6
2.00386395	12222.9
2.00404762	12344.2
2.00419048	12466.7
2.00437415	12551.7
2.00455102	12590.5
2.00484354	12637.2
2.005	12637.2
3.0	11866.0
3.000040816	11822.1
3.000122449	11727.6
3.000251701	11555.1
3.000292517	11378.1
3.000333333	11252.4
3.00037415	11121.2
3.000414966	10789.8
3.000462585	10546.1
3.000503401	10352.6
3.00052381	10118.8
3.000544218	8725.26
3.000585034	8496.67
3.00062585	7963.35
3.000639456	7381.03
3.000646259	6761.51
3.000659864	6616.97
3.000680272	6270.94
3.00070068	5965.06
3.000734694	5278.69
3.000755102	5046.07
3.00077551	4782.19
3.000789116	4375.39
3.000809524	4174.84
3.000829932	4090.64
3.000843537	3560.11
3.000863946	2927.31
3.000870748	2755.45
3.000891156	2310.88
3.000911565	1993.87
3.000931973	1679.42
3.000952381	1401.52
3.000972789	1173.94
3.0010068	1046.59
3.0010136	1022.95
3.00104082	999.234
3.00105442	983.323
3.00107483	976.667
3.00111565	970.057
3.00122449	976.667
3.0012585	1006.04
3.00129252	1019.17
3.00133333	1042.72
3.00136735	1136.15
3.00140136	1253.34
3.00144218	1387.74
3.00147619	1501.86
3.0015102	1701.33
3.00155102	1852.64
3.00158503	2031.14
3.00161905	2127.4
3.00165986	2339.59
3.00169388	2608.13
3.00172789	2803.5
3.00176871	2993.1
3.00180272	3217.3
3.00183673	3401.13
3.00187075	3765.85
3.00191157	3995.79
3.00194558	4185.16
3.00197959	4394.34
3.00202041	4648.29
3.00205442	4932.11
3.00208843	5162.66
3.00212925	5477.89
3.00216327	5888.22
3.00219728	6392.11
3.00223809	6649.73
3.00227211	7099.46
3.00230612	7532.95
3.00238095	8147.35
3.0024898	8833.66
3.00256463	9309.6
3.00263265	9684.81
3.0027415	10168.9
3.00285034	10546.1
3.00295918	10863.3
3.00306803	11190.0
3.00321088	11448.6
3.00331973	11641.0
3.00342857	11792.9
3.00353742	11946.8
3.00361224	12028.2
3.00372109	12147.6
3.00386395	12222.9
3.00404762	12344.2
3.00419048	12466.7
3.00437415	12551.7
3.00455102	12590.5
3.00484354	12637.2
3.005	12637.2
4.0	11866.0
4.000040816	11822.1
4.000122449	11727.6
4.000251701	11555.1
4.000292517	11378.1
4.000333333	11252.4
4.00037415	11121.2
4.000414966	10789.8
4.000462585	10546.1
4.000503401	10352.6
4.00052381	10118.8
4.000544218	8725.26
4.000585034	8496.67
4.00062585	7963.35
4.000639456	7381.03
4.000646259	6761.51
4.000659864	6616.97
4.000680272	6270.94
4.00070068	5965.06
4.000734694	5278.69
4.000755102	5046.07
4.00077551	4782.19
4.000789116	4375.39
4.000809524	4174.84
4.000829932	4090.64
4.000843537	3560.11
4.000863946	2927.31
4.000870748	2755.45
4.000891156	2310.88
4.000911565	1993.87
4.000931973	1679.42
4.000952381	1401.52
4.000972789	1173.94
4.0010068	1046.59
4.0010136	1022.95
4.00104082	999.234
4.00105442	983.323
4.00107483	976.667
4.00111565	970.057
4.00122449	976.667
4.0012585	1006.04
4.00129252	1019.17
4.00133333	1042.72
4.00136735	1136.15
4.00140136	1253.34
4.00144218	1387.74
4.00147619	1501.86
4.0015102	1701.33
4.00155102	1852.64
4.00158503	2031.14
4.00161905	2127.4
4.00165986	2339.59
4.00169388	2608.13
4.00172789	2803.5
4.00176871	2993.1
4.00180272	3217.3
4.00183673	3401.13
4.00187075	3765.85
4.00191157	3995.79
4.00194558	4185.16
4.00197959	4394.34
4.00202041	4648.29
4.00205442	4932.11
4.00208843	5162.66
4.00212925	5477.89
4.00216327	5888.22
4.00219728	6392.11
4.00223809	6649.73
4.00227211	7099.46
4.00230612	7532.95
4.00238095	8147.35
4.0024898	8833.66
4.00256463	9309.6
4.00263265	9684.81
4.0027415	10168.9
4.00285034	10546.1
4.00295918	10863.3
4.00306803	11190.0
4.00321088	11448.6
4.00331973	11641.0
4.00342857	11792.9
4.00353742	11946.8
4.00361224	12028.2
4.00372109	12147.6
4.00386395	12222.9
4.00404762	12344.2
4.00419048	12466.7
4.00437415	12551.7
4.00455102	12590.5
4.00484354	12637.2
4.005	12637.2
5.0	11866.0
5.000040816	11822.1
5.000122449	11727.6
5.000251701	11555.1
5.000292517	11378.1
5.000333333	11252.4
5.00037415	11121.2
5.000414966	10789.8
5.000462585	10546.1
5.000503401	10352.6
5.00052381	10118.8
5.000544218	8725.26
5.000585034	8496.67
5.00062585	7963.35
5.000639456	7381.03
5.000646259	6761.51
5.000659864	6616.97
5.000680272	6270.94
5.00070068	5965.06
5.000734694	5278.69
5.000755102	5046.07
5.00077551	4782.19
5.000789116	4375.39
5.000809524	4174.84
5.000829932	4090.64
5.000843537	3560.11
5.000863946	2927.31
5.000870748	2755.45
5.000891156	2310.88
5.000911565	1993.87
5.000931973	1679.42
5.000952381	1401.52
5.000972789	1173.94
5.0010068	1046.59
5.0010136	1022.95
5.00104082	999.234
5.00105442	983.323
5.00107483	976.667
5.00111565	970.057
5.00122449	976.667
5.0012585	1006.04
5.00129252	1019.17
5.00133333	1042.72
5.00136735	1136.15
5.00140136	1253.34
5.00144218	1387.74
5.00147619	1501.86
5.0015102	1701.33
5.00155102	1852.64
5.00158503	2031.14
5.00161905	2127.4
5.00165986	2339.59
5.00169388	2608.13
5.00172789	2803.5
5.00176871	2993.1
5.00180272	3217.3
5.00183673	3401.13
5.00187075	3765.85
5.00191157	3995.79
5.00194558	4185.16
5.00197959	4394.34
5.00202041	4648.29
5.00205442	4932.11
5.00208843	5162.66
5.00212925	5477.89
5.00216327	5888.22
5.00219728	6392.11
5.00223809	6649.73
5.00227211	7099.46
5.00230612	7532.95
5.00238095	8147.35
5.0024898	8833.66
5.00256463	9309.6
5.00263265	9684.81
5.0027415	10168.9
5.00285034	10546.1
5.00295918	10863.3
5.00306803	11190.0
5.00321088	11448.6
5.00331973	11641.0
5.00342857	11792.9
5.00353742	11946.8
5.00361224	12028.2
5.00372109	12147.6
5.00386395	12222.9
5.00404762	12344.2
5.00419048	12466.7
5.00437415	12551.7
5.00455102	12590.5
5.00484354	12637.2
5.005	12637.2
6.0	11866.0
6.000040816	11822.1
6.000122449	11727.6
6.000251701	11555.1
6.000292517	11378.1
6.000333333	11252.4
6.00037415	11121.2
6.000414966	10789.8
6.000462585	10546.1
6.000503401	10352.6
6.00052381	10118.8
6.000544218	8725.26
6.000585034	8496.67
6.00062585	7963.35
6.000639456	7381.03
6.000646259	6761.51
6.000659864	6616.97
6.000680272	6270.94
6.00070068	5965.06
6.000734694	5278.69
6.000755102	5046.07
6.00077551	4782.19
6.000789116	4375.39
6.000809524	4174.84
6.000829932	4090.64
6.000843537	3560.11
6.000863946	2927.31
6.000870748	2755.45
6.000891156	2310.88
6.000911565	1993.87
6.000931973	1679.42
6.000952381	1401.52
6.000972789	1173.94
6.0010068	1046.59
6.0010136	1022.95
6.00104082	999.234
6.00105442	983.323
6.00107483	976.667
6.00111565	970.057
6.00122449	976.667
6.0012585	1006.04
6.00129252	1019.17
6.00133333	1042.72
6.00136735	1136.15
6.00140136	1253.34
6.00144218	1387.74
6.00147619	1501.86
6.0015102	1701.33
6.00155102	1852.64
6.00158503	2031.14
6.00161905	2127.4
6.00165986	2339.59
6.00169388	2608.13
6.00172789	2803.5
6.00176871	2993.1
6.00180272	3217.3
6.00183673	3401.13
6.00187075	3765.85
6.00191157	3995.79
6.00194558	4185.16
6.00197959	4394.34
6.00202041	4648.29
6.00205442	4932.11
6.00208843	5162.66
6.00212925	5477.89
6.00216327	5888.22
6.00219728	6392.11
6.00223809	6649.73
6.00227211	7099.46
6.00230612	7532.95
6.00238095	8147.35
6.0024898	8833.66
6.00256463	9309.6
6.00263265	9684.81
6.0027415	10168.9
6.00285034	10546.1
6.00295918	10863.3
6.00306803	11190.0
6.00321088	11448.6
6.00331973	11641.0
6.00342857	11792.9
6.00353742	11946.8
6.00361224	12028.2
6.00372109	12147.6
6.00386395	12222.9
6.00404762	12344.2
6.00419048	12466.7
6.00437415	12551.7
6.00455102	12590.5
6.00484354	12637.2
6.005	12637.2
7.0	11866.0
7.000040816	11822.1
7.000122449	11727.6
7.000251701	11555.1
7.000292517	11378.1
7.000333333	11252.4
7.00037415	11121.2
7.000414966	10789.8
7.000462585	10546.1
7.000503401	10352.6
7.00052381	10118.8
7.000544218	8725.26
7.000585034	8496.67
7.00062585	7963.35
7.000639456	7381.03
7.000646259	6761.51
7.000659864	6616.97
7.000680272	6270.94
7.00070068	5965.06
7.000734694	5278.69
7.000755102	5046.07
7.00077551	4782.19
7.000789116	4375.39
7.000809524	4174.84
7.000829932	4090.64
7.000843537	3560.11
7.000863946	2927.31
7.000870748	2755.45
7.000891156	2310.88
7.000911565	1993.87
7.000931973	1679.42
7.000952381	1401.52
7.000972789	1173.94
7.0010068	1046.59
7.0010136	1022.95
7.00104082	999.234
7.00105442	983.323
7.00107483	976.667
7.00111565	970.057
7.00122449	976.667
7.0012585	1006.04
7.00129252	1019.17
7.00133333	1042.72
7.00136735	1136.15
7.00140136	1253.34
7.00144218	1387.74
7.00147619	1501.86
7.0015102	1701.33
7.00155102	1852.64
7.00158503	2031.14
7.00161905	2127.4
7.00165986	2339.59
7.00169388	2608.13
7.00172789	2803.5
7.00176871	2993.1
7.00180272	3217.3
7.00183673	3401.13
7.00187075	3765.85
7.00191157	3995.79
7.00194558	4185.16
7.00197959	4394.34
7.00202041	4648.29
7.00205442	4932.11
7.00208843	5162.66
7.00212925	5477.89
7.00216327	5888.22
7.00219728	6392.11
7.00223809	6649.73
7.00227211	7099.46
7.00230612	7532.95
7.00238095	8147.35
7.0024898	8833.66
7.00256463	9309.6
7.00263265	9684.81
7.0027415	10168.9
7.00285034	10546.1
7.00295918	10863.3
7.00306803	11190.0
7.00321088	11448.6
7.00331973	11641.0
7.00342857	11792.9
7.00353742	11946.8
7.00361224	12028.2
7.00372109	12147.6
7.00386395	12222.9
7.00404762	12344.2
7.00419048	12466.7
7.00437415	12551.7
7.00455102	12590.5
7.00484354	12637.2
7.005	12637.2
8.0	11866.0
8.000040816	11822.1
8.000122449	11727.6
8.000251701	11555.1
8.000292517	11378.1
8.000333333	11252.4
8.00037415	11121.2
8.000414966	10789.8
8.000462585	10546.1
8.000503401	10352.6
8.00052381	10118.8
8.000544218	8725.26
8.000585034	8496.67
8.00062585	7963.35
8.000639456	7381.03
8.000646259	6761.51
8.000659864	6616.97
8.000680272	6270.94
8.00070068	5965.06
8.000734694	5278.69
8.000755102	5046.07
8.00077551	4782.19
8.000789116	4375.39
8.000809524	4174.84
8.000829932	4090.64
8.000843537	3560.11
8.000863946	2927.31
8.000870748	2755.45
8.000891156	2310.88
8.000911565	1993.87
8.000931973	1679.42
8.000952381	1401.52
8.000972789	1173.94
8.0010068	1046.59
8.0010136	1022.95
8.00104082	999.234
8.00105442	983.323
8.00107483	976.667
8.00111565	970.057
8.00122449	976.667
8.0012585	1006.04
8.00129252	1019.17
8.00133333	1042.72
8.00136735	1136.15
8.00140136	1253.34
8.00144218	1387.74
8.00147619	1501.86
8.0015102	1701.33
8.00155102	1852.64
8.00158503	2031.14
8.00161905	2127.4
8.00165986	2339.59
8.00169388	2608.13
8.00172789	2803.5
8.00176871	2993.1
8.00180272	3217.3
8.00183673	3401.13
8.00187075	3765.85
8.00191157	3995.79
8.00194558	4185.16
8.00197959	4394.34
8.00202041	4648.29
8.00205442	4932.11
8.00208843	5162.66
8.00212925	5477.89
8.00216327	5888.22
8.00219728	6392.11
8.00223809	6649.73
8.00227211	7099.46
8.00230612	7532.95
8.00238095	8147.35
8.0024898	8833.66
8.00256463	9309.6
8.00263265	9684.81
8.0027415	10168.9
8.00285034	10546.1
8.00295918	10863.3
8.00306803	11190.0
8.00321088	11448.6
8.00331973	11641.0
8.00342857	11792.9
8.00353742	11946.8
8.00361224	12028.2
8.00372109	12147.6
8.00386395	12222.9
8.00404762	12344.2
8.00419048	12466.7
8.00437415	12551.7
8.00455102	12590.5
8.00484354	12637.2
8.005	12637.2
9.0	11866.0
9.000040816	11822.1
9.000122449	11727.6
9.000251701	11555.1
9.000292517	11378.1
9.000333333	11252.4
9.00037415	11121.2
9.000414966	10789.8
9.000462585	10546.1
9.000503401	10352.6
9.00052381	10118.8
9.000544218	8725.26
9.000585034	8496.67
9.00062585	7963.35
9.000639456	7381.03
9.000646259	6761.51
9.000659864	6616.97
9.000680272	6270.94
9.00070068	5965.06
9.000734694	5278.69
9.000755102	5046.07
9.00077551	4782.19
9.000789116	4375.39
9.000809524	4174.84
9.000829932	4090.64
9.000843537	3560.11
9.000863946	2927.31
9.000870748	2755.45
9.000891156	2310.88
9.000911565	1993.87
9.000931973	1679.42
9.000952381	1401.52
9.000972789	1173.94
9.0010068	1046.59
9.0010136	1022.95
9.00104082	999.234
9.00105442	983.323
9.00107483	976.667
9.00111565	970.057
9.00122449	976.667
9.0012585	1006.04
9.00129252	1019.17
9.00133333	1042.72
9.00136735	1136.15
9.00140136	1253.34
9.00144218	1387.74
9.00147619	1501.86
9.0015102	1701.33
9.00155102	1852.64
9.00158503	2031.14
9.00161905	2127.4
9.00165986	2339.59
9.00169388	2608.13
9.00172789	2803.5
9.00176871	2993.1
9.00180272	3217.3
9.00183673	3401.13
9.00187075	3765.85
9.00191157	3995.79
9.00194558	4185.16
9.00197959	4394.34
9.00202041	4648.29
9.00205442	4932.11
9.00208843	5162.66
9.00212925	5477.89
9.00216327	5888.22
9.00219728	6392.11
9.00223809	6649.73
9.00227211	7099.46
9.00230612	7532.95
9.00238095	8147.35
9.0024898	8833.66
9.00256463	9309.6
9.00263265	9684.81
9.0027415	10168.9
9.00285034	10546.1
9.00295918	10863.3
9.00306803	11190.0
9.00321088	11448.6
9.00331973	11641.0
9.00342857	11792.9
9.00353742	11946.8
9.00361224	12028.2
9.00372109	12147.6
9.00386395	12222.9
9.00404762	12344.2
9.00419048	12466.7
9.00437415	12551.7
9.00455102	12590.5
9.00484354	12637.2
9.005	12637.2
10.0	11866.0
10.000040816	11822.1
10.000122449	11727.6
10.000251701	11555.1
10.000292517	11378.1
10.000333333	11252.4
10.00037415	11121.2
10.000414966	10789.8
10.000462585	10546.1
10.000503401	10352.6
10.00052381	10118.8
10.000544218	8725.26
10.000585034	8496.67
10.00062585	7963.35
10.000639456	7381.03
10.000646259	6761.51
10.000659864	6616.97
10.000680272	6270.94
10.00070068	5965.06
10.000734694	5278.69
10.000755102	5046.07
10.00077551	4782.19
10.000789116	4375.39
10.000809524	4174.84
10.000829932	4090.64
10.000843537	3560.11
10.000863946	2927.31
10.000870748	2755.45
10.000891156	2310.88
10.000911565	1993.87
10.000931973	1679.42
10.000952381	1401.52
10.000972789	1173.94
10.0010068	1046.59
10.0010136	1022.95
10.00104082	999.234
10.00105442	983.323
10.00107483	976.667
10.00111565	970.057
10.00122449	976.667
10.0012585	1006.04
10.00129252	1019.17
10.00133333	1042.72
10.00136735	1136.15
10.00140136	1253.34
10.00144218	1387.74
10.00147619	1501.86
10.0015102	1701.33
10.00155102	1852.64
10.00158503	2031.14
10.00161905	2127.4
10.00165986	2339.59
10.00169388	2608.13
10.00172789	2803.5
10.00176871	2993.1
10.00180272	3217.3
10.00183673	3401.13
10.00187075	3765.85
10.00191157	3995.79
10.00194558	4185.16
10.00197959	4394.34
10.00202041	4648.29
10.00205442	4932.11
10.00208843	5162.66
10.00212925	5477.89
10.00216327	5888.22
10.00219728	6392.11
10.00223809	6649.73
10.00227211	7099.46
10.00230612	7532.95
10.00238095	8147.35
10.0024898	8833.66
10.00256463	9309.6
10.00263265	9684.81
10.0027415	10168.9
10.00285034	10546.1
10.00295918	10863.3
10.00306803	11190.0
10.00321088	11448.6
10.00331973	11641.0
10.00342857	11792.9
10.00353742	11946.8
10.00361224	12028.2
10.00372109	12147.6
10.00386395	12222.9
10.00404762	12344.2
10.00419048	12466.7
10.00437415	12551.7
10.00455102	12590.5
10.00484354	12637.2
10.005	12637.2
11.0	11866.0
11.000040816	11822.1
11.000122449	11727.6
11.000251701	11555.1
11.000292517	11378.1
11.000333333	11252.4
11.00037415	11121.2
11.000414966	10789.8
11.000462585	10546.1
11.000503401	10352.6
11.00052381	10118.8
11.000544218	8725.26
11.000585034	8496.67
11.00062585	7963.35
11.000639456	7381.03
11.000646259	6761.51
11.000659864	6616.97
11.000680272	6270.94
11.00070068	5965.06
11.000734694	5278.69
11.000755102	5046.07
11.00077551	4782.19
11.000789116	4375.39
11.000809524	4174.84
11.000829932	4090.64
11.000843537	3560.11
11.000863946	2927.31
11.000870748	2755.45
11.000891156	2310.88
11.000911565	1993.87
11.000931973	1679.42
11.000952381	1401.52
11.000972789	1173.94
11.0010068	1046.59
11.0010136	1022.95
11.00104082	999.234
11.00105442	983.323
11.00107483	976.667
11.00111565	970.057
11.00122449	976.667
11.0012585	1006.04
11.00129252	1019.17
11.00133333	1042.72
11.00136735	1136.15
11.00140136	1253.34
11.00144218	1387.74
11.00147619	1501.86
11.0015102	1701.33
11.00155102	1852.64
11.00158503	2031.14
11.00161905	2127.4
11.00165986	2339.59
11.00169388	2608.13
11.00172789	2803.5
11.00176871	2993.1
11.00180272	3217.3
11.00183673	3401.13
11.00187075	3765.85
11.00191157	3995.79
11.00194558	4185.16
11.00197959	4394.34
11.00202041	4648.29
11.00205442	4932.11
11.00208843	5162.66
11.00212925	5477.89
11.00216327	5888.22
11.00219728	6392.11
11.00223809	6649.73
11.00227211	7099.46
11.00230612	7532.95
11.00238095	8147.35
11.0024898	8833.66
11.00256463	9309.6
11.00263265	9684.81
11.0027415	10168.9
11.00285034	10546.1
11.00295918	10863.3
11.00306803	11190.0
11.00321088	11448.6
11.00331973	11641.0
11.00342857	11792.9
11.00353742	11946.8
11.00361224	12028.2
11.00372109	12147.6
11.00386395	12222.9
11.00404762	12344.2
11.00419048	12466.7
11.00437415	12551.7
11.00455102	12590.5
11.00484354	12637.2
11.005	12637.2
12.0	11866.0
12.000040816	11822.1
12.000122449	11727.6
12.000251701	11555.1
12.000292517	11378.1
12.000333333	11252.4
12.00037415	11121.2
12.000414966	10789.8
12.000462585	10546.1
12.000503401	10352.6
12.00052381	10118.8
12.000544218	8725.26
12.000585034	8496.67
12.00062585	7963.35
12.000639456	7381.03
12.000646259	6761.51
12.000659864	6616.97
12.000680272	6270.94
12.00070068	5965.06
12.000734694	5278.69
12.000755102	5046.07
12.00077551	4782.19
12.000789116	4375.39
12.000809524	4174.84
12.000829932	4090.64
12.000843537	3560.11
12.000863946	2927.31
12.000870748	2755.45
12.000891156	2310.88
12.000911565	1993.87
12.000931973	1679.42
12.000952381	1401.52
12.000972789	1173.94
12.0010068	1046.59
12.0010136	1022.95
12.00104082	999.234
12.00105442	983.323
12.00107483	976.667
12.00111565	970.057
12.00122449	976.667
12.0012585	1006.04
12.00129252	1019.17
12.00133333	1042.72
12.00136735	1136.15
12.00140136	1253.34
12.00144218	1387.74
12.00147619	1501.86
12.0015102	1701.33
12.00155102	1852.64
12.00158503	2031.14
12.00161905	2127.4
12.00165986	2339.59
12.00169388	2608.13
12.00172789	2803.5
12.00176871	2993.1
12.00180272	3217.3
12.00183673	3401.13
12.00187075	3765.85
12.00191157	3995.79
12.00194558	4185.16
12.00197959	4394.34
12.00202041	4648.29
12.00205442	4932.11
12.00208843	5162.66
12.00212925	5477.89
12.00216327	5888.22
12.00219728	6392.11
12.00223809	6649.73
12.00227211	7099.46
12.00230612	7532.95
12.00238095	8147.35
12.0024898	8833.66
12.00256463	9309.6
12.00263265	9684.81
12.0027415	10168.9
12.00285034	10546.1
12.00295918	10863.3
12.00306803	11190.0
12.00321088	11448.6
12.00331973	11641.0
12.00342857	11792.9
12.00353742	11946.8
12.00361224	12028.2
12.00372109	12147.6
12.00386395	12222.9
12.00404762	12344.2
12.00419048	12466.7
12.00437415	12551.7
12.00455102	12590.5
12.00484354	12637.2
12.005	12637.2
13.0	11866.0
13.000040816	11822.1
13.000122449	11727.6
13.000251701	11555.1
13.000292517	11378.1
13.000333333	11252.4
13.00037415	11121.2
13.000414966	10789.8
13.000462585	10546.1
13.000503401	10352.6
13.00052381	10118.8
13.000544218	8725.26
13.000585034	8496.67
13.00062585	7963.35
13.000639456	7381.03
13.000646259	6761.51
13.000659864	6616.97
13.000680272	6270.94
13.00070068	5965.06
13.000734694	5278.69
13.000755102	5046.07
13.00077551	4782.19
13.000789116	4375.39
13.000809524	4174.84
13.000829932	4090.64
13.000843537	3560.11
13.000863946	2927.31
13.000870748	2755.45
13.000891156	2310.88
13.000911565	1993.87
13.000931973	1679.42
13.000952381	1401.52
13.000972789	1173.94
13.0010068	1046.59
13.0010136	1022.95
13.00104082	999.234
13.00105442	983.323
13.00107483	976.667
13.00111565	970.057
13.00122449	976.667
13.0012585	1006.04
13.00129252	1019.17
13.00133333	1042.72
13.00136735	1136.15
13.00140136	1253.34
13.00144218	1387.74
13.00147619	1501.86
13.0015102	1701.33
13.00155102	1852.64
13.00158503	2031.14
13.00161905	2127.4
13.00165986	2339.59
13.00169388	2608.13
13.00172789	2803.5
13.00176871	2993.1
13.00180272	3217.3
13.00183673	3401.13
13.00187075	3765.85
13.00191157	3995.79
13.00194558	4185.16
13.00197959	4394.34
13.00202041	4648.29
13.00205442	4932.11
13.00208843	5162.66
13.00212925	5477.89
13.00216327	5888.22
13.00219728	6392.11
13.00223809	6649.73
13.00227211	7099.46
13.00230612	7532.95
13.00238095	8147.35
13.0024898	8833.66
13.00256463	9309.6
13.00263265	9684.81
13.0027415	10168.9
13.00285034	10546.1
13.00295918	10863.3
13.00306803	11190.0
13.00321088	11448.6
13.00331973	11641.0
13.00342857	11792.9
13.00353742	11946.8
13.00361224	12028.2
13.00372109	12147.6
13.00386395	12222.9
13.00404762	12344.2
13.00419048	12466.7
13.00437415	12551.7
13.00455102	12590.5
13.00484354	12637.2
13.005	12637.2
14.0	11866.0
14.000040816	11822.1
14.000122449	11727.6
14.000251701	11555.1
14.000292517	11378.1
14.000333333	11252.4
14.00037415	11121.2
14.000414966	10789.8
14.000462585	10546.1
14.000503401	10352.6
14.00052381	10118.8
14.000544218	8725.26
14.000585034	8496.67
14.00062585	7963.35
14.000639456	7381.03
14.000646259	6761.51
14.000659864	6616.97
14.000680272	6270.94
14.00070068	5965.06
14.000734694	5278.69
14.000755102	5046.07
14.00077551	4782.19
14.000789116	4375.39
14.000809524	4174.84
14.000829932	4090.64
14.000843537	3560.11
14.000863946	2927.31
14.000870748	2755.45
14.000891156	2310.88
14.000911565	1993.87
14.000931973	1679.42
14.000952381	1401.52
14.000972789	1173.94
14.0010068	1046.59
14.0010136	1022.95
14.00104082	999.234
14.00105442	983.323
14.00107483	976.667
14.00111565	970.057
14.00122449	976.667
14.0012585	1006.04
14.00129252	1019.17
14.00133333	1042.72
14.00136735	1136.15
14.00140136	1253.34
14.00144218	1387.74
14.00147619	1501.86
14.0015102	1701.33
14.00155102	1852.64
14.00158503	2031.14
14.00161905	2127.4
14.00165986	2339.59
14.00169388	2608.13
14.00172789	2803.5
14.00176871	2993.1
14.00180272	3217.3
14.00183673	3401.13
14.00187075	3765.85
14.00191157	3995.79
14.00194558	4185.16
14.00197959	4394.34
14.00202041	4648.29
14.00205442	4932.11
14.00208843	5162.66
14.00212925	5477.89
14.00216327	5888.22
14.00219728	6392.11
14.00223809	6649.73
14.00227211	7099.46
14.00230612	7532.95
14.00238095	8147.35
14.0024898	8833.66
14.00256463	9309.6
14.00263265	9684.81
14.0027415	10168.9
14.00285034	10546.1
14.00295918	10863.3
14.00306803	11190.0
14.00321088	11448.6
14.00331973	11641.0
14.00342857	11792.9
14.00353742	11946.8
14.00361224	12028.2
14.00372109	12147.6
14.00386395	12222.9
14.00404762	12344.2
14.00419048	12466.7
14.00437415	12551.7
14.00455102	12590.5
14.00484354	12637.2
14.005	12637.2
15.0	11866.0
15.000040816	11822.1
15.000122449	11727.6
15.000251701	11555.1
15.000292517	11378.1
15.000333333	11252.4
15.00037415	11121.2
15.000414966	10789.8
15.000462585	10546.1
15.000503401	10352.6
15.00052381	10118.8
15.000544218	8725.26
15.000585034	8496.67
15.00062585	7963.35
15.000639456	7381.03
15.000646259	6761.51
15.000659864	6616.97
15.000680272	6270.94
15.00070068	5965.06
15.000734694	5278.69
15.000755102	5046.07
15.00077551	4782.19
15.000789116	4375.39
15.000809524	4174.84
15.000829932	4090.64
15.000843537	3560.11
15.000863946	2927.31
15.000870748	2755.45
15.000891156	2310.88
15.000911565	1993.87
15.000931973	1679.42
15.000952381	1401.52
15.000972789	1173.94
15.0010068	1046.59
15.0010136	1022.95
15.00104082	999.234
15.00105442	983.323
15.00107483	976.667
15.00111565	970.057
15.00122449	976.667
15.0012585	1006.04
15.00129252	1019.17
15.00133333	1042.72
15.00136735	1136.15
15.00140136	1253.34
15.00144218	1387.74
15.00147619	1501.86
15.0015102	1701.33
15.00155102	1852.64
15.00158503	2031.14
15.00161905	2127.4
15.00165986	2339.59
15.00169388	2608.13
15.00172789	2803.5
15.00176871	2993.1
15.00180272	3217.3
15.00183673	3401.13
15.00187075	3765.85
15.00191157	3995.79
15.00194558	4185.16
15.00197959	4394.34
15.00202041	4648.29
15.00205442	4932.11
15.00208843	5162.66
15.00212925	5477.89
15.00216327	5888.22
15.00219728	6392.11
15.00223809	6649.73
15.00227211	7099.46
15.00230612	7532.95
15.00238095	8147.35
15.0024898	8833.66
15.00256463	9309.6
15.00263265	9684.81
15.0027415	10168.9
15.00285034	10546.1
15.00295918	10863.3
15.00306803	11190.0
15.00321088	11448.6
15.00331973	11641.0
15.00342857	11792.9
15.00353742	11946.8
15.00361224	12028.2
15.00372109	12147.6
15.00386395	12222.9
15.00404762	12344.2
15.00419048	12466.7
15.00437415	12551.7
15.00455102	12590.5
15.00484354	12637.2
15.005	12637.2
16.0	11866.0
16.000040816	11822.1
16.000122449	11727.6
16.000251701	11555.1
16.000292517	11378.1
16.000333333	11252.4
16.00037415	11121.2
16.000414966	10789.8
16.000462585	10546.1
16.000503401	10352.6
16.00052381	10118.8
16.000544218	8725.26
16.000585034	8496.67
16.00062585	7963.35
16.000639456	7381.03
16.000646259	6761.51
16.000659864	6616.97
16.000680272	6270.94
16.00070068	5965.06
16.000734694	5278.69
16.000755102	5046.07
16.00077551	4782.19
16.000789116	4375.39
16.000809524	4174.84
16.000829932	4090.64
16.000843537	3560.11
16.000863946	2927.31
16.000870748	2755.45
16.000891156	2310.88
16.000911565	1993.87
16.000931973	1679.42
16.000952381	1401.52
16.000972789	1173.94
16.0010068	1046.59
16.0010136	1022.95
16.00104082	999.234
16.00105442	983.323
16.00107483	976.667
16.00111565	970.057
16.00122449	976.667
16.0012585	1006.04
16.00129252	1019.17
16.00133333	1042.72
16.00136735	1136.15
16.00140136	1253.34
16.00144218	1387.74
16.00147619	1501.86
16.0015102	1701.33
16.00155102	1852.64
16.00158503	2031.14
16.00161905	2127.4
16.00165986	2339.59
16.00169388	2608.13
16.00172789	2803.5
16.00176871	2993.1
16.00180272	3217.3
16.00183673	3401.13
16.00187075	3765.85
16.00191157	3995.79
16.00194558	4185.16
16.00197959	4394.34
16.00202041	4648.29
16.00205442	4932.11
16.00208843	5162.66
16.00212925	5477.89
16.00216327	5888.22
16.00219728	6392.11
16.00223809	6649.73
16.00227211	7099.46
16.00230612	7532.95
16.00238095	8147.35
16.0024898	8833.66
16.00256463	9309.6
16.00263265	9684.81
16.0027415	10168.9
16.00285034	10546.1
16.00295918	10863.3
16.00306803	11190.0
16.00321088	11448.6
16.00331973	11641.0
16.00342857	11792.9
16.00353742	11946.8
16.00361224	12028.2
16.00372109	12147.6
16.00386395	12222.9
16.00404762	12344.2
16.00419048	12466.7
16.00437415	12551.7
16.00455102	12590.5
16.00484354	12637.2
16.005	12637.2
17.0	11866.0
17.000040816	11822.1
17.000122449	11727.6
17.000251701	11555.1
17.000292517	11378.1
17.000333333	11252.4
17.00037415	11121.2
17.000414966	10789.8
17.000462585	10546.1
17.000503401	10352.6
17.00052381	10118.8
17.000544218	8725.26
17.000585034	8496.67
17.00062585	7963.35
17.000639456	7381.03
17.000646259	6761.51
17.000659864	6616.97
17.000680272	6270.94
17.00070068	5965.06
17.000734694	5278.69
17.000755102	5046.07
17.00077551	4782.19
17.000789116	4375.39
17.000809524	4174.84
17.000829932	4090.64
17.000843537	3560.11
17.000863946	2927.31
17.000870748	2755.45
17.000891156	2310.88
17.000911565	1993.87
17.000931973	1679.42
17.000952381	1401.52
17.000972789	1173.94
17.0010068	1046.59
17.0010136	1022.95
17.00104082	999.234
17.00105442	983.323
17.00107483	976.667
17.00111565	970.057
17.00122449	976.667
17.0012585	1006.04
17.00129252	1019.17
17.00133333	1042.72
17.00136735	1136.15
17.00140136	1253.34
17.00144218	1387.74
17.00147619	1501.86
17.0015102	1701.33
17.00155102	1852.64
17.00158503	2031.14
17.00161905	2127.4
17.00165986	2339.59
17.00169388	2608.13
17.00172789	2803.5
17.00176871	2993.1
17.00180272	3217.3
17.00183673	3401.13
17.00187075	3765.85
17.00191157	3995.79
17.00194558	4185.16
17.00197959	4394.34
17.00202041	4648.29
17.00205442	4932.11
17.00208843	5162.66
17.00212925	5477.89
17.00216327	5888.22
17.00219728	6392.11
17.00223809	6649.73
17.00227211	7099.46
17.00230612	7532.95
17.00238095	8147.35
17.0024898	8833.66
17.00256463	9309.6
17.00263265	9684.81
17.0027415	10168.9
17.00285034	10546.1
17.00295918	10863.3
17.00306803	11190.0
17.00321088	11448.6
17.00331973	11641.0
17.00342857	11792.9
17.00353742	11946.8
17.00361224	12028.2
17.00372109	12147.6
17.00386395	12222.9
17.00404762	12344.2
17.00419048	12466.7
17.00437415	12551.7
17.00455102	12590.5
17.00484354	12637.2
17.005	12637.2
18.0	11866.0
18.000040816	11822.1
18.000122449	11727.6
18.000251701	11555.1
18.000292517	11378.1
18.000333333	11252.4
18.00037415	11121.2
18.000414966	10789.8
18.000462585	10546.1
18.000503401	10352.6
18.00052381	10118.8
18.000544218	8725.26
18.000585034	8496.67
18.00062585	7963.35
18.000639456	7381.03
18.000646259	6761.51
18.000659864	6616.97
18.000680272	6270.94
18.00070068	5965.06
18.000734694	5278.69
18.000755102	5046.07
18.00077551	4782.19
18.000789116	4375.39
18.000809524	4174.84
18.000829932	4090.64
18.000843537	3560.11
18.000863946	2927.31
18.000870748	2755.45
18.000891156	2310.88
18.000911565	1993.87
18.000931973	1679.42
18.000952381	1401.52
18.000972789	1173.94
18.0010068	1046.59
18.0010136	1022.95
18.00104082	999.234
18.00105442	983.323
18.00107483	976.667
18.00111565	970.057
18.00122449	976.667
18.0012585	1006.04
18.00129252	1019.17
18.00133333	1042.72
18.00136735	1136.15
18.00140136	1253.34
18.00144218	1387.74
18.00147619	1501.86
18.0015102	1701.33
18.00155102	1852.64
18.00158503	2031.14
18.00161905	2127.4
18.00165986	2339.59
18.00169388	2608.13
18.00172789	2803.5
18.00176871	2993.1
18.00180272	3217.3
18.00183673	3401.13
18.00187075	3765.85
18.00191157	3995.79
18.00194558	4185.16
18.00197959	4394.34
18.00202041	4648.29
18.00205442	4932.11
18.00208843	5162.66
18.00212925	5477.89
18.00216327	5888.22
18.00219728	6392.11
18.00223809	6649.73
18.00227211	7099.46
18.00230612	7532.95
18.00238095	8147.35
18.0024898	8833.66
18.00256463	9309.6
18.00263265	9684.81
18.0027415	10168.9
18.00285034	10546.1
18.00295918	10863.3
18.00306803	11190.0
18.00321088	11448.6
18.00331973	11641.0
18.00342857	11792.9
18.00353742	11946.8
18.00361224	12028.2
18.00372109	12147.6
18.00386395	12222.9
18.00404762	12344.2
18.00419048	12466.7
18.00437415	12551.7
18.00455102	12590.5
18.00484354	12637.2
18.005	12637.2
19.0	11866.0
19.000040816	11822.1
19.000122449	11727.6
19.000251701	11555.1
19.000292517	11378.1
19.000333333	11252.4
19.00037415	11121.2
19.000414966	10789.8
19.000462585	10546.1
19.000503401	10352.6
19.00052381	10118.8
19.000544218	8725.26
19.000585034	8496.67
19.00062585	7963.35
19.000639456	7381.03
19.000646259	6761.51
19.000659864	6616.97
19.000680272	6270.94
19.00070068	5965.06
19.000734694	5278.69
19.000755102	5046.07
19.00077551	4782.19
19.000789116	4375.39
19.000809524	4174.84
19.000829932	4090.64
19.000843537	3560.11
19.000863946	2927.31
19.000870748	2755.45
19.000891156	2310.88
19.000911565	1993.87
19.000931973	1679.42
19.000952381	1401.52
19.000972789	1173.94
19.0010068	1046.59
19.0010136	1022.95
19.00104082	999.234
19.00105442	983.323
19.00107483	976.667
19.00111565	970.057
19.00122449	976.667
19.0012585	1006.04
19.00129252	1019.17
19.00133333	1042.72
19.00136735	1136.15
19.00140136	1253.34
19.00144218	1387.74
19.00147619	1501.86
19.0015102	1701.33
19.00155102	1852.64
19.00158503	2031.14
19.00161905	2127.4
19.00165986	2339.59
19.00169388	2608.13
19.00172789	2803.5
19.00176871	2993.1
19.00180272	3217.3
19.00183673	3401.13
19.00187075	3765.85
19.00191157	3995.79
19.00194558	4185.16
19.00197959	4394.34
19.00202041	4648.29
19.00205442	4932.11
19.00208843	5162.66
19.00212925	5477.89
19.00216327	5888.22
19.00219728	6392.11
19.00223809	6649.73
19.00227211	7099.46
19.00230612	7532.95
19.00238095	8147.35
19.0024898	8833.66
19.00256463	9309.6
19.00263265	9684.81
19.0027415	10168.9
19.00285034	10546.1
19.00295918	10863.3
19.00306803	11190.0
19.00321088	11448.6
19.00331973	11641.0
19.00342857	11792.9
19.00353742	11946.8
19.00361224	12028.2
19.00372109	12147.6
19.00386395	12222.9
19.00404762	12344.2
19.00419048	12466.7
19.00437415	12551.7
19.00455102	12590.5
19.00484354	12637.2
19.005	12637.2
