0.0	11866.0
4.0816e-05	11822.1
0.000122449	11727.6
0.000251701	11555.1
0.000292517	11378.1
0.000333333	11252.4
0.00037415	11121.2
0.000414966	10789.8
0.000462585	10546.1
0.000503401	10352.6
0.00052381	10118.8
0.000544218	8725.26
0.000585034	8496.67
0.00062585	7963.35
0.000639456	7381.03
0.000646259	6761.51
0.000659864	6616.97
0.000680272	6270.94
0.00070068	5965.06
0.000734694	5278.69
0.000755102	5046.07
0.00077551	4782.19
0.000789116	4375.39
0.000809524	4174.84
0.000829932	4090.64
0.000843537	3560.11
0.000863946	2927.31
0.000870748	2755.45
0.000891156	2310.88
0.000911565	1993.87
0.000931973	1679.42
0.000952381	1401.52
0.000972789	1173.94
0.0010068	1046.59
0.0010136	1022.95
0.00104082	999.234
0.00105442	983.323
0.00107483	976.667
0.00111565	970.057
0.00122449	976.667
0.0012585	1006.04
0.00129252	1019.17
0.00133333	1042.72
0.00136735	1136.15
0.00140136	1253.34
0.00144218	1387.74
0.00147619	1501.86
0.0015102	1701.33
0.00155102	1852.64
0.00158503	2031.14
0.00161905	2127.4
0.00165986	2339.59
0.00169388	2608.13
0.00172789	2803.5
0.00176871	2993.1
0.00180272	3217.3
0.00183673	3401.13
0.00187075	3765.85
0.00191157	3995.79
0.00194558	4185.16
0.00197959	4394.34
0.00202041	4648.29
0.00205442	4932.11
0.00208843	5162.66
0.00212925	5477.89
0.00216327	5888.22
0.00219728	6392.11
0.00223809	6649.73
0.00227211	7099.46
0.00230612	7532.95
0.00238095	8147.35
0.0024898	8833.66
0.00256463	9309.6
0.00263265	9684.81
0.0027415	10168.9
0.00285034	10546.1
0.00295918	10863.3
0.00306803	11190.0
0.00321088	11448.6
0.00331973	11641.0
0.00342857	11792.9
0.00353742	11946.8
0.00361224	12028.2
0.00372109	12147.6
0.00386395	12222.9
0.00404762	12344.2
0.00419048	12466.7
0.00437415	12551.7
0.00455102	12590.5
0.00484354	12637.2
0.005	12637.2
0.02	11866.0
0.020040816	11822.1
0.020122449	11727.6
0.020251701	11555.1
0.020292517	11378.1
0.020333333	11252.4
0.02037415	11121.2
0.020414966	10789.8
0.020462585	10546.1
0.020503401	10352.6
0.02052381	10118.8
0.020544218	8725.26
0.020585034	8496.67
0.02062585	7963.35
0.020639456	7381.03
0.020646259	6761.51
0.020659864	6616.97
0.020680272	6270.94
0.02070068	5965.06
0.020734694	5278.69
0.020755102	5046.07
0.02077551	4782.19
0.020789116	4375.39
0.020809524	4174.84
0.020829932	4090.64
0.020843537	3560.11
0.020863946	2927.31
0.020870748	2755.45
0.020891156	2310.88
0.020911565	1993.87
0.020931973	1679.42
0.020952381	1401.52
0.020972789	1173.94
0.0210068	1046.59
0.0210136	1022.95
0.02104082	999.234
0.02105442	983.323
0.02107483	976.667
0.02111565	970.057
0.02122449	976.667
0.0212585	1006.04
0.02129252	1019.17
0.02133333	1042.72
0.02136735	1136.15
0.02140136	1253.34
0.02144218	1387.74
0.02147619	1501.86
0.0215102	1701.33
0.02155102	1852.64
0.02158503	2031.14
0.02161905	2127.4
0.02165986	2339.59
0.02169388	2608.13
0.02172789	2803.5
0.02176871	2993.1
0.02180272	3217.3
0.02183673	3401.13
0.02187075	3765.85
0.02191157	3995.79
0.02194558	4185.16
0.02197959	4394.34
0.02202041	4648.29
0.02205442	4932.11
0.02208843	5162.66
0.02212925	5477.89
0.02216327	5888.22
0.02219728	6392.11
0.02223809	6649.73
0.02227211	7099.46
0.02230612	7532.95
0.02238095	8147.35
0.0224898	8833.66
0.02256463	9309.6
0.02263265	9684.81
0.0227415	10168.9
0.02285034	10546.1
0.02295918	10863.3
0.02306803	11190.0
0.02321088	11448.6
0.02331973	11641.0
0.02342857	11792.9
0.02353742	11946.8
0.02361224	12028.2
0.02372109	12147.6
0.02386395	12222.9
0.02404762	12344.2
0.02419048	12466.7
0.02437415	12551.7
0.02455102	12590.5
0.02484354	12637.2
0.025	12637.2
0.04	11866.0
0.040040816	11822.1
0.040122449	11727.6
0.040251701	11555.1
0.040292517	11378.1
0.040333333	11252.4
0.04037415	11121.2
0.040414966	10789.8
0.040462585	10546.1
0.040503401	10352.6
0.04052381	10118.8
0.040544218	8725.26
0.040585034	8496.67
0.04062585	7963.35
0.040639456	7381.03
0.040646259	6761.51
0.040659864	6616.97
0.040680272	6270.94
0.04070068	5965.06
0.040734694	5278.69
0.040755102	5046.07
0.04077551	4782.19
0.040789116	4375.39
0.040809524	4174.84
0.040829932	4090.64
0.040843537	3560.11
0.040863946	2927.31
0.040870748	2755.45
0.040891156	2310.88
0.040911565	1993.87
0.040931973	1679.42
0.040952381	1401.52
0.040972789	1173.94
0.0410068	1046.59
0.0410136	1022.95
0.04104082	999.234
0.04105442	983.323
0.04107483	976.667
0.04111565	970.057
0.04122449	976.667
0.0412585	1006.04
0.04129252	1019.17
0.04133333	1042.72
0.04136735	1136.15
0.04140136	1253.34
0.04144218	1387.74
0.04147619	1501.86
0.0415102	1701.33
0.04155102	1852.64
0.04158503	2031.14
0.04161905	2127.4
0.04165986	2339.59
0.04169388	2608.13
0.04172789	2803.5
0.04176871	2993.1
0.04180272	3217.3
0.04183673	3401.13
0.04187075	3765.85
0.04191157	3995.79
0.04194558	4185.16
0.04197959	4394.34
0.04202041	4648.29
0.04205442	4932.11
0.04208843	5162.66
0.04212925	5477.89
0.04216327	5888.22
0.04219728	6392.11
0.04223809	6649.73
0.04227211	7099.46
0.04230612	7532.95
0.04238095	8147.35
0.0424898	8833.66
0.04256463	9309.6
0.04263265	9684.81
0.0427415	10168.9
0.04285034	10546.1
0.04295918	10863.3
0.04306803	11190.0
0.04321088	11448.6
0.04331973	11641.0
0.04342857	11792.9
0.04353742	11946.8
0.04361224	12028.2
0.04372109	12147.6
0.04386395	12222.9
0.04404762	12344.2
0.04419048	12466.7
0.04437415	12551.7
0.04455102	12590.5
0.04484354	12637.2
0.045	12637.2
0.06	11866.0
0.060040816	11822.1
0.060122449	11727.6
0.060251701	11555.1
0.060292517	11378.1
0.060333333	11252.4
0.06037415	11121.2
0.060414966	10789.8
0.060462585	10546.1
0.060503401	10352.6
0.06052381	10118.8
0.060544218	8725.26
0.060585034	8496.67
0.06062585	7963.35
0.060639456	7381.03
0.060646259	6761.51
0.060659864	6616.97
0.060680272	6270.94
0.06070068	5965.06
0.060734694	5278.69
0.060755102	5046.07
0.06077551	4782.19
0.060789116	4375.39
0.060809524	4174.84
0.060829932	4090.64
0.060843537	3560.11
0.060863946	2927.31
0.060870748	2755.45
0.060891156	2310.88
0.060911565	1993.87
0.060931973	1679.42
0.060952381	1401.52
0.060972789	1173.94
0.0610068	1046.59
0.0610136	1022.95
0.06104082	999.234
0.06105442	983.323
0.06107483	976.667
0.06111565	970.057
0.06122449	976.667
0.0612585	1006.04
0.06129252	1019.17
0.06133333	1042.72
0.06136735	1136.15
0.06140136	1253.34
0.06144218	1387.74
0.06147619	1501.86
0.0615102	1701.33
0.06155102	1852.64
0.06158503	2031.14
0.06161905	2127.4
0.06165986	2339.59
0.06169388	2608.13
0.06172789	2803.5
0.06176871	2993.1
0.06180272	3217.3
0.06183673	3401.13
0.06187075	3765.85
0.06191157	3995.79
0.06194558	4185.16
0.06197959	4394.34
0.06202041	4648.29
0.06205442	4932.11
0.06208843	5162.66
0.06212925	5477.89
0.06216327	5888.22
0.06219728	6392.11
0.06223809	6649.73
0.06227211	7099.46
0.06230612	7532.95
0.06238095	8147.35
0.0624898	8833.66
0.06256463	9309.6
0.06263265	9684.81
0.0627415	10168.9
0.06285034	10546.1
0.06295918	10863.3
0.06306803	11190.0
0.06321088	11448.6
0.06331973	11641.0
0.06342857	11792.9
0.06353742	11946.8
0.06361224	12028.2
0.06372109	12147.6
0.06386395	12222.9
0.06404762	12344.2
0.06419048	12466.7
0.06437415	12551.7
0.06455102	12590.5
0.06484354	12637.2
0.065	12637.2
0.08	11866.0
0.080040816	11822.1
0.080122449	11727.6
0.080251701	11555.1
0.080292517	11378.1
0.080333333	11252.4
0.08037415	11121.2
0.080414966	10789.8
0.080462585	10546.1
0.080503401	10352.6
0.08052381	10118.8
0.080544218	8725.26
0.080585034	8496.67
0.08062585	7963.35
0.080639456	7381.03
0.080646259	6761.51
0.080659864	6616.97
0.080680272	6270.94
0.08070068	5965.06
0.080734694	5278.69
0.080755102	5046.07
0.08077551	4782.19
0.080789116	4375.39
0.080809524	4174.84
0.080829932	4090.64
0.080843537	3560.11
0.080863946	2927.31
0.080870748	2755.45
0.080891156	2310.88
0.080911565	1993.87
0.080931973	1679.42
0.080952381	1401.52
0.080972789	1173.94
0.0810068	1046.59
0.0810136	1022.95
0.08104082	999.234
0.08105442	983.323
0.08107483	976.667
0.08111565	970.057
0.08122449	976.667
0.0812585	1006.04
0.08129252	1019.17
0.08133333	1042.72
0.08136735	1136.15
0.08140136	1253.34
0.08144218	1387.74
0.08147619	1501.86
0.0815102	1701.33
0.08155102	1852.64
0.08158503	2031.14
0.08161905	2127.4
0.08165986	2339.59
0.08169388	2608.13
0.08172789	2803.5
0.08176871	2993.1
0.08180272	3217.3
0.08183673	3401.13
0.08187075	3765.85
0.08191157	3995.79
0.08194558	4185.16
0.08197959	4394.34
0.08202041	4648.29
0.08205442	4932.11
0.08208843	5162.66
0.08212925	5477.89
0.08216327	5888.22
0.08219728	6392.11
0.08223809	6649.73
0.08227211	7099.46
0.08230612	7532.95
0.08238095	8147.35
0.0824898	8833.66
0.08256463	9309.6
0.08263265	9684.81
0.0827415	10168.9
0.08285034	10546.1
0.08295918	10863.3
0.08306803	11190.0
0.08321088	11448.6
0.08331973	11641.0
0.08342857	11792.9
0.08353742	11946.8
0.08361224	12028.2
0.08372109	12147.6
0.08386395	12222.9
0.08404762	12344.2
0.08419048	12466.7
0.08437415	12551.7
0.08455102	12590.5
0.08484354	12637.2
0.085	12637.2
0.1	11866.0
0.100040816	11822.1
0.100122449	11727.6
0.100251701	11555.1
0.100292517	11378.1
0.100333333	11252.4
0.10037415	11121.2
0.100414966	10789.8
0.100462585	10546.1
0.100503401	10352.6
0.10052381	10118.8
0.100544218	8725.26
0.100585034	8496.67
0.10062585	7963.35
0.100639456	7381.03
0.100646259	6761.51
0.100659864	6616.97
0.100680272	6270.94
0.10070068	5965.06
0.100734694	5278.69
0.100755102	5046.07
0.10077551	4782.19
0.100789116	4375.39
0.100809524	4174.84
0.100829932	4090.64
0.100843537	3560.11
0.100863946	2927.31
0.100870748	2755.45
0.100891156	2310.88
0.100911565	1993.87
0.100931973	1679.42
0.100952381	1401.52
0.100972789	1173.94
0.1010068	1046.59
0.1010136	1022.95
0.10104082	999.234
0.10105442	983.323
0.10107483	976.667
0.10111565	970.057
0.10122449	976.667
0.1012585	1006.04
0.10129252	1019.17
0.10133333	1042.72
0.10136735	1136.15
0.10140136	1253.34
0.10144218	1387.74
0.10147619	1501.86
0.1015102	1701.33
0.10155102	1852.64
0.10158503	2031.14
0.10161905	2127.4
0.10165986	2339.59
0.10169388	2608.13
0.10172789	2803.5
0.10176871	2993.1
0.10180272	3217.3
0.10183673	3401.13
0.10187075	3765.85
0.10191157	3995.79
0.10194558	4185.16
0.10197959	4394.34
0.10202041	4648.29
0.10205442	4932.11
0.10208843	5162.66
0.10212925	5477.89
0.10216327	5888.22
0.10219728	6392.11
0.10223809	6649.73
0.10227211	7099.46
0.10230612	7532.95
0.10238095	8147.35
0.1024898	8833.66
0.10256463	9309.6
0.10263265	9684.81
0.1027415	10168.9
0.10285034	10546.1
0.10295918	10863.3
0.10306803	11190.0
0.10321088	11448.6
0.10331973	11641.0
0.10342857	11792.9
0.10353742	11946.8
0.10361224	12028.2
0.10372109	12147.6
0.10386395	12222.9
0.10404762	12344.2
0.10419048	12466.7
0.10437415	12551.7
0.10455102	12590.5
0.10484354	12637.2
0.105	12637.2
0.12	11866.0
0.120040816	11822.1
0.120122449	11727.6
0.120251701	11555.1
0.120292517	11378.1
0.120333333	11252.4
0.12037415	11121.2
0.120414966	10789.8
0.120462585	10546.1
0.120503401	10352.6
0.12052381	10118.8
0.120544218	8725.26
0.120585034	8496.67
0.12062585	7963.35
0.120639456	7381.03
0.120646259	6761.51
0.120659864	6616.97
0.120680272	6270.94
0.12070068	5965.06
0.120734694	5278.69
0.120755102	5046.07
0.12077551	4782.19
0.120789116	4375.39
0.120809524	4174.84
0.120829932	4090.64
0.120843537	3560.11
0.120863946	2927.31
0.120870748	2755.45
0.120891156	2310.88
0.120911565	1993.87
0.120931973	1679.42
0.120952381	1401.52
0.120972789	1173.94
0.1210068	1046.59
0.1210136	1022.95
0.12104082	999.234
0.12105442	983.323
0.12107483	976.667
0.12111565	970.057
0.12122449	976.667
0.1212585	1006.04
0.12129252	1019.17
0.12133333	1042.72
0.12136735	1136.15
0.12140136	1253.34
0.12144218	1387.74
0.12147619	1501.86
0.1215102	1701.33
0.12155102	1852.64
0.12158503	2031.14
0.12161905	2127.4
0.12165986	2339.59
0.12169388	2608.13
0.12172789	2803.5
0.12176871	2993.1
0.12180272	3217.3
0.12183673	3401.13
0.12187075	3765.85
0.12191157	3995.79
0.12194558	4185.16
0.12197959	4394.34
0.12202041	4648.29
0.12205442	4932.11
0.12208843	5162.66
0.12212925	5477.89
0.12216327	5888.22
0.12219728	6392.11
0.12223809	6649.73
0.12227211	7099.46
0.12230612	7532.95
0.12238095	8147.35
0.1224898	8833.66
0.12256463	9309.6
0.12263265	9684.81
0.1227415	10168.9
0.12285034	10546.1
0.12295918	10863.3
0.12306803	11190.0
0.12321088	11448.6
0.12331973	11641.0
0.12342857	11792.9
0.12353742	11946.8
0.12361224	12028.2
0.12372109	12147.6
0.12386395	12222.9
0.12404762	12344.2
0.12419048	12466.7
0.12437415	12551.7
0.12455102	12590.5
0.12484354	12637.2
0.125	12637.2
0.14	11866.0
0.140040816	11822.1
0.140122449	11727.6
0.140251701	11555.1
0.140292517	11378.1
0.140333333	11252.4
0.14037415	11121.2
0.140414966	10789.8
0.140462585	10546.1
0.140503401	10352.6
0.14052381	10118.8
0.140544218	8725.26
0.140585034	8496.67
0.14062585	7963.35
0.140639456	7381.03
0.140646259	6761.51
0.140659864	6616.97
0.140680272	6270.94
0.14070068	5965.06
0.140734694	5278.69
0.140755102	5046.07
0.14077551	4782.19
0.140789116	4375.39
0.140809524	4174.84
0.140829932	4090.64
0.140843537	3560.11
0.140863946	2927.31
0.140870748	2755.45
0.140891156	2310.88
0.140911565	1993.87
0.140931973	1679.42
0.140952381	1401.52
0.140972789	1173.94
0.1410068	1046.59
0.1410136	1022.95
0.14104082	999.234
0.14105442	983.323
0.14107483	976.667
0.14111565	970.057
0.14122449	976.667
0.1412585	1006.04
0.14129252	1019.17
0.14133333	1042.72
0.14136735	1136.15
0.14140136	1253.34
0.14144218	1387.74
0.14147619	1501.86
0.1415102	1701.33
0.14155102	1852.64
0.14158503	2031.14
0.14161905	2127.4
0.14165986	2339.59
0.14169388	2608.13
0.14172789	2803.5
0.14176871	2993.1
0.14180272	3217.3
0.14183673	3401.13
0.14187075	3765.85
0.14191157	3995.79
0.14194558	4185.16
0.14197959	4394.34
0.14202041	4648.29
0.14205442	4932.11
0.14208843	5162.66
0.14212925	5477.89
0.14216327	5888.22
0.14219728	6392.11
0.14223809	6649.73
0.14227211	7099.46
0.14230612	7532.95
0.14238095	8147.35
0.1424898	8833.66
0.14256463	9309.6
0.14263265	9684.81
0.1427415	10168.9
0.14285034	10546.1
0.14295918	10863.3
0.14306803	11190.0
0.14321088	11448.6
0.14331973	11641.0
0.14342857	11792.9
0.14353742	11946.8
0.14361224	12028.2
0.14372109	12147.6
0.14386395	12222.9
0.14404762	12344.2
0.14419048	12466.7
0.14437415	12551.7
0.14455102	12590.5
0.14484354	12637.2
0.145	12637.2
0.16	11866.0
0.160040816	11822.1
0.160122449	11727.6
0.160251701	11555.1
0.160292517	11378.1
0.160333333	11252.4
0.16037415	11121.2
0.160414966	10789.8
0.160462585	10546.1
0.160503401	10352.6
0.16052381	10118.8
0.160544218	8725.26
0.160585034	8496.67
0.16062585	7963.35
0.160639456	7381.03
0.160646259	6761.51
0.160659864	6616.97
0.160680272	6270.94
0.16070068	5965.06
0.160734694	5278.69
0.160755102	5046.07
0.16077551	4782.19
0.160789116	4375.39
0.160809524	4174.84
0.160829932	4090.64
0.160843537	3560.11
0.160863946	2927.31
0.160870748	2755.45
0.160891156	2310.88
0.160911565	1993.87
0.160931973	1679.42
0.160952381	1401.52
0.160972789	1173.94
0.1610068	1046.59
0.1610136	1022.95
0.16104082	999.234
0.16105442	983.323
0.16107483	976.667
0.16111565	970.057
0.16122449	976.667
0.1612585	1006.04
0.16129252	1019.17
0.16133333	1042.72
0.16136735	1136.15
0.16140136	1253.34
0.16144218	1387.74
0.16147619	1501.86
0.1615102	1701.33
0.16155102	1852.64
0.16158503	2031.14
0.16161905	2127.4
0.16165986	2339.59
0.16169388	2608.13
0.16172789	2803.5
0.16176871	2993.1
0.16180272	3217.3
0.16183673	3401.13
0.16187075	3765.85
0.16191157	3995.79
0.16194558	4185.16
0.16197959	4394.34
0.16202041	4648.29
0.16205442	4932.11
0.16208843	5162.66
0.16212925	5477.89
0.16216327	5888.22
0.16219728	6392.11
0.16223809	6649.73
0.16227211	7099.46
0.16230612	7532.95
0.16238095	8147.35
0.1624898	8833.66
0.16256463	9309.6
0.16263265	9684.81
0.1627415	10168.9
0.16285034	10546.1
0.16295918	10863.3
0.16306803	11190.0
0.16321088	11448.6
0.16331973	11641.0
0.16342857	11792.9
0.16353742	11946.8
0.16361224	12028.2
0.16372109	12147.6
0.16386395	12222.9
0.16404762	12344.2
0.16419048	12466.7
0.16437415	12551.7
0.16455102	12590.5
0.16484354	12637.2
0.165	12637.2
0.18	11866.0
0.180040816	11822.1
0.180122449	11727.6
0.180251701	11555.1
0.180292517	11378.1
0.180333333	11252.4
0.18037415	11121.2
0.180414966	10789.8
0.180462585	10546.1
0.180503401	10352.6
0.18052381	10118.8
0.180544218	8725.26
0.180585034	8496.67
0.18062585	7963.35
0.180639456	7381.03
0.180646259	6761.51
0.180659864	6616.97
0.180680272	6270.94
0.18070068	5965.06
0.180734694	5278.69
0.180755102	5046.07
0.18077551	4782.19
0.180789116	4375.39
0.180809524	4174.84
0.180829932	4090.64
0.180843537	3560.11
0.180863946	2927.31
0.180870748	2755.45
0.180891156	2310.88
0.180911565	1993.87
0.180931973	1679.42
0.180952381	1401.52
0.180972789	1173.94
0.1810068	1046.59
0.1810136	1022.95
0.18104082	999.234
0.18105442	983.323
0.18107483	976.667
0.18111565	970.057
0.18122449	976.667
0.1812585	1006.04
0.18129252	1019.17
0.18133333	1042.72
0.18136735	1136.15
0.18140136	1253.34
0.18144218	1387.74
0.18147619	1501.86
0.1815102	1701.33
0.18155102	1852.64
0.18158503	2031.14
0.18161905	2127.4
0.18165986	2339.59
0.18169388	2608.13
0.18172789	2803.5
0.18176871	2993.1
0.18180272	3217.3
0.18183673	3401.13
0.18187075	3765.85
0.18191157	3995.79
0.18194558	4185.16
0.18197959	4394.34
0.18202041	4648.29
0.18205442	4932.11
0.18208843	5162.66
0.18212925	5477.89
0.18216327	5888.22
0.18219728	6392.11
0.18223809	6649.73
0.18227211	7099.46
0.18230612	7532.95
0.18238095	8147.35
0.1824898	8833.66
0.18256463	9309.6
0.18263265	9684.81
0.1827415	10168.9
0.18285034	10546.1
0.18295918	10863.3
0.18306803	11190.0
0.18321088	11448.6
0.18331973	11641.0
0.18342857	11792.9
0.18353742	11946.8
0.18361224	12028.2
0.18372109	12147.6
0.18386395	12222.9
0.18404762	12344.2
0.18419048	12466.7
0.18437415	12551.7
0.18455102	12590.5
0.18484354	12637.2
0.185	12637.2
0.2	11866.0
0.200040816	11822.1
0.200122449	11727.6
0.200251701	11555.1
0.200292517	11378.1
0.200333333	11252.4
0.20037415	11121.2
0.200414966	10789.8
0.200462585	10546.1
0.200503401	10352.6
0.20052381	10118.8
0.200544218	8725.26
0.200585034	8496.67
0.20062585	7963.35
0.200639456	7381.03
0.200646259	6761.51
0.200659864	6616.97
0.200680272	6270.94
0.20070068	5965.06
0.200734694	5278.69
0.200755102	5046.07
0.20077551	4782.19
0.200789116	4375.39
0.200809524	4174.84
0.200829932	4090.64
0.200843537	3560.11
0.200863946	2927.31
0.200870748	2755.45
0.200891156	2310.88
0.200911565	1993.87
0.200931973	1679.42
0.200952381	1401.52
0.200972789	1173.94
0.2010068	1046.59
0.2010136	1022.95
0.20104082	999.234
0.20105442	983.323
0.20107483	976.667
0.20111565	970.057
0.20122449	976.667
0.2012585	1006.04
0.20129252	1019.17
0.20133333	1042.72
0.20136735	1136.15
0.20140136	1253.34
0.20144218	1387.74
0.20147619	1501.86
0.2015102	1701.33
0.20155102	1852.64
0.20158503	2031.14
0.20161905	2127.4
0.20165986	2339.59
0.20169388	2608.13
0.20172789	2803.5
0.20176871	2993.1
0.20180272	3217.3
0.20183673	3401.13
0.20187075	3765.85
0.20191157	3995.79
0.20194558	4185.16
0.20197959	4394.34
0.20202041	4648.29
0.20205442	4932.11
0.20208843	5162.66
0.20212925	5477.89
0.20216327	5888.22
0.20219728	6392.11
0.20223809	6649.73
0.20227211	7099.46
0.20230612	7532.95
0.20238095	8147.35
0.2024898	8833.66
0.20256463	9309.6
0.20263265	9684.81
0.2027415	10168.9
0.20285034	10546.1
0.20295918	10863.3
0.20306803	11190.0
0.20321088	11448.6
0.20331973	11641.0
0.20342857	11792.9
0.20353742	11946.8
0.20361224	12028.2
0.20372109	12147.6
0.20386395	12222.9
0.20404762	12344.2
0.20419048	12466.7
0.20437415	12551.7
0.20455102	12590.5
0.20484354	12637.2
0.205	12637.2
0.22	11866.0
0.220040816	11822.1
0.220122449	11727.6
0.220251701	11555.1
0.220292517	11378.1
0.220333333	11252.4
0.22037415	11121.2
0.220414966	10789.8
0.220462585	10546.1
0.220503401	10352.6
0.22052381	10118.8
0.220544218	8725.26
0.220585034	8496.67
0.22062585	7963.35
0.220639456	7381.03
0.220646259	6761.51
0.220659864	6616.97
0.220680272	6270.94
0.22070068	5965.06
0.220734694	5278.69
0.220755102	5046.07
0.22077551	4782.19
0.220789116	4375.39
0.220809524	4174.84
0.220829932	4090.64
0.220843537	3560.11
0.220863946	2927.31
0.220870748	2755.45
0.220891156	2310.88
0.220911565	1993.87
0.220931973	1679.42
0.220952381	1401.52
0.220972789	1173.94
0.2210068	1046.59
0.2210136	1022.95
0.22104082	999.234
0.22105442	983.323
0.22107483	976.667
0.22111565	970.057
0.22122449	976.667
0.2212585	1006.04
0.22129252	1019.17
0.22133333	1042.72
0.22136735	1136.15
0.22140136	1253.34
0.22144218	1387.74
0.22147619	1501.86
0.2215102	1701.33
0.22155102	1852.64
0.22158503	2031.14
0.22161905	2127.4
0.22165986	2339.59
0.22169388	2608.13
0.22172789	2803.5
0.22176871	2993.1
0.22180272	3217.3
0.22183673	3401.13
0.22187075	3765.85
0.22191157	3995.79
0.22194558	4185.16
0.22197959	4394.34
0.22202041	4648.29
0.22205442	4932.11
0.22208843	5162.66
0.22212925	5477.89
0.22216327	5888.22
0.22219728	6392.11
0.22223809	6649.73
0.22227211	7099.46
0.22230612	7532.95
0.22238095	8147.35
0.2224898	8833.66
0.22256463	9309.6
0.22263265	9684.81
0.2227415	10168.9
0.22285034	10546.1
0.22295918	10863.3
0.22306803	11190.0
0.22321088	11448.6
0.22331973	11641.0
0.22342857	11792.9
0.22353742	11946.8
0.22361224	12028.2
0.22372109	12147.6
0.22386395	12222.9
0.22404762	12344.2
0.22419048	12466.7
0.22437415	12551.7
0.22455102	12590.5
0.22484354	12637.2
0.225	12637.2
0.24	11866.0
0.240040816	11822.1
0.240122449	11727.6
0.240251701	11555.1
0.240292517	11378.1
0.240333333	11252.4
0.24037415	11121.2
0.240414966	10789.8
0.240462585	10546.1
0.240503401	10352.6
0.24052381	10118.8
0.240544218	8725.26
0.240585034	8496.67
0.24062585	7963.35
0.240639456	7381.03
0.240646259	6761.51
0.240659864	6616.97
0.240680272	6270.94
0.24070068	5965.06
0.240734694	5278.69
0.240755102	5046.07
0.24077551	4782.19
0.240789116	4375.39
0.240809524	4174.84
0.240829932	4090.64
0.240843537	3560.11
0.240863946	2927.31
0.240870748	2755.45
0.240891156	2310.88
0.240911565	1993.87
0.240931973	1679.42
0.240952381	1401.52
0.240972789	1173.94
0.2410068	1046.59
0.2410136	1022.95
0.24104082	999.234
0.24105442	983.323
0.24107483	976.667
0.24111565	970.057
0.24122449	976.667
0.2412585	1006.04
0.24129252	1019.17
0.24133333	1042.72
0.24136735	1136.15
0.24140136	1253.34
0.24144218	1387.74
0.24147619	1501.86
0.2415102	1701.33
0.24155102	1852.64
0.24158503	2031.14
0.24161905	2127.4
0.24165986	2339.59
0.24169388	2608.13
0.24172789	2803.5
0.24176871	2993.1
0.24180272	3217.3
0.24183673	3401.13
0.24187075	3765.85
0.24191157	3995.79
0.24194558	4185.16
0.24197959	4394.34
0.24202041	4648.29
0.24205442	4932.11
0.24208843	5162.66
0.24212925	5477.89
0.24216327	5888.22
0.24219728	6392.11
0.24223809	6649.73
0.24227211	7099.46
0.24230612	7532.95
0.24238095	8147.35
0.2424898	8833.66
0.24256463	9309.6
0.24263265	9684.81
0.2427415	10168.9
0.24285034	10546.1
0.24295918	10863.3
0.24306803	11190.0
0.24321088	11448.6
0.24331973	11641.0
0.24342857	11792.9
0.24353742	11946.8
0.24361224	12028.2
0.24372109	12147.6
0.24386395	12222.9
0.24404762	12344.2
0.24419048	12466.7
0.24437415	12551.7
0.24455102	12590.5
0.24484354	12637.2
0.245	12637.2
0.26	11866.0
0.260040816	11822.1
0.260122449	11727.6
0.260251701	11555.1
0.260292517	11378.1
0.260333333	11252.4
0.26037415	11121.2
0.260414966	10789.8
0.260462585	10546.1
0.260503401	10352.6
0.26052381	10118.8
0.260544218	8725.26
0.260585034	8496.67
0.26062585	7963.35
0.260639456	7381.03
0.260646259	6761.51
0.260659864	6616.97
0.260680272	6270.94
0.26070068	5965.06
0.260734694	5278.69
0.260755102	5046.07
0.26077551	4782.19
0.260789116	4375.39
0.260809524	4174.84
0.260829932	4090.64
0.260843537	3560.11
0.260863946	2927.31
0.260870748	2755.45
0.260891156	2310.88
0.260911565	1993.87
0.260931973	1679.42
0.260952381	1401.52
0.260972789	1173.94
0.2610068	1046.59
0.2610136	1022.95
0.26104082	999.234
0.26105442	983.323
0.26107483	976.667
0.26111565	970.057
0.26122449	976.667
0.2612585	1006.04
0.26129252	1019.17
0.26133333	1042.72
0.26136735	1136.15
0.26140136	1253.34
0.26144218	1387.74
0.26147619	1501.86
0.2615102	1701.33
0.26155102	1852.64
0.26158503	2031.14
0.26161905	2127.4
0.26165986	2339.59
0.26169388	2608.13
0.26172789	2803.5
0.26176871	2993.1
0.26180272	3217.3
0.26183673	3401.13
0.26187075	3765.85
0.26191157	3995.79
0.26194558	4185.16
0.26197959	4394.34
0.26202041	4648.29
0.26205442	4932.11
0.26208843	5162.66
0.26212925	5477.89
0.26216327	5888.22
0.26219728	6392.11
0.26223809	6649.73
0.26227211	7099.46
0.26230612	7532.95
0.26238095	8147.35
0.2624898	8833.66
0.26256463	9309.6
0.26263265	9684.81
0.2627415	10168.9
0.26285034	10546.1
0.26295918	10863.3
0.26306803	11190.0
0.26321088	11448.6
0.26331973	11641.0
0.26342857	11792.9
0.26353742	11946.8
0.26361224	12028.2
0.26372109	12147.6
0.26386395	12222.9
0.26404762	12344.2
0.26419048	12466.7
0.26437415	12551.7
0.26455102	12590.5
0.26484354	12637.2
0.265	12637.2
0.28	11866.0
0.280040816	11822.1
0.280122449	11727.6
0.280251701	11555.1
0.280292517	11378.1
0.280333333	11252.4
0.28037415	11121.2
0.280414966	10789.8
0.280462585	10546.1
0.280503401	10352.6
0.28052381	10118.8
0.280544218	8725.26
0.280585034	8496.67
0.28062585	7963.35
0.280639456	7381.03
0.280646259	6761.51
0.280659864	6616.97
0.280680272	6270.94
0.28070068	5965.06
0.280734694	5278.69
0.280755102	5046.07
0.28077551	4782.19
0.280789116	4375.39
0.280809524	4174.84
0.280829932	4090.64
0.280843537	3560.11
0.280863946	2927.31
0.280870748	2755.45
0.280891156	2310.88
0.280911565	1993.87
0.280931973	1679.42
0.280952381	1401.52
0.280972789	1173.94
0.2810068	1046.59
0.2810136	1022.95
0.28104082	999.234
0.28105442	983.323
0.28107483	976.667
0.28111565	970.057
0.28122449	976.667
0.2812585	1006.04
0.28129252	1019.17
0.28133333	1042.72
0.28136735	1136.15
0.28140136	1253.34
0.28144218	1387.74
0.28147619	1501.86
0.2815102	1701.33
0.28155102	1852.64
0.28158503	2031.14
0.28161905	2127.4
0.28165986	2339.59
0.28169388	2608.13
0.28172789	2803.5
0.28176871	2993.1
0.28180272	3217.3
0.28183673	3401.13
0.28187075	3765.85
0.28191157	3995.79
0.28194558	4185.16
0.28197959	4394.34
0.28202041	4648.29
0.28205442	4932.11
0.28208843	5162.66
0.28212925	5477.89
0.28216327	5888.22
0.28219728	6392.11
0.28223809	6649.73
0.28227211	7099.46
0.28230612	7532.95
0.28238095	8147.35
0.2824898	8833.66
0.28256463	9309.6
0.28263265	9684.81
0.2827415	10168.9
0.28285034	10546.1
0.28295918	10863.3
0.28306803	11190.0
0.28321088	11448.6
0.28331973	11641.0
0.28342857	11792.9
0.28353742	11946.8
0.28361224	12028.2
0.28372109	12147.6
0.28386395	12222.9
0.28404762	12344.2
0.28419048	12466.7
0.28437415	12551.7
0.28455102	12590.5
0.28484354	12637.2
0.285	12637.2
0.3	11866.0
0.300040816	11822.1
0.300122449	11727.6
0.300251701	11555.1
0.300292517	11378.1
0.300333333	11252.4
0.30037415	11121.2
0.300414966	10789.8
0.300462585	10546.1
0.300503401	10352.6
0.30052381	10118.8
0.300544218	8725.26
0.300585034	8496.67
0.30062585	7963.35
0.300639456	7381.03
0.300646259	6761.51
0.300659864	6616.97
0.300680272	6270.94
0.30070068	5965.06
0.300734694	5278.69
0.300755102	5046.07
0.30077551	4782.19
0.300789116	4375.39
0.300809524	4174.84
0.300829932	4090.64
0.300843537	3560.11
0.300863946	2927.31
0.300870748	2755.45
0.300891156	2310.88
0.300911565	1993.87
0.300931973	1679.42
0.300952381	1401.52
0.300972789	1173.94
0.3010068	1046.59
0.3010136	1022.95
0.30104082	999.234
0.30105442	983.323
0.30107483	976.667
0.30111565	970.057
0.30122449	976.667
0.3012585	1006.04
0.30129252	1019.17
0.30133333	1042.72
0.30136735	1136.15
0.30140136	1253.34
0.30144218	1387.74
0.30147619	1501.86
0.3015102	1701.33
0.30155102	1852.64
0.30158503	2031.14
0.30161905	2127.4
0.30165986	2339.59
0.30169388	2608.13
0.30172789	2803.5
0.30176871	2993.1
0.30180272	3217.3
0.30183673	3401.13
0.30187075	3765.85
0.30191157	3995.79
0.30194558	4185.16
0.30197959	4394.34
0.30202041	4648.29
0.30205442	4932.11
0.30208843	5162.66
0.30212925	5477.89
0.30216327	5888.22
0.30219728	6392.11
0.30223809	6649.73
0.30227211	7099.46
0.30230612	7532.95
0.30238095	8147.35
0.3024898	8833.66
0.30256463	9309.6
0.30263265	9684.81
0.3027415	10168.9
0.30285034	10546.1
0.30295918	10863.3
0.30306803	11190.0
0.30321088	11448.6
0.30331973	11641.0
0.30342857	11792.9
0.30353742	11946.8
0.30361224	12028.2
0.30372109	12147.6
0.30386395	12222.9
0.30404762	12344.2
0.30419048	12466.7
0.30437415	12551.7
0.30455102	12590.5
0.30484354	12637.2
0.305	12637.2
0.32	11866.0
0.320040816	11822.1
0.320122449	11727.6
0.320251701	11555.1
0.320292517	11378.1
0.320333333	11252.4
0.32037415	11121.2
0.320414966	10789.8
0.320462585	10546.1
0.320503401	10352.6
0.32052381	10118.8
0.320544218	8725.26
0.320585034	8496.67
0.32062585	7963.35
0.320639456	7381.03
0.320646259	6761.51
0.320659864	6616.97
0.320680272	6270.94
0.32070068	5965.06
0.320734694	5278.69
0.320755102	5046.07
0.32077551	4782.19
0.320789116	4375.39
0.320809524	4174.84
0.320829932	4090.64
0.320843537	3560.11
0.320863946	2927.31
0.320870748	2755.45
0.320891156	2310.88
0.320911565	1993.87
0.320931973	1679.42
0.320952381	1401.52
0.320972789	1173.94
0.3210068	1046.59
0.3210136	1022.95
0.32104082	999.234
0.32105442	983.323
0.32107483	976.667
0.32111565	970.057
0.32122449	976.667
0.3212585	1006.04
0.32129252	1019.17
0.32133333	1042.72
0.32136735	1136.15
0.32140136	1253.34
0.32144218	1387.74
0.32147619	1501.86
0.3215102	1701.33
0.32155102	1852.64
0.32158503	2031.14
0.32161905	2127.4
0.32165986	2339.59
0.32169388	2608.13
0.32172789	2803.5
0.32176871	2993.1
0.32180272	3217.3
0.32183673	3401.13
0.32187075	3765.85
0.32191157	3995.79
0.32194558	4185.16
0.32197959	4394.34
0.32202041	4648.29
0.32205442	4932.11
0.32208843	5162.66
0.32212925	5477.89
0.32216327	5888.22
0.32219728	6392.11
0.32223809	6649.73
0.32227211	7099.46
0.32230612	7532.95
0.32238095	8147.35
0.3224898	8833.66
0.32256463	9309.6
0.32263265	9684.81
0.3227415	10168.9
0.32285034	10546.1
0.32295918	10863.3
0.32306803	11190.0
0.32321088	11448.6
0.32331973	11641.0
0.32342857	11792.9
0.32353742	11946.8
0.32361224	12028.2
0.32372109	12147.6
0.32386395	12222.9
0.32404762	12344.2
0.32419048	12466.7
0.32437415	12551.7
0.32455102	12590.5
0.32484354	12637.2
0.325	12637.2
0.34	11866.0
0.340040816	11822.1
0.340122449	11727.6
0.340251701	11555.1
0.340292517	11378.1
0.340333333	11252.4
0.34037415	11121.2
0.340414966	10789.8
0.340462585	10546.1
0.340503401	10352.6
0.34052381	10118.8
0.340544218	8725.26
0.340585034	8496.67
0.34062585	7963.35
0.340639456	7381.03
0.340646259	6761.51
0.340659864	6616.97
0.340680272	6270.94
0.34070068	5965.06
0.340734694	5278.69
0.340755102	5046.07
0.34077551	4782.19
0.340789116	4375.39
0.340809524	4174.84
0.340829932	4090.64
0.340843537	3560.11
0.340863946	2927.31
0.340870748	2755.45
0.340891156	2310.88
0.340911565	1993.87
0.340931973	1679.42
0.340952381	1401.52
0.340972789	1173.94
0.3410068	1046.59
0.3410136	1022.95
0.34104082	999.234
0.34105442	983.323
0.34107483	976.667
0.34111565	970.057
0.34122449	976.667
0.3412585	1006.04
0.34129252	1019.17
0.34133333	1042.72
0.34136735	1136.15
0.34140136	1253.34
0.34144218	1387.74
0.34147619	1501.86
0.3415102	1701.33
0.34155102	1852.64
0.34158503	2031.14
0.34161905	2127.4
0.34165986	2339.59
0.34169388	2608.13
0.34172789	2803.5
0.34176871	2993.1
0.34180272	3217.3
0.34183673	3401.13
0.34187075	3765.85
0.34191157	3995.79
0.34194558	4185.16
0.34197959	4394.34
0.34202041	4648.29
0.34205442	4932.11
0.34208843	5162.66
0.34212925	5477.89
0.34216327	5888.22
0.34219728	6392.11
0.34223809	6649.73
0.34227211	7099.46
0.34230612	7532.95
0.34238095	8147.35
0.3424898	8833.66
0.34256463	9309.6
0.34263265	9684.81
0.3427415	10168.9
0.34285034	10546.1
0.34295918	10863.3
0.34306803	11190.0
0.34321088	11448.6
0.34331973	11641.0
0.34342857	11792.9
0.34353742	11946.8
0.34361224	12028.2
0.34372109	12147.6
0.34386395	12222.9
0.34404762	12344.2
0.34419048	12466.7
0.34437415	12551.7
0.34455102	12590.5
0.34484354	12637.2
0.345	12637.2
0.36	11866.0
0.360040816	11822.1
0.360122449	11727.6
0.360251701	11555.1
0.360292517	11378.1
0.360333333	11252.4
0.36037415	11121.2
0.360414966	10789.8
0.360462585	10546.1
0.360503401	10352.6
0.36052381	10118.8
0.360544218	8725.26
0.360585034	8496.67
0.36062585	7963.35
0.360639456	7381.03
0.360646259	6761.51
0.360659864	6616.97
0.360680272	6270.94
0.36070068	5965.06
0.360734694	5278.69
0.360755102	5046.07
0.36077551	4782.19
0.360789116	4375.39
0.360809524	4174.84
0.360829932	4090.64
0.360843537	3560.11
0.360863946	2927.31
0.360870748	2755.45
0.360891156	2310.88
0.360911565	1993.87
0.360931973	1679.42
0.360952381	1401.52
0.360972789	1173.94
0.3610068	1046.59
0.3610136	1022.95
0.36104082	999.234
0.36105442	983.323
0.36107483	976.667
0.36111565	970.057
0.36122449	976.667
0.3612585	1006.04
0.36129252	1019.17
0.36133333	1042.72
0.36136735	1136.15
0.36140136	1253.34
0.36144218	1387.74
0.36147619	1501.86
0.3615102	1701.33
0.36155102	1852.64
0.36158503	2031.14
0.36161905	2127.4
0.36165986	2339.59
0.36169388	2608.13
0.36172789	2803.5
0.36176871	2993.1
0.36180272	3217.3
0.36183673	3401.13
0.36187075	3765.85
0.36191157	3995.79
0.36194558	4185.16
0.36197959	4394.34
0.36202041	4648.29
0.36205442	4932.11
0.36208843	5162.66
0.36212925	5477.89
0.36216327	5888.22
0.36219728	6392.11
0.36223809	6649.73
0.36227211	7099.46
0.36230612	7532.95
0.36238095	8147.35
0.3624898	8833.66
0.36256463	9309.6
0.36263265	9684.81
0.3627415	10168.9
0.36285034	10546.1
0.36295918	10863.3
0.36306803	11190.0
0.36321088	11448.6
0.36331973	11641.0
0.36342857	11792.9
0.36353742	11946.8
0.36361224	12028.2
0.36372109	12147.6
0.36386395	12222.9
0.36404762	12344.2
0.36419048	12466.7
0.36437415	12551.7
0.36455102	12590.5
0.36484354	12637.2
0.365	12637.2
0.38	11866.0
0.380040816	11822.1
0.380122449	11727.6
0.380251701	11555.1
0.380292517	11378.1
0.380333333	11252.4
0.38037415	11121.2
0.380414966	10789.8
0.380462585	10546.1
0.380503401	10352.6
0.38052381	10118.8
0.380544218	8725.26
0.380585034	8496.67
0.38062585	7963.35
0.380639456	7381.03
0.380646259	6761.51
0.380659864	6616.97
0.380680272	6270.94
0.38070068	5965.06
0.380734694	5278.69
0.380755102	5046.07
0.38077551	4782.19
0.380789116	4375.39
0.380809524	4174.84
0.380829932	4090.64
0.380843537	3560.11
0.380863946	2927.31
0.380870748	2755.45
0.380891156	2310.88
0.380911565	1993.87
0.380931973	1679.42
0.380952381	1401.52
0.380972789	1173.94
0.3810068	1046.59
0.3810136	1022.95
0.38104082	999.234
0.38105442	983.323
0.38107483	976.667
0.38111565	970.057
0.38122449	976.667
0.3812585	1006.04
0.38129252	1019.17
0.38133333	1042.72
0.38136735	1136.15
0.38140136	1253.34
0.38144218	1387.74
0.38147619	1501.86
0.3815102	1701.33
0.38155102	1852.64
0.38158503	2031.14
0.38161905	2127.4
0.38165986	2339.59
0.38169388	2608.13
0.38172789	2803.5
0.38176871	2993.1
0.38180272	3217.3
0.38183673	3401.13
0.38187075	3765.85
0.38191157	3995.79
0.38194558	4185.16
0.38197959	4394.34
0.38202041	4648.29
0.38205442	4932.11
0.38208843	5162.66
0.38212925	5477.89
0.38216327	5888.22
0.38219728	6392.11
0.38223809	6649.73
0.38227211	7099.46
0.38230612	7532.95
0.38238095	8147.35
0.3824898	8833.66
0.38256463	9309.6
0.38263265	9684.81
0.3827415	10168.9
0.38285034	10546.1
0.38295918	10863.3
0.38306803	11190.0
0.38321088	11448.6
0.38331973	11641.0
0.38342857	11792.9
0.38353742	11946.8
0.38361224	12028.2
0.38372109	12147.6
0.38386395	12222.9
0.38404762	12344.2
0.38419048	12466.7
0.38437415	12551.7
0.38455102	12590.5
0.38484354	12637.2
0.385	12637.2
