0.0	25283.0
4.1e-05	25110.2
0.000123	24740.0
0.000252	24070.7
0.000293	23392.8
0.000333	22916.6
0.000374	22424.4
0.000415	21203.4
0.000463	20325.6
0.000504	19640.6
0.000524	18827.6
0.000544	14311.8
0.000585	13625.6
0.000626	12085.0
0.00064	10500.5
0.000646	8927.7
0.00066	8577.7
0.00068	7765.99
0.000701	7079.46
0.000735	5646.01
0.000755	5194.16
0.000776	4702.63
0.000789	3989.15
0.00081	3657.34
0.00083	3521.99
0.000844	2723.52
0.000864	1895.91
0.000871	1695.06
0.000891	1223.92
0.000912	931.425
0.000932	677.936
0.000953	485.05
0.000973	349.431
0.001007	282.525
0.001014	270.83
0.001041	259.321
0.001055	251.731
0.001075	248.586
0.001116	245.481
0.001225	248.586
0.001259	262.602
0.001293	268.979
0.001333	280.595
0.001367	328.897
0.001401	394.425
0.001442	476.262
0.001476	551.273
0.00151	694.401
0.001551	813.005
0.001585	963.907
0.001619	1050.16
0.00166	1252.21
0.001694	1531.15
0.001728	1750.17
0.001769	1975.53
0.001803	2258.11
0.001837	2502.7
0.001871	3021.97
0.001912	3372.33
0.001946	3674.09
0.00198	4021.18
0.002021	4461.83
0.002055	4979.13
0.002089	5418.47
0.002129	6046.68
0.002163	6911.6
0.002197	8046.01
0.002238	8656.47
0.002272	9771.11
0.002306	10904.0
0.002381	12606.9
0.00249	14642.6
0.002565	16136.1
0.002633	17360.4
0.002742	19000.5
0.00285	20325.6
0.002959	21471.6
0.003068	22682.1
0.003211	23661.7
0.00332	24403.0
0.003429	24995.7
0.003538	25602.8
0.003612	25926.6
0.003721	26405.0
0.003864	26708.4
0.004048	27201.2
0.004191	27703.1
0.004374	28053.5
0.004551	28214.2
0.004844	28408.3
0.005	28408.3
0.01	25283.0
0.010041	25110.2
0.010123	24740.0
0.010252	24070.7
0.010293	23392.8
0.010333	22916.6
0.010374	22424.4
0.010415	21203.4
0.010463	20325.6
0.010504	19640.6
0.010524	18827.6
0.010544	14311.8
0.010585	13625.6
0.010626	12085.0
0.01064	10500.5
0.010646	8927.7
0.01066	8577.7
0.01068	7765.99
0.010701	7079.46
0.010735	5646.01
0.010755	5194.16
0.010776	4702.63
0.010789	3989.15
0.01081	3657.34
0.01083	3521.99
0.010844	2723.52
0.010864	1895.91
0.010871	1695.06
0.010891	1223.92
0.010912	931.425
0.010932	677.936
0.010953	485.05
0.010973	349.431
0.011007	282.525
0.011014	270.83
0.011041	259.321
0.011055	251.731
0.011075	248.586
0.011116	245.481
0.011225	248.586
0.011259	262.602
0.011293	268.979
0.011333	280.595
0.011367	328.897
0.011401	394.425
0.011442	476.262
0.011476	551.273
0.01151	694.401
0.011551	813.005
0.011585	963.907
0.011619	1050.16
0.01166	1252.21
0.011694	1531.15
0.011728	1750.17
0.011769	1975.53
0.011803	2258.11
0.011837	2502.7
0.011871	3021.97
0.011912	3372.33
0.011946	3674.09
0.01198	4021.18
0.012021	4461.83
0.012055	4979.13
0.012089	5418.47
0.012129	6046.68
0.012163	6911.6
0.012197	8046.01
0.012238	8656.47
0.012272	9771.11
0.012306	10904.0
0.012381	12606.9
0.01249	14642.6
0.012565	16136.1
0.012633	17360.4
0.012742	19000.5
0.01285	20325.6
0.012959	21471.6
0.013068	22682.1
0.013211	23661.7
0.01332	24403.0
0.013429	24995.7
0.013538	25602.8
0.013612	25926.6
0.013721	26405.0
0.013864	26708.4
0.014048	27201.2
0.014191	27703.1
0.014374	28053.5
0.014551	28214.2
0.014844	28408.3
0.015	28408.3
0.02	25283.0
0.020041	25110.2
0.020123	24740.0
0.020252	24070.7
0.020293	23392.8
0.020333	22916.6
0.020374	22424.4
0.020415	21203.4
0.020463	20325.6
0.020504	19640.6
0.020524	18827.6
0.020544	14311.8
0.020585	13625.6
0.020626	12085.0
0.02064	10500.5
0.020646	8927.7
0.02066	8577.7
0.02068	7765.99
0.020701	7079.46
0.020735	5646.01
0.020755	5194.16
0.020776	4702.63
0.020789	3989.15
0.02081	3657.34
0.02083	3521.99
0.020844	2723.52
0.020864	1895.91
0.020871	1695.06
0.020891	1223.92
0.020912	931.425
0.020932	677.936
0.020953	485.05
0.020973	349.431
0.021007	282.525
0.021014	270.83
0.021041	259.321
0.021055	251.731
0.021075	248.586
0.021116	245.481
0.021225	248.586
0.021259	262.602
0.021293	268.979
0.021333	280.595
0.021367	328.897
0.021401	394.425
0.021442	476.262
0.021476	551.273
0.02151	694.401
0.021551	813.005
0.021585	963.907
0.021619	1050.16
0.02166	1252.21
0.021694	1531.15
0.021728	1750.17
0.021769	1975.53
0.021803	2258.11
0.021837	2502.7
0.021871	3021.97
0.021912	3372.33
0.021946	3674.09
0.02198	4021.18
0.022021	4461.83
0.022055	4979.13
0.022089	5418.47
0.022129	6046.68
0.022163	6911.6
0.022197	8046.01
0.022238	8656.47
0.022272	9771.11
0.022306	10904.0
0.022381	12606.9
0.02249	14642.6
0.022565	16136.1
0.022633	17360.4
0.022742	19000.5
0.02285	20325.6
0.022959	21471.6
0.023068	22682.1
0.023211	23661.7
0.02332	24403.0
0.023429	24995.7
0.023538	25602.8
0.023612	25926.6
0.023721	26405.0
0.023864	26708.4
0.024048	27201.2
0.024191	27703.1
0.024374	28053.5
0.024551	28214.2
0.024844	28408.3
0.025	28408.3
0.03	25283.0
0.030041	25110.2
0.030123	24740.0
0.030252	24070.7
0.030293	23392.8
0.030333	22916.6
0.030374	22424.4
0.030415	21203.4
0.030463	20325.6
0.030504	19640.6
0.030524	18827.6
0.030544	14311.8
0.030585	13625.6
0.030626	12085.0
0.03064	10500.5
0.030646	8927.7
0.03066	8577.7
0.03068	7765.99
0.030701	7079.46
0.030735	5646.01
0.030755	5194.16
0.030776	4702.63
0.030789	3989.15
0.03081	3657.34
0.03083	3521.99
0.030844	2723.52
0.030864	1895.91
0.030871	1695.06
0.030891	1223.92
0.030912	931.425
0.030932	677.936
0.030953	485.05
0.030973	349.431
0.031007	282.525
0.031014	270.83
0.031041	259.321
0.031055	251.731
0.031075	248.586
0.031116	245.481
0.031225	248.586
0.031259	262.602
0.031293	268.979
0.031333	280.595
0.031367	328.897
0.031401	394.425
0.031442	476.262
0.031476	551.273
0.03151	694.401
0.031551	813.005
0.031585	963.907
0.031619	1050.16
0.03166	1252.21
0.031694	1531.15
0.031728	1750.17
0.031769	1975.53
0.031803	2258.11
0.031837	2502.7
0.031871	3021.97
0.031912	3372.33
0.031946	3674.09
0.03198	4021.18
0.032021	4461.83
0.032055	4979.13
0.032089	5418.47
0.032129	6046.68
0.032163	6911.6
0.032197	8046.01
0.032238	8656.47
0.032272	9771.11
0.032306	10904.0
0.032381	12606.9
0.03249	14642.6
0.032565	16136.1
0.032633	17360.4
0.032742	19000.5
0.03285	20325.6
0.032959	21471.6
0.033068	22682.1
0.033211	23661.7
0.03332	24403.0
0.033429	24995.7
0.033538	25602.8
0.033612	25926.6
0.033721	26405.0
0.033864	26708.4
0.034048	27201.2
0.034191	27703.1
0.034374	28053.5
0.034551	28214.2
0.034844	28408.3
0.035	28408.3
0.04	25283.0
0.040041	25110.2
0.040123	24740.0
0.040252	24070.7
0.040293	23392.8
0.040333	22916.6
0.040374	22424.4
0.040415	21203.4
0.040463	20325.6
0.040504	19640.6
0.040524	18827.6
0.040544	14311.8
0.040585	13625.6
0.040626	12085.0
0.04064	10500.5
0.040646	8927.7
0.04066	8577.7
0.04068	7765.99
0.040701	7079.46
0.040735	5646.01
0.040755	5194.16
0.040776	4702.63
0.040789	3989.15
0.04081	3657.34
0.04083	3521.99
0.040844	2723.52
0.040864	1895.91
0.040871	1695.06
0.040891	1223.92
0.040912	931.425
0.040932	677.936
0.040953	485.05
0.040973	349.431
0.041007	282.525
0.041014	270.83
0.041041	259.321
0.041055	251.731
0.041075	248.586
0.041116	245.481
0.041225	248.586
0.041259	262.602
0.041293	268.979
0.041333	280.595
0.041367	328.897
0.041401	394.425
0.041442	476.262
0.041476	551.273
0.04151	694.401
0.041551	813.005
0.041585	963.907
0.041619	1050.16
0.04166	1252.21
0.041694	1531.15
0.041728	1750.17
0.041769	1975.53
0.041803	2258.11
0.041837	2502.7
0.041871	3021.97
0.041912	3372.33
0.041946	3674.09
0.04198	4021.18
0.042021	4461.83
0.042055	4979.13
0.042089	5418.47
0.042129	6046.68
0.042163	6911.6
0.042197	8046.01
0.042238	8656.47
0.042272	9771.11
0.042306	10904.0
0.042381	12606.9
0.04249	14642.6
0.042565	16136.1
0.042633	17360.4
0.042742	19000.5
0.04285	20325.6
0.042959	21471.6
0.043068	22682.1
0.043211	23661.7
0.04332	24403.0
0.043429	24995.7
0.043538	25602.8
0.043612	25926.6
0.043721	26405.0
0.043864	26708.4
0.044048	27201.2
0.044191	27703.1
0.044374	28053.5
0.044551	28214.2
0.044844	28408.3
0.045	28408.3
0.05	25283.0
0.050041	25110.2
0.050123	24740.0
0.050252	24070.7
0.050293	23392.8
0.050333	22916.6
0.050374	22424.4
0.050415	21203.4
0.050463	20325.6
0.050504	19640.6
0.050524	18827.6
0.050544	14311.8
0.050585	13625.6
0.050626	12085.0
0.05064	10500.5
0.050646	8927.7
0.05066	8577.7
0.05068	7765.99
0.050701	7079.46
0.050735	5646.01
0.050755	5194.16
0.050776	4702.63
0.050789	3989.15
0.05081	3657.34
0.05083	3521.99
0.050844	2723.52
0.050864	1895.91
0.050871	1695.06
0.050891	1223.92
0.050912	931.425
0.050932	677.936
0.050953	485.05
0.050973	349.431
0.051007	282.525
0.051014	270.83
0.051041	259.321
0.051055	251.731
0.051075	248.586
0.051116	245.481
0.051225	248.586
0.051259	262.602
0.051293	268.979
0.051333	280.595
0.051367	328.897
0.051401	394.425
0.051442	476.262
0.051476	551.273
0.05151	694.401
0.051551	813.005
0.051585	963.907
0.051619	1050.16
0.05166	1252.21
0.051694	1531.15
0.051728	1750.17
0.051769	1975.53
0.051803	2258.11
0.051837	2502.7
0.051871	3021.97
0.051912	3372.33
0.051946	3674.09
0.05198	4021.18
0.052021	4461.83
0.052055	4979.13
0.052089	5418.47
0.052129	6046.68
0.052163	6911.6
0.052197	8046.01
0.052238	8656.47
0.052272	9771.11
0.052306	10904.0
0.052381	12606.9
0.05249	14642.6
0.052565	16136.1
0.052633	17360.4
0.052742	19000.5
0.05285	20325.6
0.052959	21471.6
0.053068	22682.1
0.053211	23661.7
0.05332	24403.0
0.053429	24995.7
0.053538	25602.8
0.053612	25926.6
0.053721	26405.0
0.053864	26708.4
0.054048	27201.2
0.054191	27703.1
0.054374	28053.5
0.054551	28214.2
0.054844	28408.3
0.055	28408.3
0.06	25283.0
0.060041	25110.2
0.060123	24740.0
0.060252	24070.7
0.060293	23392.8
0.060333	22916.6
0.060374	22424.4
0.060415	21203.4
0.060463	20325.6
0.060504	19640.6
0.060524	18827.6
0.060544	14311.8
0.060585	13625.6
0.060626	12085.0
0.06064	10500.5
0.060646	8927.7
0.06066	8577.7
0.06068	7765.99
0.060701	7079.46
0.060735	5646.01
0.060755	5194.16
0.060776	4702.63
0.060789	3989.15
0.06081	3657.34
0.06083	3521.99
0.060844	2723.52
0.060864	1895.91
0.060871	1695.06
0.060891	1223.92
0.060912	931.425
0.060932	677.936
0.060953	485.05
0.060973	349.431
0.061007	282.525
0.061014	270.83
0.061041	259.321
0.061055	251.731
0.061075	248.586
0.061116	245.481
0.061225	248.586
0.061259	262.602
0.061293	268.979
0.061333	280.595
0.061367	328.897
0.061401	394.425
0.061442	476.262
0.061476	551.273
0.06151	694.401
0.061551	813.005
0.061585	963.907
0.061619	1050.16
0.06166	1252.21
0.061694	1531.15
0.061728	1750.17
0.061769	1975.53
0.061803	2258.11
0.061837	2502.7
0.061871	3021.97
0.061912	3372.33
0.061946	3674.09
0.06198	4021.18
0.062021	4461.83
0.062055	4979.13
0.062089	5418.47
0.062129	6046.68
0.062163	6911.6
0.062197	8046.01
0.062238	8656.47
0.062272	9771.11
0.062306	10904.0
0.062381	12606.9
0.06249	14642.6
0.062565	16136.1
0.062633	17360.4
0.062742	19000.5
0.06285	20325.6
0.062959	21471.6
0.063068	22682.1
0.063211	23661.7
0.06332	24403.0
0.063429	24995.7
0.063538	25602.8
0.063612	25926.6
0.063721	26405.0
0.063864	26708.4
0.064048	27201.2
0.064191	27703.1
0.064374	28053.5
0.064551	28214.2
0.064844	28408.3
0.065	28408.3
0.07	25283.0
0.070041	25110.2
0.070123	24740.0
0.070252	24070.7
0.070293	23392.8
0.070333	22916.6
0.070374	22424.4
0.070415	21203.4
0.070463	20325.6
0.070504	19640.6
0.070524	18827.6
0.070544	14311.8
0.070585	13625.6
0.070626	12085.0
0.07064	10500.5
0.070646	8927.7
0.07066	8577.7
0.07068	7765.99
0.070701	7079.46
0.070735	5646.01
0.070755	5194.16
0.070776	4702.63
0.070789	3989.15
0.07081	3657.34
0.07083	3521.99
0.070844	2723.52
0.070864	1895.91
0.070871	1695.06
0.070891	1223.92
0.070912	931.425
0.070932	677.936
0.070953	485.05
0.070973	349.431
0.071007	282.525
0.071014	270.83
0.071041	259.321
0.071055	251.731
0.071075	248.586
0.071116	245.481
0.071225	248.586
0.071259	262.602
0.071293	268.979
0.071333	280.595
0.071367	328.897
0.071401	394.425
0.071442	476.262
0.071476	551.273
0.07151	694.401
0.071551	813.005
0.071585	963.907
0.071619	1050.16
0.07166	1252.21
0.071694	1531.15
0.071728	1750.17
0.071769	1975.53
0.071803	2258.11
0.071837	2502.7
0.071871	3021.97
0.071912	3372.33
0.071946	3674.09
0.07198	4021.18
0.072021	4461.83
0.072055	4979.13
0.072089	5418.47
0.072129	6046.68
0.072163	6911.6
0.072197	8046.01
0.072238	8656.47
0.072272	9771.11
0.072306	10904.0
0.072381	12606.9
0.07249	14642.6
0.072565	16136.1
0.072633	17360.4
0.072742	19000.5
0.07285	20325.6
0.072959	21471.6
0.073068	22682.1
0.073211	23661.7
0.07332	24403.0
0.073429	24995.7
0.073538	25602.8
0.073612	25926.6
0.073721	26405.0
0.073864	26708.4
0.074048	27201.2
0.074191	27703.1
0.074374	28053.5
0.074551	28214.2
0.074844	28408.3
0.075	28408.3
0.08	25283.0
0.080041	25110.2
0.080123	24740.0
0.080252	24070.7
0.080293	23392.8
0.080333	22916.6
0.080374	22424.4
0.080415	21203.4
0.080463	20325.6
0.080504	19640.6
0.080524	18827.6
0.080544	14311.8
0.080585	13625.6
0.080626	12085.0
0.08064	10500.5
0.080646	8927.7
0.08066	8577.7
0.08068	7765.99
0.080701	7079.46
0.080735	5646.01
0.080755	5194.16
0.080776	4702.63
0.080789	3989.15
0.08081	3657.34
0.08083	3521.99
0.080844	2723.52
0.080864	1895.91
0.080871	1695.06
0.080891	1223.92
0.080912	931.425
0.080932	677.936
0.080953	485.05
0.080973	349.431
0.081007	282.525
0.081014	270.83
0.081041	259.321
0.081055	251.731
0.081075	248.586
0.081116	245.481
0.081225	248.586
0.081259	262.602
0.081293	268.979
0.081333	280.595
0.081367	328.897
0.081401	394.425
0.081442	476.262
0.081476	551.273
0.08151	694.401
0.081551	813.005
0.081585	963.907
0.081619	1050.16
0.08166	1252.21
0.081694	1531.15
0.081728	1750.17
0.081769	1975.53
0.081803	2258.11
0.081837	2502.7
0.081871	3021.97
0.081912	3372.33
0.081946	3674.09
0.08198	4021.18
0.082021	4461.83
0.082055	4979.13
0.082089	5418.47
0.082129	6046.68
0.082163	6911.6
0.082197	8046.01
0.082238	8656.47
0.082272	9771.11
0.082306	10904.0
0.082381	12606.9
0.08249	14642.6
0.082565	16136.1
0.082633	17360.4
0.082742	19000.5
0.08285	20325.6
0.082959	21471.6
0.083068	22682.1
0.083211	23661.7
0.08332	24403.0
0.083429	24995.7
0.083538	25602.8
0.083612	25926.6
0.083721	26405.0
0.083864	26708.4
0.084048	27201.2
0.084191	27703.1
0.084374	28053.5
0.084551	28214.2
0.084844	28408.3
0.085	28408.3
0.09	25283.0
0.090041	25110.2
0.090123	24740.0
0.090252	24070.7
0.090293	23392.8
0.090333	22916.6
0.090374	22424.4
0.090415	21203.4
0.090463	20325.6
0.090504	19640.6
0.090524	18827.6
0.090544	14311.8
0.090585	13625.6
0.090626	12085.0
0.09064	10500.5
0.090646	8927.7
0.09066	8577.7
0.09068	7765.99
0.090701	7079.46
0.090735	5646.01
0.090755	5194.16
0.090776	4702.63
0.090789	3989.15
0.09081	3657.34
0.09083	3521.99
0.090844	2723.52
0.090864	1895.91
0.090871	1695.06
0.090891	1223.92
0.090912	931.425
0.090932	677.936
0.090953	485.05
0.090973	349.431
0.091007	282.525
0.091014	270.83
0.091041	259.321
0.091055	251.731
0.091075	248.586
0.091116	245.481
0.091225	248.586
0.091259	262.602
0.091293	268.979
0.091333	280.595
0.091367	328.897
0.091401	394.425
0.091442	476.262
0.091476	551.273
0.09151	694.401
0.091551	813.005
0.091585	963.907
0.091619	1050.16
0.09166	1252.21
0.091694	1531.15
0.091728	1750.17
0.091769	1975.53
0.091803	2258.11
0.091837	2502.7
0.091871	3021.97
0.091912	3372.33
0.091946	3674.09
0.09198	4021.18
0.092021	4461.83
0.092055	4979.13
0.092089	5418.47
0.092129	6046.68
0.092163	6911.6
0.092197	8046.01
0.092238	8656.47
0.092272	9771.11
0.092306	10904.0
0.092381	12606.9
0.09249	14642.6
0.092565	16136.1
0.092633	17360.4
0.092742	19000.5
0.09285	20325.6
0.092959	21471.6
0.093068	22682.1
0.093211	23661.7
0.09332	24403.0
0.093429	24995.7
0.093538	25602.8
0.093612	25926.6
0.093721	26405.0
0.093864	26708.4
0.094048	27201.2
0.094191	27703.1
0.094374	28053.5
0.094551	28214.2
0.094844	28408.3
0.095	28408.3
0.1	25283.0
0.100041	25110.2
0.100123	24740.0
0.100252	24070.7
0.100293	23392.8
0.100333	22916.6
0.100374	22424.4
0.100415	21203.4
0.100463	20325.6
0.100504	19640.6
0.100524	18827.6
0.100544	14311.8
0.100585	13625.6
0.100626	12085.0
0.10064	10500.5
0.100646	8927.7
0.10066	8577.7
0.10068	7765.99
0.100701	7079.46
0.100735	5646.01
0.100755	5194.16
0.100776	4702.63
0.100789	3989.15
0.10081	3657.34
0.10083	3521.99
0.100844	2723.52
0.100864	1895.91
0.100871	1695.06
0.100891	1223.92
0.100912	931.425
0.100932	677.936
0.100953	485.05
0.100973	349.431
0.101007	282.525
0.101014	270.83
0.101041	259.321
0.101055	251.731
0.101075	248.586
0.101116	245.481
0.101225	248.586
0.101259	262.602
0.101293	268.979
0.101333	280.595
0.101367	328.897
0.101401	394.425
0.101442	476.262
0.101476	551.273
0.10151	694.401
0.101551	813.005
0.101585	963.907
0.101619	1050.16
0.10166	1252.21
0.101694	1531.15
0.101728	1750.17
0.101769	1975.53
0.101803	2258.11
0.101837	2502.7
0.101871	3021.97
0.101912	3372.33
0.101946	3674.09
0.10198	4021.18
0.102021	4461.83
0.102055	4979.13
0.102089	5418.47
0.102129	6046.68
0.102163	6911.6
0.102197	8046.01
0.102238	8656.47
0.102272	9771.11
0.102306	10904.0
0.102381	12606.9
0.10249	14642.6
0.102565	16136.1
0.102633	17360.4
0.102742	19000.5
0.10285	20325.6
0.102959	21471.6
0.103068	22682.1
0.103211	23661.7
0.10332	24403.0
0.103429	24995.7
0.103538	25602.8
0.103612	25926.6
0.103721	26405.0
0.103864	26708.4
0.104048	27201.2
0.104191	27703.1
0.104374	28053.5
0.104551	28214.2
0.104844	28408.3
0.105	28408.3
0.11	25283.0
0.110041	25110.2
0.110123	24740.0
0.110252	24070.7
0.110293	23392.8
0.110333	22916.6
0.110374	22424.4
0.110415	21203.4
0.110463	20325.6
0.110504	19640.6
0.110524	18827.6
0.110544	14311.8
0.110585	13625.6
0.110626	12085.0
0.11064	10500.5
0.110646	8927.7
0.11066	8577.7
0.11068	7765.99
0.110701	7079.46
0.110735	5646.01
0.110755	5194.16
0.110776	4702.63
0.110789	3989.15
0.11081	3657.34
0.11083	3521.99
0.110844	2723.52
0.110864	1895.91
0.110871	1695.06
0.110891	1223.92
0.110912	931.425
0.110932	677.936
0.110953	485.05
0.110973	349.431
0.111007	282.525
0.111014	270.83
0.111041	259.321
0.111055	251.731
0.111075	248.586
0.111116	245.481
0.111225	248.586
0.111259	262.602
0.111293	268.979
0.111333	280.595
0.111367	328.897
0.111401	394.425
0.111442	476.262
0.111476	551.273
0.11151	694.401
0.111551	813.005
0.111585	963.907
0.111619	1050.16
0.11166	1252.21
0.111694	1531.15
0.111728	1750.17
0.111769	1975.53
0.111803	2258.11
0.111837	2502.7
0.111871	3021.97
0.111912	3372.33
0.111946	3674.09
0.11198	4021.18
0.112021	4461.83
0.112055	4979.13
0.112089	5418.47
0.112129	6046.68
0.112163	6911.6
0.112197	8046.01
0.112238	8656.47
0.112272	9771.11
0.112306	10904.0
0.112381	12606.9
0.11249	14642.6
0.112565	16136.1
0.112633	17360.4
0.112742	19000.5
0.11285	20325.6
0.112959	21471.6
0.113068	22682.1
0.113211	23661.7
0.11332	24403.0
0.113429	24995.7
0.113538	25602.8
0.113612	25926.6
0.113721	26405.0
0.113864	26708.4
0.114048	27201.2
0.114191	27703.1
0.114374	28053.5
0.114551	28214.2
0.114844	28408.3
0.115	28408.3
0.12	25283.0
0.120041	25110.2
0.120123	24740.0
0.120252	24070.7
0.120293	23392.8
0.120333	22916.6
0.120374	22424.4
0.120415	21203.4
0.120463	20325.6
0.120504	19640.6
0.120524	18827.6
0.120544	14311.8
0.120585	13625.6
0.120626	12085.0
0.12064	10500.5
0.120646	8927.7
0.12066	8577.7
0.12068	7765.99
0.120701	7079.46
0.120735	5646.01
0.120755	5194.16
0.120776	4702.63
0.120789	3989.15
0.12081	3657.34
0.12083	3521.99
0.120844	2723.52
0.120864	1895.91
0.120871	1695.06
0.120891	1223.92
0.120912	931.425
0.120932	677.936
0.120953	485.05
0.120973	349.431
0.121007	282.525
0.121014	270.83
0.121041	259.321
0.121055	251.731
0.121075	248.586
0.121116	245.481
0.121225	248.586
0.121259	262.602
0.121293	268.979
0.121333	280.595
0.121367	328.897
0.121401	394.425
0.121442	476.262
0.121476	551.273
0.12151	694.401
0.121551	813.005
0.121585	963.907
0.121619	1050.16
0.12166	1252.21
0.121694	1531.15
0.121728	1750.17
0.121769	1975.53
0.121803	2258.11
0.121837	2502.7
0.121871	3021.97
0.121912	3372.33
0.121946	3674.09
0.12198	4021.18
0.122021	4461.83
0.122055	4979.13
0.122089	5418.47
0.122129	6046.68
0.122163	6911.6
0.122197	8046.01
0.122238	8656.47
0.122272	9771.11
0.122306	10904.0
0.122381	12606.9
0.12249	14642.6
0.122565	16136.1
0.122633	17360.4
0.122742	19000.5
0.12285	20325.6
0.122959	21471.6
0.123068	22682.1
0.123211	23661.7
0.12332	24403.0
0.123429	24995.7
0.123538	25602.8
0.123612	25926.6
0.123721	26405.0
0.123864	26708.4
0.124048	27201.2
0.124191	27703.1
0.124374	28053.5
0.124551	28214.2
0.124844	28408.3
0.125	28408.3
0.13	25283.0
0.130041	25110.2
0.130123	24740.0
0.130252	24070.7
0.130293	23392.8
0.130333	22916.6
0.130374	22424.4
0.130415	21203.4
0.130463	20325.6
0.130504	19640.6
0.130524	18827.6
0.130544	14311.8
0.130585	13625.6
0.130626	12085.0
0.13064	10500.5
0.130646	8927.7
0.13066	8577.7
0.13068	7765.99
0.130701	7079.46
0.130735	5646.01
0.130755	5194.16
0.130776	4702.63
0.130789	3989.15
0.13081	3657.34
0.13083	3521.99
0.130844	2723.52
0.130864	1895.91
0.130871	1695.06
0.130891	1223.92
0.130912	931.425
0.130932	677.936
0.130953	485.05
0.130973	349.431
0.131007	282.525
0.131014	270.83
0.131041	259.321
0.131055	251.731
0.131075	248.586
0.131116	245.481
0.131225	248.586
0.131259	262.602
0.131293	268.979
0.131333	280.595
0.131367	328.897
0.131401	394.425
0.131442	476.262
0.131476	551.273
0.13151	694.401
0.131551	813.005
0.131585	963.907
0.131619	1050.16
0.13166	1252.21
0.131694	1531.15
0.131728	1750.17
0.131769	1975.53
0.131803	2258.11
0.131837	2502.7
0.131871	3021.97
0.131912	3372.33
0.131946	3674.09
0.13198	4021.18
0.132021	4461.83
0.132055	4979.13
0.132089	5418.47
0.132129	6046.68
0.132163	6911.6
0.132197	8046.01
0.132238	8656.47
0.132272	9771.11
0.132306	10904.0
0.132381	12606.9
0.13249	14642.6
0.132565	16136.1
0.132633	17360.4
0.132742	19000.5
0.13285	20325.6
0.132959	21471.6
0.133068	22682.1
0.133211	23661.7
0.13332	24403.0
0.133429	24995.7
0.133538	25602.8
0.133612	25926.6
0.133721	26405.0
0.133864	26708.4
0.134048	27201.2
0.134191	27703.1
0.134374	28053.5
0.134551	28214.2
0.134844	28408.3
0.135	28408.3
0.14	25283.0
0.140041	25110.2
0.140123	24740.0
0.140252	24070.7
0.140293	23392.8
0.140333	22916.6
0.140374	22424.4
0.140415	21203.4
0.140463	20325.6
0.140504	19640.6
0.140524	18827.6
0.140544	14311.8
0.140585	13625.6
0.140626	12085.0
0.14064	10500.5
0.140646	8927.7
0.14066	8577.7
0.14068	7765.99
0.140701	7079.46
0.140735	5646.01
0.140755	5194.16
0.140776	4702.63
0.140789	3989.15
0.14081	3657.34
0.14083	3521.99
0.140844	2723.52
0.140864	1895.91
0.140871	1695.06
0.140891	1223.92
0.140912	931.425
0.140932	677.936
0.140953	485.05
0.140973	349.431
0.141007	282.525
0.141014	270.83
0.141041	259.321
0.141055	251.731
0.141075	248.586
0.141116	245.481
0.141225	248.586
0.141259	262.602
0.141293	268.979
0.141333	280.595
0.141367	328.897
0.141401	394.425
0.141442	476.262
0.141476	551.273
0.14151	694.401
0.141551	813.005
0.141585	963.907
0.141619	1050.16
0.14166	1252.21
0.141694	1531.15
0.141728	1750.17
0.141769	1975.53
0.141803	2258.11
0.141837	2502.7
0.141871	3021.97
0.141912	3372.33
0.141946	3674.09
0.14198	4021.18
0.142021	4461.83
0.142055	4979.13
0.142089	5418.47
0.142129	6046.68
0.142163	6911.6
0.142197	8046.01
0.142238	8656.47
0.142272	9771.11
0.142306	10904.0
0.142381	12606.9
0.14249	14642.6
0.142565	16136.1
0.142633	17360.4
0.142742	19000.5
0.14285	20325.6
0.142959	21471.6
0.143068	22682.1
0.143211	23661.7
0.14332	24403.0
0.143429	24995.7
0.143538	25602.8
0.143612	25926.6
0.143721	26405.0
0.143864	26708.4
0.144048	27201.2
0.144191	27703.1
0.144374	28053.5
0.144551	28214.2
0.144844	28408.3
0.145	28408.3
0.15	25283.0
0.150041	25110.2
0.150123	24740.0
0.150252	24070.7
0.150293	23392.8
0.150333	22916.6
0.150374	22424.4
0.150415	21203.4
0.150463	20325.6
0.150504	19640.6
0.150524	18827.6
0.150544	14311.8
0.150585	13625.6
0.150626	12085.0
0.15064	10500.5
0.150646	8927.7
0.15066	8577.7
0.15068	7765.99
0.150701	7079.46
0.150735	5646.01
0.150755	5194.16
0.150776	4702.63
0.150789	3989.15
0.15081	3657.34
0.15083	3521.99
0.150844	2723.52
0.150864	1895.91
0.150871	1695.06
0.150891	1223.92
0.150912	931.425
0.150932	677.936
0.150953	485.05
0.150973	349.431
0.151007	282.525
0.151014	270.83
0.151041	259.321
0.151055	251.731
0.151075	248.586
0.151116	245.481
0.151225	248.586
0.151259	262.602
0.151293	268.979
0.151333	280.595
0.151367	328.897
0.151401	394.425
0.151442	476.262
0.151476	551.273
0.15151	694.401
0.151551	813.005
0.151585	963.907
0.151619	1050.16
0.15166	1252.21
0.151694	1531.15
0.151728	1750.17
0.151769	1975.53
0.151803	2258.11
0.151837	2502.7
0.151871	3021.97
0.151912	3372.33
0.151946	3674.09
0.15198	4021.18
0.152021	4461.83
0.152055	4979.13
0.152089	5418.47
0.152129	6046.68
0.152163	6911.6
0.152197	8046.01
0.152238	8656.47
0.152272	9771.11
0.152306	10904.0
0.152381	12606.9
0.15249	14642.6
0.152565	16136.1
0.152633	17360.4
0.152742	19000.5
0.15285	20325.6
0.152959	21471.6
0.153068	22682.1
0.153211	23661.7
0.15332	24403.0
0.153429	24995.7
0.153538	25602.8
0.153612	25926.6
0.153721	26405.0
0.153864	26708.4
0.154048	27201.2
0.154191	27703.1
0.154374	28053.5
0.154551	28214.2
0.154844	28408.3
0.155	28408.3
0.16	25283.0
0.160041	25110.2
0.160123	24740.0
0.160252	24070.7
0.160293	23392.8
0.160333	22916.6
0.160374	22424.4
0.160415	21203.4
0.160463	20325.6
0.160504	19640.6
0.160524	18827.6
0.160544	14311.8
0.160585	13625.6
0.160626	12085.0
0.16064	10500.5
0.160646	8927.7
0.16066	8577.7
0.16068	7765.99
0.160701	7079.46
0.160735	5646.01
0.160755	5194.16
0.160776	4702.63
0.160789	3989.15
0.16081	3657.34
0.16083	3521.99
0.160844	2723.52
0.160864	1895.91
0.160871	1695.06
0.160891	1223.92
0.160912	931.425
0.160932	677.936
0.160953	485.05
0.160973	349.431
0.161007	282.525
0.161014	270.83
0.161041	259.321
0.161055	251.731
0.161075	248.586
0.161116	245.481
0.161225	248.586
0.161259	262.602
0.161293	268.979
0.161333	280.595
0.161367	328.897
0.161401	394.425
0.161442	476.262
0.161476	551.273
0.16151	694.401
0.161551	813.005
0.161585	963.907
0.161619	1050.16
0.16166	1252.21
0.161694	1531.15
0.161728	1750.17
0.161769	1975.53
0.161803	2258.11
0.161837	2502.7
0.161871	3021.97
0.161912	3372.33
0.161946	3674.09
0.16198	4021.18
0.162021	4461.83
0.162055	4979.13
0.162089	5418.47
0.162129	6046.68
0.162163	6911.6
0.162197	8046.01
0.162238	8656.47
0.162272	9771.11
0.162306	10904.0
0.162381	12606.9
0.16249	14642.6
0.162565	16136.1
0.162633	17360.4
0.162742	19000.5
0.16285	20325.6
0.162959	21471.6
0.163068	22682.1
0.163211	23661.7
0.16332	24403.0
0.163429	24995.7
0.163538	25602.8
0.163612	25926.6
0.163721	26405.0
0.163864	26708.4
0.164048	27201.2
0.164191	27703.1
0.164374	28053.5
0.164551	28214.2
0.164844	28408.3
0.165	28408.3
0.17	25283.0
0.170041	25110.2
0.170123	24740.0
0.170252	24070.7
0.170293	23392.8
0.170333	22916.6
0.170374	22424.4
0.170415	21203.4
0.170463	20325.6
0.170504	19640.6
0.170524	18827.6
0.170544	14311.8
0.170585	13625.6
0.170626	12085.0
0.17064	10500.5
0.170646	8927.7
0.17066	8577.7
0.17068	7765.99
0.170701	7079.46
0.170735	5646.01
0.170755	5194.16
0.170776	4702.63
0.170789	3989.15
0.17081	3657.34
0.17083	3521.99
0.170844	2723.52
0.170864	1895.91
0.170871	1695.06
0.170891	1223.92
0.170912	931.425
0.170932	677.936
0.170953	485.05
0.170973	349.431
0.171007	282.525
0.171014	270.83
0.171041	259.321
0.171055	251.731
0.171075	248.586
0.171116	245.481
0.171225	248.586
0.171259	262.602
0.171293	268.979
0.171333	280.595
0.171367	328.897
0.171401	394.425
0.171442	476.262
0.171476	551.273
0.17151	694.401
0.171551	813.005
0.171585	963.907
0.171619	1050.16
0.17166	1252.21
0.171694	1531.15
0.171728	1750.17
0.171769	1975.53
0.171803	2258.11
0.171837	2502.7
0.171871	3021.97
0.171912	3372.33
0.171946	3674.09
0.17198	4021.18
0.172021	4461.83
0.172055	4979.13
0.172089	5418.47
0.172129	6046.68
0.172163	6911.6
0.172197	8046.01
0.172238	8656.47
0.172272	9771.11
0.172306	10904.0
0.172381	12606.9
0.17249	14642.6
0.172565	16136.1
0.172633	17360.4
0.172742	19000.5
0.17285	20325.6
0.172959	21471.6
0.173068	22682.1
0.173211	23661.7
0.17332	24403.0
0.173429	24995.7
0.173538	25602.8
0.173612	25926.6
0.173721	26405.0
0.173864	26708.4
0.174048	27201.2
0.174191	27703.1
0.174374	28053.5
0.174551	28214.2
0.174844	28408.3
0.175	28408.3
0.18	25283.0
0.180041	25110.2
0.180123	24740.0
0.180252	24070.7
0.180293	23392.8
0.180333	22916.6
0.180374	22424.4
0.180415	21203.4
0.180463	20325.6
0.180504	19640.6
0.180524	18827.6
0.180544	14311.8
0.180585	13625.6
0.180626	12085.0
0.18064	10500.5
0.180646	8927.7
0.18066	8577.7
0.18068	7765.99
0.180701	7079.46
0.180735	5646.01
0.180755	5194.16
0.180776	4702.63
0.180789	3989.15
0.18081	3657.34
0.18083	3521.99
0.180844	2723.52
0.180864	1895.91
0.180871	1695.06
0.180891	1223.92
0.180912	931.425
0.180932	677.936
0.180953	485.05
0.180973	349.431
0.181007	282.525
0.181014	270.83
0.181041	259.321
0.181055	251.731
0.181075	248.586
0.181116	245.481
0.181225	248.586
0.181259	262.602
0.181293	268.979
0.181333	280.595
0.181367	328.897
0.181401	394.425
0.181442	476.262
0.181476	551.273
0.18151	694.401
0.181551	813.005
0.181585	963.907
0.181619	1050.16
0.18166	1252.21
0.181694	1531.15
0.181728	1750.17
0.181769	1975.53
0.181803	2258.11
0.181837	2502.7
0.181871	3021.97
0.181912	3372.33
0.181946	3674.09
0.18198	4021.18
0.182021	4461.83
0.182055	4979.13
0.182089	5418.47
0.182129	6046.68
0.182163	6911.6
0.182197	8046.01
0.182238	8656.47
0.182272	9771.11
0.182306	10904.0
0.182381	12606.9
0.18249	14642.6
0.182565	16136.1
0.182633	17360.4
0.182742	19000.5
0.18285	20325.6
0.182959	21471.6
0.183068	22682.1
0.183211	23661.7
0.18332	24403.0
0.183429	24995.7
0.183538	25602.8
0.183612	25926.6
0.183721	26405.0
0.183864	26708.4
0.184048	27201.2
0.184191	27703.1
0.184374	28053.5
0.184551	28214.2
0.184844	28408.3
0.185	28408.3
0.19	25283.0
0.190041	25110.2
0.190123	24740.0
0.190252	24070.7
0.190293	23392.8
0.190333	22916.6
0.190374	22424.4
0.190415	21203.4
0.190463	20325.6
0.190504	19640.6
0.190524	18827.6
0.190544	14311.8
0.190585	13625.6
0.190626	12085.0
0.19064	10500.5
0.190646	8927.7
0.19066	8577.7
0.19068	7765.99
0.190701	7079.46
0.190735	5646.01
0.190755	5194.16
0.190776	4702.63
0.190789	3989.15
0.19081	3657.34
0.19083	3521.99
0.190844	2723.52
0.190864	1895.91
0.190871	1695.06
0.190891	1223.92
0.190912	931.425
0.190932	677.936
0.190953	485.05
0.190973	349.431
0.191007	282.525
0.191014	270.83
0.191041	259.321
0.191055	251.731
0.191075	248.586
0.191116	245.481
0.191225	248.586
0.191259	262.602
0.191293	268.979
0.191333	280.595
0.191367	328.897
0.191401	394.425
0.191442	476.262
0.191476	551.273
0.19151	694.401
0.191551	813.005
0.191585	963.907
0.191619	1050.16
0.19166	1252.21
0.191694	1531.15
0.191728	1750.17
0.191769	1975.53
0.191803	2258.11
0.191837	2502.7
0.191871	3021.97
0.191912	3372.33
0.191946	3674.09
0.19198	4021.18
0.192021	4461.83
0.192055	4979.13
0.192089	5418.47
0.192129	6046.68
0.192163	6911.6
0.192197	8046.01
0.192238	8656.47
0.192272	9771.11
0.192306	10904.0
0.192381	12606.9
0.19249	14642.6
0.192565	16136.1
0.192633	17360.4
0.192742	19000.5
0.19285	20325.6
0.192959	21471.6
0.193068	22682.1
0.193211	23661.7
0.19332	24403.0
0.193429	24995.7
0.193538	25602.8
0.193612	25926.6
0.193721	26405.0
0.193864	26708.4
0.194048	27201.2
0.194191	27703.1
0.194374	28053.5
0.194551	28214.2
0.194844	28408.3
0.195	28408.3
5.19	25283.0
5.190041	25110.2
5.190123	24740.0
5.190252	24070.7
5.190293	23392.8
5.190333	22916.6
5.190374	22424.4
5.190415	21203.4
5.190463	20325.6
5.190504	19640.6
5.190524	18827.6
5.190544	14311.8
5.190585	13625.6
5.190626	12085.0
5.19064	10500.5
5.190646	8927.7
5.19066	8577.7
5.19068	7765.99
5.190701	7079.46
5.190735	5646.01
5.190755	5194.16
5.190776	4702.63
5.190789	3989.15
5.19081	3657.34
5.19083	3521.99
5.190844	2723.52
5.190864	1895.91
5.190871	1695.06
5.190891	1223.92
5.190912	931.425
5.190932	677.936
5.190953	485.05
5.190973	349.431
5.191007	282.525
5.191014	270.83
5.191041	259.321
5.191055	251.731
5.191075	248.586
5.191116	245.481
5.191225	248.586
5.191259	262.602
5.191293	268.979
5.191333	280.595
5.191367	328.897
5.191401	394.425
5.191442	476.262
5.191476	551.273
5.19151	694.401
5.191551	813.005
5.191585	963.907
5.191619	1050.16
5.19166	1252.21
5.191694	1531.15
5.191728	1750.17
5.191769	1975.53
5.191803	2258.11
5.191837	2502.7
5.191871	3021.97
5.191912	3372.33
5.191946	3674.09
5.19198	4021.18
5.192021	4461.83
5.192055	4979.13
5.192089	5418.47
5.192129	6046.68
5.192163	6911.6
5.192197	8046.01
5.192238	8656.47
5.192272	9771.11
5.192306	10904.0
5.192381	12606.9
5.19249	14642.6
5.192565	16136.1
5.192633	17360.4
5.192742	19000.5
5.19285	20325.6
5.192959	21471.6
5.193068	22682.1
5.193211	23661.7
5.19332	24403.0
5.193429	24995.7
5.193538	25602.8
5.193612	25926.6
5.193721	26405.0
5.193864	26708.4
5.194048	27201.2
5.194191	27703.1
5.194374	28053.5
5.194551	28214.2
5.194844	28408.3
5.195	28408.3
5.2	25283.0
5.200041	25110.2
5.200123	24740.0
5.200252	24070.7
5.200293	23392.8
5.200333	22916.6
5.200374	22424.4
5.200415	21203.4
5.200463	20325.6
5.200504	19640.6
5.200524	18827.6
5.200544	14311.8
5.200585	13625.6
5.200626	12085.0
5.20064	10500.5
5.200646	8927.7
5.20066	8577.7
5.20068	7765.99
5.200701	7079.46
5.200735	5646.01
5.200755	5194.16
5.200776	4702.63
5.200789	3989.15
5.20081	3657.34
5.20083	3521.99
5.200844	2723.52
5.200864	1895.91
5.200871	1695.06
5.200891	1223.92
5.200912	931.425
5.200932	677.936
5.200953	485.05
5.200973	349.431
5.201007	282.525
5.201014	270.83
5.201041	259.321
5.201055	251.731
5.201075	248.586
5.201116	245.481
5.201225	248.586
5.201259	262.602
5.201293	268.979
5.201333	280.595
5.201367	328.897
5.201401	394.425
5.201442	476.262
5.201476	551.273
5.20151	694.401
5.201551	813.005
5.201585	963.907
5.201619	1050.16
5.20166	1252.21
5.201694	1531.15
5.201728	1750.17
5.201769	1975.53
5.201803	2258.11
5.201837	2502.7
5.201871	3021.97
5.201912	3372.33
5.201946	3674.09
5.20198	4021.18
5.202021	4461.83
5.202055	4979.13
5.202089	5418.47
5.202129	6046.68
5.202163	6911.6
5.202197	8046.01
5.202238	8656.47
5.202272	9771.11
5.202306	10904.0
5.202381	12606.9
5.20249	14642.6
5.202565	16136.1
5.202633	17360.4
5.202742	19000.5
5.20285	20325.6
5.202959	21471.6
5.203068	22682.1
5.203211	23661.7
5.20332	24403.0
5.203429	24995.7
5.203538	25602.8
5.203612	25926.6
5.203721	26405.0
5.203864	26708.4
5.204048	27201.2
5.204191	27703.1
5.204374	28053.5
5.204551	28214.2
5.204844	28408.3
5.205	28408.3
5.21	25283.0
5.210041	25110.2
5.210123	24740.0
5.210252	24070.7
5.210293	23392.8
5.210333	22916.6
5.210374	22424.4
5.210415	21203.4
5.210463	20325.6
5.210504	19640.6
5.210524	18827.6
5.210544	14311.8
5.210585	13625.6
5.210626	12085.0
5.21064	10500.5
5.210646	8927.7
5.21066	8577.7
5.21068	7765.99
5.210701	7079.46
5.210735	5646.01
5.210755	5194.16
5.210776	4702.63
5.210789	3989.15
5.21081	3657.34
5.21083	3521.99
5.210844	2723.52
5.210864	1895.91
5.210871	1695.06
5.210891	1223.92
5.210912	931.425
5.210932	677.936
5.210953	485.05
5.210973	349.431
5.211007	282.525
5.211014	270.83
5.211041	259.321
5.211055	251.731
5.211075	248.586
5.211116	245.481
5.211225	248.586
5.211259	262.602
5.211293	268.979
5.211333	280.595
5.211367	328.897
5.211401	394.425
5.211442	476.262
5.211476	551.273
5.21151	694.401
5.211551	813.005
5.211585	963.907
5.211619	1050.16
5.21166	1252.21
5.211694	1531.15
5.211728	1750.17
5.211769	1975.53
5.211803	2258.11
5.211837	2502.7
5.211871	3021.97
5.211912	3372.33
5.211946	3674.09
5.21198	4021.18
5.212021	4461.83
5.212055	4979.13
5.212089	5418.47
5.212129	6046.68
5.212163	6911.6
5.212197	8046.01
5.212238	8656.47
5.212272	9771.11
5.212306	10904.0
5.212381	12606.9
5.21249	14642.6
5.212565	16136.1
5.212633	17360.4
5.212742	19000.5
5.21285	20325.6
5.212959	21471.6
5.213068	22682.1
5.213211	23661.7
5.21332	24403.0
5.213429	24995.7
5.213538	25602.8
5.213612	25926.6
5.213721	26405.0
5.213864	26708.4
5.214048	27201.2
5.214191	27703.1
5.214374	28053.5
5.214551	28214.2
5.214844	28408.3
5.215	28408.3
5.22	25283.0
5.220041	25110.2
5.220123	24740.0
5.220252	24070.7
5.220293	23392.8
5.220333	22916.6
5.220374	22424.4
5.220415	21203.4
5.220463	20325.6
5.220504	19640.6
5.220524	18827.6
5.220544	14311.8
5.220585	13625.6
5.220626	12085.0
5.22064	10500.5
5.220646	8927.7
5.22066	8577.7
5.22068	7765.99
5.220701	7079.46
5.220735	5646.01
5.220755	5194.16
5.220776	4702.63
5.220789	3989.15
5.22081	3657.34
5.22083	3521.99
5.220844	2723.52
5.220864	1895.91
5.220871	1695.06
5.220891	1223.92
5.220912	931.425
5.220932	677.936
5.220953	485.05
5.220973	349.431
5.221007	282.525
5.221014	270.83
5.221041	259.321
5.221055	251.731
5.221075	248.586
5.221116	245.481
5.221225	248.586
5.221259	262.602
5.221293	268.979
5.221333	280.595
5.221367	328.897
5.221401	394.425
5.221442	476.262
5.221476	551.273
5.22151	694.401
5.221551	813.005
5.221585	963.907
5.221619	1050.16
5.22166	1252.21
5.221694	1531.15
5.221728	1750.17
5.221769	1975.53
5.221803	2258.11
5.221837	2502.7
5.221871	3021.97
5.221912	3372.33
5.221946	3674.09
5.22198	4021.18
5.222021	4461.83
5.222055	4979.13
5.222089	5418.47
5.222129	6046.68
5.222163	6911.6
5.222197	8046.01
5.222238	8656.47
5.222272	9771.11
5.222306	10904.0
5.222381	12606.9
5.22249	14642.6
5.222565	16136.1
5.222633	17360.4
5.222742	19000.5
5.22285	20325.6
5.222959	21471.6
5.223068	22682.1
5.223211	23661.7
5.22332	24403.0
5.223429	24995.7
5.223538	25602.8
5.223612	25926.6
5.223721	26405.0
5.223864	26708.4
5.224048	27201.2
5.224191	27703.1
5.224374	28053.5
5.224551	28214.2
5.224844	28408.3
5.225	28408.3
5.23	25283.0
5.230041	25110.2
5.230123	24740.0
5.230252	24070.7
5.230293	23392.8
5.230333	22916.6
5.230374	22424.4
5.230415	21203.4
5.230463	20325.6
5.230504	19640.6
5.230524	18827.6
5.230544	14311.8
5.230585	13625.6
5.230626	12085.0
5.23064	10500.5
5.230646	8927.7
5.23066	8577.7
5.23068	7765.99
5.230701	7079.46
5.230735	5646.01
5.230755	5194.16
5.230776	4702.63
5.230789	3989.15
5.23081	3657.34
5.23083	3521.99
5.230844	2723.52
5.230864	1895.91
5.230871	1695.06
5.230891	1223.92
5.230912	931.425
5.230932	677.936
5.230953	485.05
5.230973	349.431
5.231007	282.525
5.231014	270.83
5.231041	259.321
5.231055	251.731
5.231075	248.586
5.231116	245.481
5.231225	248.586
5.231259	262.602
5.231293	268.979
5.231333	280.595
5.231367	328.897
5.231401	394.425
5.231442	476.262
5.231476	551.273
5.23151	694.401
5.231551	813.005
5.231585	963.907
5.231619	1050.16
5.23166	1252.21
5.231694	1531.15
5.231728	1750.17
5.231769	1975.53
5.231803	2258.11
5.231837	2502.7
5.231871	3021.97
5.231912	3372.33
5.231946	3674.09
5.23198	4021.18
5.232021	4461.83
5.232055	4979.13
5.232089	5418.47
5.232129	6046.68
5.232163	6911.6
5.232197	8046.01
5.232238	8656.47
5.232272	9771.11
5.232306	10904.0
5.232381	12606.9
5.23249	14642.6
5.232565	16136.1
5.232633	17360.4
5.232742	19000.5
5.23285	20325.6
5.232959	21471.6
5.233068	22682.1
5.233211	23661.7
5.23332	24403.0
5.233429	24995.7
5.233538	25602.8
5.233612	25926.6
5.233721	26405.0
5.233864	26708.4
5.234048	27201.2
5.234191	27703.1
5.234374	28053.5
5.234551	28214.2
5.234844	28408.3
5.235	28408.3
5.24	25283.0
5.240041	25110.2
5.240123	24740.0
5.240252	24070.7
5.240293	23392.8
5.240333	22916.6
5.240374	22424.4
5.240415	21203.4
5.240463	20325.6
5.240504	19640.6
5.240524	18827.6
5.240544	14311.8
5.240585	13625.6
5.240626	12085.0
5.24064	10500.5
5.240646	8927.7
5.24066	8577.7
5.24068	7765.99
5.240701	7079.46
5.240735	5646.01
5.240755	5194.16
5.240776	4702.63
5.240789	3989.15
5.24081	3657.34
5.24083	3521.99
5.240844	2723.52
5.240864	1895.91
5.240871	1695.06
5.240891	1223.92
5.240912	931.425
5.240932	677.936
5.240953	485.05
5.240973	349.431
5.241007	282.525
5.241014	270.83
5.241041	259.321
5.241055	251.731
5.241075	248.586
5.241116	245.481
5.241225	248.586
5.241259	262.602
5.241293	268.979
5.241333	280.595
5.241367	328.897
5.241401	394.425
5.241442	476.262
5.241476	551.273
5.24151	694.401
5.241551	813.005
5.241585	963.907
5.241619	1050.16
5.24166	1252.21
5.241694	1531.15
5.241728	1750.17
5.241769	1975.53
5.241803	2258.11
5.241837	2502.7
5.241871	3021.97
5.241912	3372.33
5.241946	3674.09
5.24198	4021.18
5.242021	4461.83
5.242055	4979.13
5.242089	5418.47
5.242129	6046.68
5.242163	6911.6
5.242197	8046.01
5.242238	8656.47
5.242272	9771.11
5.242306	10904.0
5.242381	12606.9
5.24249	14642.6
5.242565	16136.1
5.242633	17360.4
5.242742	19000.5
5.24285	20325.6
5.242959	21471.6
5.243068	22682.1
5.243211	23661.7
5.24332	24403.0
5.243429	24995.7
5.243538	25602.8
5.243612	25926.6
5.243721	26405.0
5.243864	26708.4
5.244048	27201.2
5.244191	27703.1
5.244374	28053.5
5.244551	28214.2
5.244844	28408.3
5.245	28408.3
5.25	25283.0
5.250041	25110.2
5.250123	24740.0
5.250252	24070.7
5.250293	23392.8
5.250333	22916.6
5.250374	22424.4
5.250415	21203.4
5.250463	20325.6
5.250504	19640.6
5.250524	18827.6
5.250544	14311.8
5.250585	13625.6
5.250626	12085.0
5.25064	10500.5
5.250646	8927.7
5.25066	8577.7
5.25068	7765.99
5.250701	7079.46
5.250735	5646.01
5.250755	5194.16
5.250776	4702.63
5.250789	3989.15
5.25081	3657.34
5.25083	3521.99
5.250844	2723.52
5.250864	1895.91
5.250871	1695.06
5.250891	1223.92
5.250912	931.425
5.250932	677.936
5.250953	485.05
5.250973	349.431
5.251007	282.525
5.251014	270.83
5.251041	259.321
5.251055	251.731
5.251075	248.586
5.251116	245.481
5.251225	248.586
5.251259	262.602
5.251293	268.979
5.251333	280.595
5.251367	328.897
5.251401	394.425
5.251442	476.262
5.251476	551.273
5.25151	694.401
5.251551	813.005
5.251585	963.907
5.251619	1050.16
5.25166	1252.21
5.251694	1531.15
5.251728	1750.17
5.251769	1975.53
5.251803	2258.11
5.251837	2502.7
5.251871	3021.97
5.251912	3372.33
5.251946	3674.09
5.25198	4021.18
5.252021	4461.83
5.252055	4979.13
5.252089	5418.47
5.252129	6046.68
5.252163	6911.6
5.252197	8046.01
5.252238	8656.47
5.252272	9771.11
5.252306	10904.0
5.252381	12606.9
5.25249	14642.6
5.252565	16136.1
5.252633	17360.4
5.252742	19000.5
5.25285	20325.6
5.252959	21471.6
5.253068	22682.1
5.253211	23661.7
5.25332	24403.0
5.253429	24995.7
5.253538	25602.8
5.253612	25926.6
5.253721	26405.0
5.253864	26708.4
5.254048	27201.2
5.254191	27703.1
5.254374	28053.5
5.254551	28214.2
5.254844	28408.3
5.255	28408.3
5.26	25283.0
5.260041	25110.2
5.260123	24740.0
5.260252	24070.7
5.260293	23392.8
5.260333	22916.6
5.260374	22424.4
5.260415	21203.4
5.260463	20325.6
5.260504	19640.6
5.260524	18827.6
5.260544	14311.8
5.260585	13625.6
5.260626	12085.0
5.26064	10500.5
5.260646	8927.7
5.26066	8577.7
5.26068	7765.99
5.260701	7079.46
5.260735	5646.01
5.260755	5194.16
5.260776	4702.63
5.260789	3989.15
5.26081	3657.34
5.26083	3521.99
5.260844	2723.52
5.260864	1895.91
5.260871	1695.06
5.260891	1223.92
5.260912	931.425
5.260932	677.936
5.260953	485.05
5.260973	349.431
5.261007	282.525
5.261014	270.83
5.261041	259.321
5.261055	251.731
5.261075	248.586
5.261116	245.481
5.261225	248.586
5.261259	262.602
5.261293	268.979
5.261333	280.595
5.261367	328.897
5.261401	394.425
5.261442	476.262
5.261476	551.273
5.26151	694.401
5.261551	813.005
5.261585	963.907
5.261619	1050.16
5.26166	1252.21
5.261694	1531.15
5.261728	1750.17
5.261769	1975.53
5.261803	2258.11
5.261837	2502.7
5.261871	3021.97
5.261912	3372.33
5.261946	3674.09
5.26198	4021.18
5.262021	4461.83
5.262055	4979.13
5.262089	5418.47
5.262129	6046.68
5.262163	6911.6
5.262197	8046.01
5.262238	8656.47
5.262272	9771.11
5.262306	10904.0
5.262381	12606.9
5.26249	14642.6
5.262565	16136.1
5.262633	17360.4
5.262742	19000.5
5.26285	20325.6
5.262959	21471.6
5.263068	22682.1
5.263211	23661.7
5.26332	24403.0
5.263429	24995.7
5.263538	25602.8
5.263612	25926.6
5.263721	26405.0
5.263864	26708.4
5.264048	27201.2
5.264191	27703.1
5.264374	28053.5
5.264551	28214.2
5.264844	28408.3
5.265	28408.3
5.27	25283.0
5.270041	25110.2
5.270123	24740.0
5.270252	24070.7
5.270293	23392.8
5.270333	22916.6
5.270374	22424.4
5.270415	21203.4
5.270463	20325.6
5.270504	19640.6
5.270524	18827.6
5.270544	14311.8
5.270585	13625.6
5.270626	12085.0
5.27064	10500.5
5.270646	8927.7
5.27066	8577.7
5.27068	7765.99
5.270701	7079.46
5.270735	5646.01
5.270755	5194.16
5.270776	4702.63
5.270789	3989.15
5.27081	3657.34
5.27083	3521.99
5.270844	2723.52
5.270864	1895.91
5.270871	1695.06
5.270891	1223.92
5.270912	931.425
5.270932	677.936
5.270953	485.05
5.270973	349.431
5.271007	282.525
5.271014	270.83
5.271041	259.321
5.271055	251.731
5.271075	248.586
5.271116	245.481
5.271225	248.586
5.271259	262.602
5.271293	268.979
5.271333	280.595
5.271367	328.897
5.271401	394.425
5.271442	476.262
5.271476	551.273
5.27151	694.401
5.271551	813.005
5.271585	963.907
5.271619	1050.16
5.27166	1252.21
5.271694	1531.15
5.271728	1750.17
5.271769	1975.53
5.271803	2258.11
5.271837	2502.7
5.271871	3021.97
5.271912	3372.33
5.271946	3674.09
5.27198	4021.18
5.272021	4461.83
5.272055	4979.13
5.272089	5418.47
5.272129	6046.68
5.272163	6911.6
5.272197	8046.01
5.272238	8656.47
5.272272	9771.11
5.272306	10904.0
5.272381	12606.9
5.27249	14642.6
5.272565	16136.1
5.272633	17360.4
5.272742	19000.5
5.27285	20325.6
5.272959	21471.6
5.273068	22682.1
5.273211	23661.7
5.27332	24403.0
5.273429	24995.7
5.273538	25602.8
5.273612	25926.6
5.273721	26405.0
5.273864	26708.4
5.274048	27201.2
5.274191	27703.1
5.274374	28053.5
5.274551	28214.2
5.274844	28408.3
5.275	28408.3
5.28	25283.0
5.280041	25110.2
5.280123	24740.0
5.280252	24070.7
5.280293	23392.8
5.280333	22916.6
5.280374	22424.4
5.280415	21203.4
5.280463	20325.6
5.280504	19640.6
5.280524	18827.6
5.280544	14311.8
5.280585	13625.6
5.280626	12085.0
5.28064	10500.5
5.280646	8927.7
5.28066	8577.7
5.28068	7765.99
5.280701	7079.46
5.280735	5646.01
5.280755	5194.16
5.280776	4702.63
5.280789	3989.15
5.28081	3657.34
5.28083	3521.99
5.280844	2723.52
5.280864	1895.91
5.280871	1695.06
5.280891	1223.92
5.280912	931.425
5.280932	677.936
5.280953	485.05
5.280973	349.431
5.281007	282.525
5.281014	270.83
5.281041	259.321
5.281055	251.731
5.281075	248.586
5.281116	245.481
5.281225	248.586
5.281259	262.602
5.281293	268.979
5.281333	280.595
5.281367	328.897
5.281401	394.425
5.281442	476.262
5.281476	551.273
5.28151	694.401
5.281551	813.005
5.281585	963.907
5.281619	1050.16
5.28166	1252.21
5.281694	1531.15
5.281728	1750.17
5.281769	1975.53
5.281803	2258.11
5.281837	2502.7
5.281871	3021.97
5.281912	3372.33
5.281946	3674.09
5.28198	4021.18
5.282021	4461.83
5.282055	4979.13
5.282089	5418.47
5.282129	6046.68
5.282163	6911.6
5.282197	8046.01
5.282238	8656.47
5.282272	9771.11
5.282306	10904.0
5.282381	12606.9
5.28249	14642.6
5.282565	16136.1
5.282633	17360.4
5.282742	19000.5
5.28285	20325.6
5.282959	21471.6
5.283068	22682.1
5.283211	23661.7
5.28332	24403.0
5.283429	24995.7
5.283538	25602.8
5.283612	25926.6
5.283721	26405.0
5.283864	26708.4
5.284048	27201.2
5.284191	27703.1
5.284374	28053.5
5.284551	28214.2
5.284844	28408.3
5.285	28408.3
5.29	25283.0
5.290041	25110.2
5.290123	24740.0
5.290252	24070.7
5.290293	23392.8
5.290333	22916.6
5.290374	22424.4
5.290415	21203.4
5.290463	20325.6
5.290504	19640.6
5.290524	18827.6
5.290544	14311.8
5.290585	13625.6
5.290626	12085.0
5.29064	10500.5
5.290646	8927.7
5.29066	8577.7
5.29068	7765.99
5.290701	7079.46
5.290735	5646.01
5.290755	5194.16
5.290776	4702.63
5.290789	3989.15
5.29081	3657.34
5.29083	3521.99
5.290844	2723.52
5.290864	1895.91
5.290871	1695.06
5.290891	1223.92
5.290912	931.425
5.290932	677.936
5.290953	485.05
5.290973	349.431
5.291007	282.525
5.291014	270.83
5.291041	259.321
5.291055	251.731
5.291075	248.586
5.291116	245.481
5.291225	248.586
5.291259	262.602
5.291293	268.979
5.291333	280.595
5.291367	328.897
5.291401	394.425
5.291442	476.262
5.291476	551.273
5.29151	694.401
5.291551	813.005
5.291585	963.907
5.291619	1050.16
5.29166	1252.21
5.291694	1531.15
5.291728	1750.17
5.291769	1975.53
5.291803	2258.11
5.291837	2502.7
5.291871	3021.97
5.291912	3372.33
5.291946	3674.09
5.29198	4021.18
5.292021	4461.83
5.292055	4979.13
5.292089	5418.47
5.292129	6046.68
5.292163	6911.6
5.292197	8046.01
5.292238	8656.47
5.292272	9771.11
5.292306	10904.0
5.292381	12606.9
5.29249	14642.6
5.292565	16136.1
5.292633	17360.4
5.292742	19000.5
5.29285	20325.6
5.292959	21471.6
5.293068	22682.1
5.293211	23661.7
5.29332	24403.0
5.293429	24995.7
5.293538	25602.8
5.293612	25926.6
5.293721	26405.0
5.293864	26708.4
5.294048	27201.2
5.294191	27703.1
5.294374	28053.5
5.294551	28214.2
5.294844	28408.3
5.295	28408.3
5.3	25283.0
5.300041	25110.2
5.300123	24740.0
5.300252	24070.7
5.300293	23392.8
5.300333	22916.6
5.300374	22424.4
5.300415	21203.4
5.300463	20325.6
5.300504	19640.6
5.300524	18827.6
5.300544	14311.8
5.300585	13625.6
5.300626	12085.0
5.30064	10500.5
5.300646	8927.7
5.30066	8577.7
5.30068	7765.99
5.300701	7079.46
5.300735	5646.01
5.300755	5194.16
5.300776	4702.63
5.300789	3989.15
5.30081	3657.34
5.30083	3521.99
5.300844	2723.52
5.300864	1895.91
5.300871	1695.06
5.300891	1223.92
5.300912	931.425
5.300932	677.936
5.300953	485.05
5.300973	349.431
5.301007	282.525
5.301014	270.83
5.301041	259.321
5.301055	251.731
5.301075	248.586
5.301116	245.481
5.301225	248.586
5.301259	262.602
5.301293	268.979
5.301333	280.595
5.301367	328.897
5.301401	394.425
5.301442	476.262
5.301476	551.273
5.30151	694.401
5.301551	813.005
5.301585	963.907
5.301619	1050.16
5.30166	1252.21
5.301694	1531.15
5.301728	1750.17
5.301769	1975.53
5.301803	2258.11
5.301837	2502.7
5.301871	3021.97
5.301912	3372.33
5.301946	3674.09
5.30198	4021.18
5.302021	4461.83
5.302055	4979.13
5.302089	5418.47
5.302129	6046.68
5.302163	6911.6
5.302197	8046.01
5.302238	8656.47
5.302272	9771.11
5.302306	10904.0
5.302381	12606.9
5.30249	14642.6
5.302565	16136.1
5.302633	17360.4
5.302742	19000.5
5.30285	20325.6
5.302959	21471.6
5.303068	22682.1
5.303211	23661.7
5.30332	24403.0
5.303429	24995.7
5.303538	25602.8
5.303612	25926.6
5.303721	26405.0
5.303864	26708.4
5.304048	27201.2
5.304191	27703.1
5.304374	28053.5
5.304551	28214.2
5.304844	28408.3
5.305	28408.3
5.31	25283.0
5.310041	25110.2
5.310123	24740.0
5.310252	24070.7
5.310293	23392.8
5.310333	22916.6
5.310374	22424.4
5.310415	21203.4
5.310463	20325.6
5.310504	19640.6
5.310524	18827.6
5.310544	14311.8
5.310585	13625.6
5.310626	12085.0
5.31064	10500.5
5.310646	8927.7
5.31066	8577.7
5.31068	7765.99
5.310701	7079.46
5.310735	5646.01
5.310755	5194.16
5.310776	4702.63
5.310789	3989.15
5.31081	3657.34
5.31083	3521.99
5.310844	2723.52
5.310864	1895.91
5.310871	1695.06
5.310891	1223.92
5.310912	931.425
5.310932	677.936
5.310953	485.05
5.310973	349.431
5.311007	282.525
5.311014	270.83
5.311041	259.321
5.311055	251.731
5.311075	248.586
5.311116	245.481
5.311225	248.586
5.311259	262.602
5.311293	268.979
5.311333	280.595
5.311367	328.897
5.311401	394.425
5.311442	476.262
5.311476	551.273
5.31151	694.401
5.311551	813.005
5.311585	963.907
5.311619	1050.16
5.31166	1252.21
5.311694	1531.15
5.311728	1750.17
5.311769	1975.53
5.311803	2258.11
5.311837	2502.7
5.311871	3021.97
5.311912	3372.33
5.311946	3674.09
5.31198	4021.18
5.312021	4461.83
5.312055	4979.13
5.312089	5418.47
5.312129	6046.68
5.312163	6911.6
5.312197	8046.01
5.312238	8656.47
5.312272	9771.11
5.312306	10904.0
5.312381	12606.9
5.31249	14642.6
5.312565	16136.1
5.312633	17360.4
5.312742	19000.5
5.31285	20325.6
5.312959	21471.6
5.313068	22682.1
5.313211	23661.7
5.31332	24403.0
5.313429	24995.7
5.313538	25602.8
5.313612	25926.6
5.313721	26405.0
5.313864	26708.4
5.314048	27201.2
5.314191	27703.1
5.314374	28053.5
5.314551	28214.2
5.314844	28408.3
5.315	28408.3
5.32	25283.0
5.320041	25110.2
5.320123	24740.0
5.320252	24070.7
5.320293	23392.8
5.320333	22916.6
5.320374	22424.4
5.320415	21203.4
5.320463	20325.6
5.320504	19640.6
5.320524	18827.6
5.320544	14311.8
5.320585	13625.6
5.320626	12085.0
5.32064	10500.5
5.320646	8927.7
5.32066	8577.7
5.32068	7765.99
5.320701	7079.46
5.320735	5646.01
5.320755	5194.16
5.320776	4702.63
5.320789	3989.15
5.32081	3657.34
5.32083	3521.99
5.320844	2723.52
5.320864	1895.91
5.320871	1695.06
5.320891	1223.92
5.320912	931.425
5.320932	677.936
5.320953	485.05
5.320973	349.431
5.321007	282.525
5.321014	270.83
5.321041	259.321
5.321055	251.731
5.321075	248.586
5.321116	245.481
5.321225	248.586
5.321259	262.602
5.321293	268.979
5.321333	280.595
5.321367	328.897
5.321401	394.425
5.321442	476.262
5.321476	551.273
5.32151	694.401
5.321551	813.005
5.321585	963.907
5.321619	1050.16
5.32166	1252.21
5.321694	1531.15
5.321728	1750.17
5.321769	1975.53
5.321803	2258.11
5.321837	2502.7
5.321871	3021.97
5.321912	3372.33
5.321946	3674.09
5.32198	4021.18
5.322021	4461.83
5.322055	4979.13
5.322089	5418.47
5.322129	6046.68
5.322163	6911.6
5.322197	8046.01
5.322238	8656.47
5.322272	9771.11
5.322306	10904.0
5.322381	12606.9
5.32249	14642.6
5.322565	16136.1
5.322633	17360.4
5.322742	19000.5
5.32285	20325.6
5.322959	21471.6
5.323068	22682.1
5.323211	23661.7
5.32332	24403.0
5.323429	24995.7
5.323538	25602.8
5.323612	25926.6
5.323721	26405.0
5.323864	26708.4
5.324048	27201.2
5.324191	27703.1
5.324374	28053.5
5.324551	28214.2
5.324844	28408.3
5.325	28408.3
5.33	25283.0
5.330041	25110.2
5.330123	24740.0
5.330252	24070.7
5.330293	23392.8
5.330333	22916.6
5.330374	22424.4
5.330415	21203.4
5.330463	20325.6
5.330504	19640.6
5.330524	18827.6
5.330544	14311.8
5.330585	13625.6
5.330626	12085.0
5.33064	10500.5
5.330646	8927.7
5.33066	8577.7
5.33068	7765.99
5.330701	7079.46
5.330735	5646.01
5.330755	5194.16
5.330776	4702.63
5.330789	3989.15
5.33081	3657.34
5.33083	3521.99
5.330844	2723.52
5.330864	1895.91
5.330871	1695.06
5.330891	1223.92
5.330912	931.425
5.330932	677.936
5.330953	485.05
5.330973	349.431
5.331007	282.525
5.331014	270.83
5.331041	259.321
5.331055	251.731
5.331075	248.586
5.331116	245.481
5.331225	248.586
5.331259	262.602
5.331293	268.979
5.331333	280.595
5.331367	328.897
5.331401	394.425
5.331442	476.262
5.331476	551.273
5.33151	694.401
5.331551	813.005
5.331585	963.907
5.331619	1050.16
5.33166	1252.21
5.331694	1531.15
5.331728	1750.17
5.331769	1975.53
5.331803	2258.11
5.331837	2502.7
5.331871	3021.97
5.331912	3372.33
5.331946	3674.09
5.33198	4021.18
5.332021	4461.83
5.332055	4979.13
5.332089	5418.47
5.332129	6046.68
5.332163	6911.6
5.332197	8046.01
5.332238	8656.47
5.332272	9771.11
5.332306	10904.0
5.332381	12606.9
5.33249	14642.6
5.332565	16136.1
5.332633	17360.4
5.332742	19000.5
5.33285	20325.6
5.332959	21471.6
5.333068	22682.1
5.333211	23661.7
5.33332	24403.0
5.333429	24995.7
5.333538	25602.8
5.333612	25926.6
5.333721	26405.0
5.333864	26708.4
5.334048	27201.2
5.334191	27703.1
5.334374	28053.5
5.334551	28214.2
5.334844	28408.3
5.335	28408.3
5.34	25283.0
5.340041	25110.2
5.340123	24740.0
5.340252	24070.7
5.340293	23392.8
5.340333	22916.6
5.340374	22424.4
5.340415	21203.4
5.340463	20325.6
5.340504	19640.6
5.340524	18827.6
5.340544	14311.8
5.340585	13625.6
5.340626	12085.0
5.34064	10500.5
5.340646	8927.7
5.34066	8577.7
5.34068	7765.99
5.340701	7079.46
5.340735	5646.01
5.340755	5194.16
5.340776	4702.63
5.340789	3989.15
5.34081	3657.34
5.34083	3521.99
5.340844	2723.52
5.340864	1895.91
5.340871	1695.06
5.340891	1223.92
5.340912	931.425
5.340932	677.936
5.340953	485.05
5.340973	349.431
5.341007	282.525
5.341014	270.83
5.341041	259.321
5.341055	251.731
5.341075	248.586
5.341116	245.481
5.341225	248.586
5.341259	262.602
5.341293	268.979
5.341333	280.595
5.341367	328.897
5.341401	394.425
5.341442	476.262
5.341476	551.273
5.34151	694.401
5.341551	813.005
5.341585	963.907
5.341619	1050.16
5.34166	1252.21
5.341694	1531.15
5.341728	1750.17
5.341769	1975.53
5.341803	2258.11
5.341837	2502.7
5.341871	3021.97
5.341912	3372.33
5.341946	3674.09
5.34198	4021.18
5.342021	4461.83
5.342055	4979.13
5.342089	5418.47
5.342129	6046.68
5.342163	6911.6
5.342197	8046.01
5.342238	8656.47
5.342272	9771.11
5.342306	10904.0
5.342381	12606.9
5.34249	14642.6
5.342565	16136.1
5.342633	17360.4
5.342742	19000.5
5.34285	20325.6
5.342959	21471.6
5.343068	22682.1
5.343211	23661.7
5.34332	24403.0
5.343429	24995.7
5.343538	25602.8
5.343612	25926.6
5.343721	26405.0
5.343864	26708.4
5.344048	27201.2
5.344191	27703.1
5.344374	28053.5
5.344551	28214.2
5.344844	28408.3
5.345	28408.3
5.35	25283.0
5.350041	25110.2
5.350123	24740.0
5.350252	24070.7
5.350293	23392.8
5.350333	22916.6
5.350374	22424.4
5.350415	21203.4
5.350463	20325.6
5.350504	19640.6
5.350524	18827.6
5.350544	14311.8
5.350585	13625.6
5.350626	12085.0
5.35064	10500.5
5.350646	8927.7
5.35066	8577.7
5.35068	7765.99
5.350701	7079.46
5.350735	5646.01
5.350755	5194.16
5.350776	4702.63
5.350789	3989.15
5.35081	3657.34
5.35083	3521.99
5.350844	2723.52
5.350864	1895.91
5.350871	1695.06
5.350891	1223.92
5.350912	931.425
5.350932	677.936
5.350953	485.05
5.350973	349.431
5.351007	282.525
5.351014	270.83
5.351041	259.321
5.351055	251.731
5.351075	248.586
5.351116	245.481
5.351225	248.586
5.351259	262.602
5.351293	268.979
5.351333	280.595
5.351367	328.897
5.351401	394.425
5.351442	476.262
5.351476	551.273
5.35151	694.401
5.351551	813.005
5.351585	963.907
5.351619	1050.16
5.35166	1252.21
5.351694	1531.15
5.351728	1750.17
5.351769	1975.53
5.351803	2258.11
5.351837	2502.7
5.351871	3021.97
5.351912	3372.33
5.351946	3674.09
5.35198	4021.18
5.352021	4461.83
5.352055	4979.13
5.352089	5418.47
5.352129	6046.68
5.352163	6911.6
5.352197	8046.01
5.352238	8656.47
5.352272	9771.11
5.352306	10904.0
5.352381	12606.9
5.35249	14642.6
5.352565	16136.1
5.352633	17360.4
5.352742	19000.5
5.35285	20325.6
5.352959	21471.6
5.353068	22682.1
5.353211	23661.7
5.35332	24403.0
5.353429	24995.7
5.353538	25602.8
5.353612	25926.6
5.353721	26405.0
5.353864	26708.4
5.354048	27201.2
5.354191	27703.1
5.354374	28053.5
5.354551	28214.2
5.354844	28408.3
5.355	28408.3
5.36	25283.0
5.360041	25110.2
5.360123	24740.0
5.360252	24070.7
5.360293	23392.8
5.360333	22916.6
5.360374	22424.4
5.360415	21203.4
5.360463	20325.6
5.360504	19640.6
5.360524	18827.6
5.360544	14311.8
5.360585	13625.6
5.360626	12085.0
5.36064	10500.5
5.360646	8927.7
5.36066	8577.7
5.36068	7765.99
5.360701	7079.46
5.360735	5646.01
5.360755	5194.16
5.360776	4702.63
5.360789	3989.15
5.36081	3657.34
5.36083	3521.99
5.360844	2723.52
5.360864	1895.91
5.360871	1695.06
5.360891	1223.92
5.360912	931.425
5.360932	677.936
5.360953	485.05
5.360973	349.431
5.361007	282.525
5.361014	270.83
5.361041	259.321
5.361055	251.731
5.361075	248.586
5.361116	245.481
5.361225	248.586
5.361259	262.602
5.361293	268.979
5.361333	280.595
5.361367	328.897
5.361401	394.425
5.361442	476.262
5.361476	551.273
5.36151	694.401
5.361551	813.005
5.361585	963.907
5.361619	1050.16
5.36166	1252.21
5.361694	1531.15
5.361728	1750.17
5.361769	1975.53
5.361803	2258.11
5.361837	2502.7
5.361871	3021.97
5.361912	3372.33
5.361946	3674.09
5.36198	4021.18
5.362021	4461.83
5.362055	4979.13
5.362089	5418.47
5.362129	6046.68
5.362163	6911.6
5.362197	8046.01
5.362238	8656.47
5.362272	9771.11
5.362306	10904.0
5.362381	12606.9
5.36249	14642.6
5.362565	16136.1
5.362633	17360.4
5.362742	19000.5
5.36285	20325.6
5.362959	21471.6
5.363068	22682.1
5.363211	23661.7
5.36332	24403.0
5.363429	24995.7
5.363538	25602.8
5.363612	25926.6
5.363721	26405.0
5.363864	26708.4
5.364048	27201.2
5.364191	27703.1
5.364374	28053.5
5.364551	28214.2
5.364844	28408.3
5.365	28408.3
5.37	25283.0
5.370041	25110.2
5.370123	24740.0
5.370252	24070.7
5.370293	23392.8
5.370333	22916.6
5.370374	22424.4
5.370415	21203.4
5.370463	20325.6
5.370504	19640.6
5.370524	18827.6
5.370544	14311.8
5.370585	13625.6
5.370626	12085.0
5.37064	10500.5
5.370646	8927.7
5.37066	8577.7
5.37068	7765.99
5.370701	7079.46
5.370735	5646.01
5.370755	5194.16
5.370776	4702.63
5.370789	3989.15
5.37081	3657.34
5.37083	3521.99
5.370844	2723.52
5.370864	1895.91
5.370871	1695.06
5.370891	1223.92
5.370912	931.425
5.370932	677.936
5.370953	485.05
5.370973	349.431
5.371007	282.525
5.371014	270.83
5.371041	259.321
5.371055	251.731
5.371075	248.586
5.371116	245.481
5.371225	248.586
5.371259	262.602
5.371293	268.979
5.371333	280.595
5.371367	328.897
5.371401	394.425
5.371442	476.262
5.371476	551.273
5.37151	694.401
5.371551	813.005
5.371585	963.907
5.371619	1050.16
5.37166	1252.21
5.371694	1531.15
5.371728	1750.17
5.371769	1975.53
5.371803	2258.11
5.371837	2502.7
5.371871	3021.97
5.371912	3372.33
5.371946	3674.09
5.37198	4021.18
5.372021	4461.83
5.372055	4979.13
5.372089	5418.47
5.372129	6046.68
5.372163	6911.6
5.372197	8046.01
5.372238	8656.47
5.372272	9771.11
5.372306	10904.0
5.372381	12606.9
5.37249	14642.6
5.372565	16136.1
5.372633	17360.4
5.372742	19000.5
5.37285	20325.6
5.372959	21471.6
5.373068	22682.1
5.373211	23661.7
5.37332	24403.0
5.373429	24995.7
5.373538	25602.8
5.373612	25926.6
5.373721	26405.0
5.373864	26708.4
5.374048	27201.2
5.374191	27703.1
5.374374	28053.5
5.374551	28214.2
5.374844	28408.3
5.375	28408.3
5.38	25283.0
5.380041	25110.2
5.380123	24740.0
5.380252	24070.7
5.380293	23392.8
5.380333	22916.6
5.380374	22424.4
5.380415	21203.4
5.380463	20325.6
5.380504	19640.6
5.380524	18827.6
5.380544	14311.8
5.380585	13625.6
5.380626	12085.0
5.38064	10500.5
5.380646	8927.7
5.38066	8577.7
5.38068	7765.99
5.380701	7079.46
5.380735	5646.01
5.380755	5194.16
5.380776	4702.63
5.380789	3989.15
5.38081	3657.34
5.38083	3521.99
5.380844	2723.52
5.380864	1895.91
5.380871	1695.06
5.380891	1223.92
5.380912	931.425
5.380932	677.936
5.380953	485.05
5.380973	349.431
5.381007	282.525
5.381014	270.83
5.381041	259.321
5.381055	251.731
5.381075	248.586
5.381116	245.481
5.381225	248.586
5.381259	262.602
5.381293	268.979
5.381333	280.595
5.381367	328.897
5.381401	394.425
5.381442	476.262
5.381476	551.273
5.38151	694.401
5.381551	813.005
5.381585	963.907
5.381619	1050.16
5.38166	1252.21
5.381694	1531.15
5.381728	1750.17
5.381769	1975.53
5.381803	2258.11
5.381837	2502.7
5.381871	3021.97
5.381912	3372.33
5.381946	3674.09
5.38198	4021.18
5.382021	4461.83
5.382055	4979.13
5.382089	5418.47
5.382129	6046.68
5.382163	6911.6
5.382197	8046.01
5.382238	8656.47
5.382272	9771.11
5.382306	10904.0
5.382381	12606.9
5.38249	14642.6
5.382565	16136.1
5.382633	17360.4
5.382742	19000.5
5.38285	20325.6
5.382959	21471.6
5.383068	22682.1
5.383211	23661.7
5.38332	24403.0
5.383429	24995.7
5.383538	25602.8
5.383612	25926.6
5.383721	26405.0
5.383864	26708.4
5.384048	27201.2
5.384191	27703.1
5.384374	28053.5
5.384551	28214.2
5.384844	28408.3
5.385	28408.3
