0.0	11866.0
4.0816e-05	11822.1
0.000122449	11727.6
0.000251701	11555.1
0.000292517	11378.1
0.000333333	11252.4
0.00037415	11121.2
0.000414966	10789.8
0.000462585	10546.1
0.000503401	10352.6
0.00052381	10118.8
0.000544218	8725.26
0.000585034	8496.67
0.00062585	7963.35
0.000639456	7381.03
0.000646259	6761.51
0.000659864	6616.97
0.000680272	6270.94
0.00070068	5965.06
0.000734694	5278.69
0.000755102	5046.07
0.00077551	4782.19
0.000789116	4375.39
0.000809524	4174.84
0.000829932	4090.64
0.000843537	3560.11
0.000863946	2927.31
0.000870748	2755.45
0.000891156	2310.88
0.000911565	1993.87
0.000931973	1679.42
0.000952381	1401.52
0.000972789	1173.94
0.0010068	1046.59
0.0010136	1022.95
0.00104082	999.234
0.00105442	983.323
0.00107483	976.667
0.00111565	970.057
0.00122449	976.667
0.0012585	1006.04
0.00129252	1019.17
0.00133333	1042.72
0.00136735	1136.15
0.00140136	1253.34
0.00144218	1387.74
0.00147619	1501.86
0.0015102	1701.33
0.00155102	1852.64
0.00158503	2031.14
0.00161905	2127.4
0.00165986	2339.59
0.00169388	2608.13
0.00172789	2803.5
0.00176871	2993.1
0.00180272	3217.3
0.00183673	3401.13
0.00187075	3765.85
0.00191157	3995.79
0.00194558	4185.16
0.00197959	4394.34
0.00202041	4648.29
0.00205442	4932.11
0.00208843	5162.66
0.00212925	5477.89
0.00216327	5888.22
0.00219728	6392.11
0.00223809	6649.73
0.00227211	7099.46
0.00230612	7532.95
0.00238095	8147.35
0.0024898	8833.66
0.00256463	9309.6
0.00263265	9684.81
0.0027415	10168.9
0.00285034	10546.1
0.00295918	10863.3
0.00306803	11190.0
0.00321088	11448.6
0.00331973	11641.0
0.00342857	11792.9
0.00353742	11946.8
0.00361224	12028.2
0.00372109	12147.6
0.00386395	12222.9
0.00404762	12344.2
0.00419048	12466.7
0.00437415	12551.7
0.00455102	12590.5
0.00484354	12637.2
0.005	12637.2
0.2	11866.0
0.200040816	11822.1
0.200122449	11727.6
0.200251701	11555.1
0.200292517	11378.1
0.200333333	11252.4
0.20037415	11121.2
0.200414966	10789.8
0.200462585	10546.1
0.200503401	10352.6
0.20052381	10118.8
0.200544218	8725.26
0.200585034	8496.67
0.20062585	7963.35
0.200639456	7381.03
0.200646259	6761.51
0.200659864	6616.97
0.200680272	6270.94
0.20070068	5965.06
0.200734694	5278.69
0.200755102	5046.07
0.20077551	4782.19
0.200789116	4375.39
0.200809524	4174.84
0.200829932	4090.64
0.200843537	3560.11
0.200863946	2927.31
0.200870748	2755.45
0.200891156	2310.88
0.200911565	1993.87
0.200931973	1679.42
0.200952381	1401.52
0.200972789	1173.94
0.2010068	1046.59
0.2010136	1022.95
0.20104082	999.234
0.20105442	983.323
0.20107483	976.667
0.20111565	970.057
0.20122449	976.667
0.2012585	1006.04
0.20129252	1019.17
0.20133333	1042.72
0.20136735	1136.15
0.20140136	1253.34
0.20144218	1387.74
0.20147619	1501.86
0.2015102	1701.33
0.20155102	1852.64
0.20158503	2031.14
0.20161905	2127.4
0.20165986	2339.59
0.20169388	2608.13
0.20172789	2803.5
0.20176871	2993.1
0.20180272	3217.3
0.20183673	3401.13
0.20187075	3765.85
0.20191157	3995.79
0.20194558	4185.16
0.20197959	4394.34
0.20202041	4648.29
0.20205442	4932.11
0.20208843	5162.66
0.20212925	5477.89
0.20216327	5888.22
0.20219728	6392.11
0.20223809	6649.73
0.20227211	7099.46
0.20230612	7532.95
0.20238095	8147.35
0.2024898	8833.66
0.20256463	9309.6
0.20263265	9684.81
0.2027415	10168.9
0.20285034	10546.1
0.20295918	10863.3
0.20306803	11190.0
0.20321088	11448.6
0.20331973	11641.0
0.20342857	11792.9
0.20353742	11946.8
0.20361224	12028.2
0.20372109	12147.6
0.20386395	12222.9
0.20404762	12344.2
0.20419048	12466.7
0.20437415	12551.7
0.20455102	12590.5
0.20484354	12637.2
0.205	12637.2
0.4	11866.0
0.400040816	11822.1
0.400122449	11727.6
0.400251701	11555.1
0.400292517	11378.1
0.400333333	11252.4
0.40037415	11121.2
0.400414966	10789.8
0.400462585	10546.1
0.400503401	10352.6
0.40052381	10118.8
0.400544218	8725.26
0.400585034	8496.67
0.40062585	7963.35
0.400639456	7381.03
0.400646259	6761.51
0.400659864	6616.97
0.400680272	6270.94
0.40070068	5965.06
0.400734694	5278.69
0.400755102	5046.07
0.40077551	4782.19
0.400789116	4375.39
0.400809524	4174.84
0.400829932	4090.64
0.400843537	3560.11
0.400863946	2927.31
0.400870748	2755.45
0.400891156	2310.88
0.400911565	1993.87
0.400931973	1679.42
0.400952381	1401.52
0.400972789	1173.94
0.4010068	1046.59
0.4010136	1022.95
0.40104082	999.234
0.40105442	983.323
0.40107483	976.667
0.40111565	970.057
0.40122449	976.667
0.4012585	1006.04
0.40129252	1019.17
0.40133333	1042.72
0.40136735	1136.15
0.40140136	1253.34
0.40144218	1387.74
0.40147619	1501.86
0.4015102	1701.33
0.40155102	1852.64
0.40158503	2031.14
0.40161905	2127.4
0.40165986	2339.59
0.40169388	2608.13
0.40172789	2803.5
0.40176871	2993.1
0.40180272	3217.3
0.40183673	3401.13
0.40187075	3765.85
0.40191157	3995.79
0.40194558	4185.16
0.40197959	4394.34
0.40202041	4648.29
0.40205442	4932.11
0.40208843	5162.66
0.40212925	5477.89
0.40216327	5888.22
0.40219728	6392.11
0.40223809	6649.73
0.40227211	7099.46
0.40230612	7532.95
0.40238095	8147.35
0.4024898	8833.66
0.40256463	9309.6
0.40263265	9684.81
0.4027415	10168.9
0.40285034	10546.1
0.40295918	10863.3
0.40306803	11190.0
0.40321088	11448.6
0.40331973	11641.0
0.40342857	11792.9
0.40353742	11946.8
0.40361224	12028.2
0.40372109	12147.6
0.40386395	12222.9
0.40404762	12344.2
0.40419048	12466.7
0.40437415	12551.7
0.40455102	12590.5
0.40484354	12637.2
0.405	12637.2
0.6	11866.0
0.600040816	11822.1
0.600122449	11727.6
0.600251701	11555.1
0.600292517	11378.1
0.600333333	11252.4
0.60037415	11121.2
0.600414966	10789.8
0.600462585	10546.1
0.600503401	10352.6
0.60052381	10118.8
0.600544218	8725.26
0.600585034	8496.67
0.60062585	7963.35
0.600639456	7381.03
0.600646259	6761.51
0.600659864	6616.97
0.600680272	6270.94
0.60070068	5965.06
0.600734694	5278.69
0.600755102	5046.07
0.60077551	4782.19
0.600789116	4375.39
0.600809524	4174.84
0.600829932	4090.64
0.600843537	3560.11
0.600863946	2927.31
0.600870748	2755.45
0.600891156	2310.88
0.600911565	1993.87
0.600931973	1679.42
0.600952381	1401.52
0.600972789	1173.94
0.6010068	1046.59
0.6010136	1022.95
0.60104082	999.234
0.60105442	983.323
0.60107483	976.667
0.60111565	970.057
0.60122449	976.667
0.6012585	1006.04
0.60129252	1019.17
0.60133333	1042.72
0.60136735	1136.15
0.60140136	1253.34
0.60144218	1387.74
0.60147619	1501.86
0.6015102	1701.33
0.60155102	1852.64
0.60158503	2031.14
0.60161905	2127.4
0.60165986	2339.59
0.60169388	2608.13
0.60172789	2803.5
0.60176871	2993.1
0.60180272	3217.3
0.60183673	3401.13
0.60187075	3765.85
0.60191157	3995.79
0.60194558	4185.16
0.60197959	4394.34
0.60202041	4648.29
0.60205442	4932.11
0.60208843	5162.66
0.60212925	5477.89
0.60216327	5888.22
0.60219728	6392.11
0.60223809	6649.73
0.60227211	7099.46
0.60230612	7532.95
0.60238095	8147.35
0.6024898	8833.66
0.60256463	9309.6
0.60263265	9684.81
0.6027415	10168.9
0.60285034	10546.1
0.60295918	10863.3
0.60306803	11190.0
0.60321088	11448.6
0.60331973	11641.0
0.60342857	11792.9
0.60353742	11946.8
0.60361224	12028.2
0.60372109	12147.6
0.60386395	12222.9
0.60404762	12344.2
0.60419048	12466.7
0.60437415	12551.7
0.60455102	12590.5
0.60484354	12637.2
0.605	12637.2
0.8	11866.0
0.800040816	11822.1
0.800122449	11727.6
0.800251701	11555.1
0.800292517	11378.1
0.800333333	11252.4
0.80037415	11121.2
0.800414966	10789.8
0.800462585	10546.1
0.800503401	10352.6
0.80052381	10118.8
0.800544218	8725.26
0.800585034	8496.67
0.80062585	7963.35
0.800639456	7381.03
0.800646259	6761.51
0.800659864	6616.97
0.800680272	6270.94
0.80070068	5965.06
0.800734694	5278.69
0.800755102	5046.07
0.80077551	4782.19
0.800789116	4375.39
0.800809524	4174.84
0.800829932	4090.64
0.800843537	3560.11
0.800863946	2927.31
0.800870748	2755.45
0.800891156	2310.88
0.800911565	1993.87
0.800931973	1679.42
0.800952381	1401.52
0.800972789	1173.94
0.8010068	1046.59
0.8010136	1022.95
0.80104082	999.234
0.80105442	983.323
0.80107483	976.667
0.80111565	970.057
0.80122449	976.667
0.8012585	1006.04
0.80129252	1019.17
0.80133333	1042.72
0.80136735	1136.15
0.80140136	1253.34
0.80144218	1387.74
0.80147619	1501.86
0.8015102	1701.33
0.80155102	1852.64
0.80158503	2031.14
0.80161905	2127.4
0.80165986	2339.59
0.80169388	2608.13
0.80172789	2803.5
0.80176871	2993.1
0.80180272	3217.3
0.80183673	3401.13
0.80187075	3765.85
0.80191157	3995.79
0.80194558	4185.16
0.80197959	4394.34
0.80202041	4648.29
0.80205442	4932.11
0.80208843	5162.66
0.80212925	5477.89
0.80216327	5888.22
0.80219728	6392.11
0.80223809	6649.73
0.80227211	7099.46
0.80230612	7532.95
0.80238095	8147.35
0.8024898	8833.66
0.80256463	9309.6
0.80263265	9684.81
0.8027415	10168.9
0.80285034	10546.1
0.80295918	10863.3
0.80306803	11190.0
0.80321088	11448.6
0.80331973	11641.0
0.80342857	11792.9
0.80353742	11946.8
0.80361224	12028.2
0.80372109	12147.6
0.80386395	12222.9
0.80404762	12344.2
0.80419048	12466.7
0.80437415	12551.7
0.80455102	12590.5
0.80484354	12637.2
0.805	12637.2
1.0	11866.0
1.000040816	11822.1
1.000122449	11727.6
1.000251701	11555.1
1.000292517	11378.1
1.000333333	11252.4
1.00037415	11121.2
1.000414966	10789.8
1.000462585	10546.1
1.000503401	10352.6
1.00052381	10118.8
1.000544218	8725.26
1.000585034	8496.67
1.00062585	7963.35
1.000639456	7381.03
1.000646259	6761.51
1.000659864	6616.97
1.000680272	6270.94
1.00070068	5965.06
1.000734694	5278.69
1.000755102	5046.07
1.00077551	4782.19
1.000789116	4375.39
1.000809524	4174.84
1.000829932	4090.64
1.000843537	3560.11
1.000863946	2927.31
1.000870748	2755.45
1.000891156	2310.88
1.000911565	1993.87
1.000931973	1679.42
1.000952381	1401.52
1.000972789	1173.94
1.0010068	1046.59
1.0010136	1022.95
1.00104082	999.234
1.00105442	983.323
1.00107483	976.667
1.00111565	970.057
1.00122449	976.667
1.0012585	1006.04
1.00129252	1019.17
1.00133333	1042.72
1.00136735	1136.15
1.00140136	1253.34
1.00144218	1387.74
1.00147619	1501.86
1.0015102	1701.33
1.00155102	1852.64
1.00158503	2031.14
1.00161905	2127.4
1.00165986	2339.59
1.00169388	2608.13
1.00172789	2803.5
1.00176871	2993.1
1.00180272	3217.3
1.00183673	3401.13
1.00187075	3765.85
1.00191157	3995.79
1.00194558	4185.16
1.00197959	4394.34
1.00202041	4648.29
1.00205442	4932.11
1.00208843	5162.66
1.00212925	5477.89
1.00216327	5888.22
1.00219728	6392.11
1.00223809	6649.73
1.00227211	7099.46
1.00230612	7532.95
1.00238095	8147.35
1.0024898	8833.66
1.00256463	9309.6
1.00263265	9684.81
1.0027415	10168.9
1.00285034	10546.1
1.00295918	10863.3
1.00306803	11190.0
1.00321088	11448.6
1.00331973	11641.0
1.00342857	11792.9
1.00353742	11946.8
1.00361224	12028.2
1.00372109	12147.6
1.00386395	12222.9
1.00404762	12344.2
1.00419048	12466.7
1.00437415	12551.7
1.00455102	12590.5
1.00484354	12637.2
1.005	12637.2
1.2	11866.0
1.200040816	11822.1
1.200122449	11727.6
1.200251701	11555.1
1.200292517	11378.1
1.200333333	11252.4
1.20037415	11121.2
1.200414966	10789.8
1.200462585	10546.1
1.200503401	10352.6
1.20052381	10118.8
1.200544218	8725.26
1.200585034	8496.67
1.20062585	7963.35
1.200639456	7381.03
1.200646259	6761.51
1.200659864	6616.97
1.200680272	6270.94
1.20070068	5965.06
1.200734694	5278.69
1.200755102	5046.07
1.20077551	4782.19
1.200789116	4375.39
1.200809524	4174.84
1.200829932	4090.64
1.200843537	3560.11
1.200863946	2927.31
1.200870748	2755.45
1.200891156	2310.88
1.200911565	1993.87
1.200931973	1679.42
1.200952381	1401.52
1.200972789	1173.94
1.2010068	1046.59
1.2010136	1022.95
1.20104082	999.234
1.20105442	983.323
1.20107483	976.667
1.20111565	970.057
1.20122449	976.667
1.2012585	1006.04
1.20129252	1019.17
1.20133333	1042.72
1.20136735	1136.15
1.20140136	1253.34
1.20144218	1387.74
1.20147619	1501.86
1.2015102	1701.33
1.20155102	1852.64
1.20158503	2031.14
1.20161905	2127.4
1.20165986	2339.59
1.20169388	2608.13
1.20172789	2803.5
1.20176871	2993.1
1.20180272	3217.3
1.20183673	3401.13
1.20187075	3765.85
1.20191157	3995.79
1.20194558	4185.16
1.20197959	4394.34
1.20202041	4648.29
1.20205442	4932.11
1.20208843	5162.66
1.20212925	5477.89
1.20216327	5888.22
1.20219728	6392.11
1.20223809	6649.73
1.20227211	7099.46
1.20230612	7532.95
1.20238095	8147.35
1.2024898	8833.66
1.20256463	9309.6
1.20263265	9684.81
1.2027415	10168.9
1.20285034	10546.1
1.20295918	10863.3
1.20306803	11190.0
1.20321088	11448.6
1.20331973	11641.0
1.20342857	11792.9
1.20353742	11946.8
1.20361224	12028.2
1.20372109	12147.6
1.20386395	12222.9
1.20404762	12344.2
1.20419048	12466.7
1.20437415	12551.7
1.20455102	12590.5
1.20484354	12637.2
1.205	12637.2
1.4	11866.0
1.400040816	11822.1
1.400122449	11727.6
1.400251701	11555.1
1.400292517	11378.1
1.400333333	11252.4
1.40037415	11121.2
1.400414966	10789.8
1.400462585	10546.1
1.400503401	10352.6
1.40052381	10118.8
1.400544218	8725.26
1.400585034	8496.67
1.40062585	7963.35
1.400639456	7381.03
1.400646259	6761.51
1.400659864	6616.97
1.400680272	6270.94
1.40070068	5965.06
1.400734694	5278.69
1.400755102	5046.07
1.40077551	4782.19
1.400789116	4375.39
1.400809524	4174.84
1.400829932	4090.64
1.400843537	3560.11
1.400863946	2927.31
1.400870748	2755.45
1.400891156	2310.88
1.400911565	1993.87
1.400931973	1679.42
1.400952381	1401.52
1.400972789	1173.94
1.4010068	1046.59
1.4010136	1022.95
1.40104082	999.234
1.40105442	983.323
1.40107483	976.667
1.40111565	970.057
1.40122449	976.667
1.4012585	1006.04
1.40129252	1019.17
1.40133333	1042.72
1.40136735	1136.15
1.40140136	1253.34
1.40144218	1387.74
1.40147619	1501.86
1.4015102	1701.33
1.40155102	1852.64
1.40158503	2031.14
1.40161905	2127.4
1.40165986	2339.59
1.40169388	2608.13
1.40172789	2803.5
1.40176871	2993.1
1.40180272	3217.3
1.40183673	3401.13
1.40187075	3765.85
1.40191157	3995.79
1.40194558	4185.16
1.40197959	4394.34
1.40202041	4648.29
1.40205442	4932.11
1.40208843	5162.66
1.40212925	5477.89
1.40216327	5888.22
1.40219728	6392.11
1.40223809	6649.73
1.40227211	7099.46
1.40230612	7532.95
1.40238095	8147.35
1.4024898	8833.66
1.40256463	9309.6
1.40263265	9684.81
1.4027415	10168.9
1.40285034	10546.1
1.40295918	10863.3
1.40306803	11190.0
1.40321088	11448.6
1.40331973	11641.0
1.40342857	11792.9
1.40353742	11946.8
1.40361224	12028.2
1.40372109	12147.6
1.40386395	12222.9
1.40404762	12344.2
1.40419048	12466.7
1.40437415	12551.7
1.40455102	12590.5
1.40484354	12637.2
1.405	12637.2
1.6	11866.0
1.600040816	11822.1
1.600122449	11727.6
1.600251701	11555.1
1.600292517	11378.1
1.600333333	11252.4
1.60037415	11121.2
1.600414966	10789.8
1.600462585	10546.1
1.600503401	10352.6
1.60052381	10118.8
1.600544218	8725.26
1.600585034	8496.67
1.60062585	7963.35
1.600639456	7381.03
1.600646259	6761.51
1.600659864	6616.97
1.600680272	6270.94
1.60070068	5965.06
1.600734694	5278.69
1.600755102	5046.07
1.60077551	4782.19
1.600789116	4375.39
1.600809524	4174.84
1.600829932	4090.64
1.600843537	3560.11
1.600863946	2927.31
1.600870748	2755.45
1.600891156	2310.88
1.600911565	1993.87
1.600931973	1679.42
1.600952381	1401.52
1.600972789	1173.94
1.6010068	1046.59
1.6010136	1022.95
1.60104082	999.234
1.60105442	983.323
1.60107483	976.667
1.60111565	970.057
1.60122449	976.667
1.6012585	1006.04
1.60129252	1019.17
1.60133333	1042.72
1.60136735	1136.15
1.60140136	1253.34
1.60144218	1387.74
1.60147619	1501.86
1.6015102	1701.33
1.60155102	1852.64
1.60158503	2031.14
1.60161905	2127.4
1.60165986	2339.59
1.60169388	2608.13
1.60172789	2803.5
1.60176871	2993.1
1.60180272	3217.3
1.60183673	3401.13
1.60187075	3765.85
1.60191157	3995.79
1.60194558	4185.16
1.60197959	4394.34
1.60202041	4648.29
1.60205442	4932.11
1.60208843	5162.66
1.60212925	5477.89
1.60216327	5888.22
1.60219728	6392.11
1.60223809	6649.73
1.60227211	7099.46
1.60230612	7532.95
1.60238095	8147.35
1.6024898	8833.66
1.60256463	9309.6
1.60263265	9684.81
1.6027415	10168.9
1.60285034	10546.1
1.60295918	10863.3
1.60306803	11190.0
1.60321088	11448.6
1.60331973	11641.0
1.60342857	11792.9
1.60353742	11946.8
1.60361224	12028.2
1.60372109	12147.6
1.60386395	12222.9
1.60404762	12344.2
1.60419048	12466.7
1.60437415	12551.7
1.60455102	12590.5
1.60484354	12637.2
1.605	12637.2
1.8	11866.0
1.800040816	11822.1
1.800122449	11727.6
1.800251701	11555.1
1.800292517	11378.1
1.800333333	11252.4
1.80037415	11121.2
1.800414966	10789.8
1.800462585	10546.1
1.800503401	10352.6
1.80052381	10118.8
1.800544218	8725.26
1.800585034	8496.67
1.80062585	7963.35
1.800639456	7381.03
1.800646259	6761.51
1.800659864	6616.97
1.800680272	6270.94
1.80070068	5965.06
1.800734694	5278.69
1.800755102	5046.07
1.80077551	4782.19
1.800789116	4375.39
1.800809524	4174.84
1.800829932	4090.64
1.800843537	3560.11
1.800863946	2927.31
1.800870748	2755.45
1.800891156	2310.88
1.800911565	1993.87
1.800931973	1679.42
1.800952381	1401.52
1.800972789	1173.94
1.8010068	1046.59
1.8010136	1022.95
1.80104082	999.234
1.80105442	983.323
1.80107483	976.667
1.80111565	970.057
1.80122449	976.667
1.8012585	1006.04
1.80129252	1019.17
1.80133333	1042.72
1.80136735	1136.15
1.80140136	1253.34
1.80144218	1387.74
1.80147619	1501.86
1.8015102	1701.33
1.80155102	1852.64
1.80158503	2031.14
1.80161905	2127.4
1.80165986	2339.59
1.80169388	2608.13
1.80172789	2803.5
1.80176871	2993.1
1.80180272	3217.3
1.80183673	3401.13
1.80187075	3765.85
1.80191157	3995.79
1.80194558	4185.16
1.80197959	4394.34
1.80202041	4648.29
1.80205442	4932.11
1.80208843	5162.66
1.80212925	5477.89
1.80216327	5888.22
1.80219728	6392.11
1.80223809	6649.73
1.80227211	7099.46
1.80230612	7532.95
1.80238095	8147.35
1.8024898	8833.66
1.80256463	9309.6
1.80263265	9684.81
1.8027415	10168.9
1.80285034	10546.1
1.80295918	10863.3
1.80306803	11190.0
1.80321088	11448.6
1.80331973	11641.0
1.80342857	11792.9
1.80353742	11946.8
1.80361224	12028.2
1.80372109	12147.6
1.80386395	12222.9
1.80404762	12344.2
1.80419048	12466.7
1.80437415	12551.7
1.80455102	12590.5
1.80484354	12637.2
1.805	12637.2
2.0	11866.0
2.000040816	11822.1
2.000122449	11727.6
2.000251701	11555.1
2.000292517	11378.1
2.000333333	11252.4
2.00037415	11121.2
2.000414966	10789.8
2.000462585	10546.1
2.000503401	10352.6
2.00052381	10118.8
2.000544218	8725.26
2.000585034	8496.67
2.00062585	7963.35
2.000639456	7381.03
2.000646259	6761.51
2.000659864	6616.97
2.000680272	6270.94
2.00070068	5965.06
2.000734694	5278.69
2.000755102	5046.07
2.00077551	4782.19
2.000789116	4375.39
2.000809524	4174.84
2.000829932	4090.64
2.000843537	3560.11
2.000863946	2927.31
2.000870748	2755.45
2.000891156	2310.88
2.000911565	1993.87
2.000931973	1679.42
2.000952381	1401.52
2.000972789	1173.94
2.0010068	1046.59
2.0010136	1022.95
2.00104082	999.234
2.00105442	983.323
2.00107483	976.667
2.00111565	970.057
2.00122449	976.667
2.0012585	1006.04
2.00129252	1019.17
2.00133333	1042.72
2.00136735	1136.15
2.00140136	1253.34
2.00144218	1387.74
2.00147619	1501.86
2.0015102	1701.33
2.00155102	1852.64
2.00158503	2031.14
2.00161905	2127.4
2.00165986	2339.59
2.00169388	2608.13
2.00172789	2803.5
2.00176871	2993.1
2.00180272	3217.3
2.00183673	3401.13
2.00187075	3765.85
2.00191157	3995.79
2.00194558	4185.16
2.00197959	4394.34
2.00202041	4648.29
2.00205442	4932.11
2.00208843	5162.66
2.00212925	5477.89
2.00216327	5888.22
2.00219728	6392.11
2.00223809	6649.73
2.00227211	7099.46
2.00230612	7532.95
2.00238095	8147.35
2.0024898	8833.66
2.00256463	9309.6
2.00263265	9684.81
2.0027415	10168.9
2.00285034	10546.1
2.00295918	10863.3
2.00306803	11190.0
2.00321088	11448.6
2.00331973	11641.0
2.00342857	11792.9
2.00353742	11946.8
2.00361224	12028.2
2.00372109	12147.6
2.00386395	12222.9
2.00404762	12344.2
2.00419048	12466.7
2.00437415	12551.7
2.00455102	12590.5
2.00484354	12637.2
2.005	12637.2
2.2	11866.0
2.200040816	11822.1
2.200122449	11727.6
2.200251701	11555.1
2.200292517	11378.1
2.200333333	11252.4
2.20037415	11121.2
2.200414966	10789.8
2.200462585	10546.1
2.200503401	10352.6
2.20052381	10118.8
2.200544218	8725.26
2.200585034	8496.67
2.20062585	7963.35
2.200639456	7381.03
2.200646259	6761.51
2.200659864	6616.97
2.200680272	6270.94
2.20070068	5965.06
2.200734694	5278.69
2.200755102	5046.07
2.20077551	4782.19
2.200789116	4375.39
2.200809524	4174.84
2.200829932	4090.64
2.200843537	3560.11
2.200863946	2927.31
2.200870748	2755.45
2.200891156	2310.88
2.200911565	1993.87
2.200931973	1679.42
2.200952381	1401.52
2.200972789	1173.94
2.2010068	1046.59
2.2010136	1022.95
2.20104082	999.234
2.20105442	983.323
2.20107483	976.667
2.20111565	970.057
2.20122449	976.667
2.2012585	1006.04
2.20129252	1019.17
2.20133333	1042.72
2.20136735	1136.15
2.20140136	1253.34
2.20144218	1387.74
2.20147619	1501.86
2.2015102	1701.33
2.20155102	1852.64
2.20158503	2031.14
2.20161905	2127.4
2.20165986	2339.59
2.20169388	2608.13
2.20172789	2803.5
2.20176871	2993.1
2.20180272	3217.3
2.20183673	3401.13
2.20187075	3765.85
2.20191157	3995.79
2.20194558	4185.16
2.20197959	4394.34
2.20202041	4648.29
2.20205442	4932.11
2.20208843	5162.66
2.20212925	5477.89
2.20216327	5888.22
2.20219728	6392.11
2.20223809	6649.73
2.20227211	7099.46
2.20230612	7532.95
2.20238095	8147.35
2.2024898	8833.66
2.20256463	9309.6
2.20263265	9684.81
2.2027415	10168.9
2.20285034	10546.1
2.20295918	10863.3
2.20306803	11190.0
2.20321088	11448.6
2.20331973	11641.0
2.20342857	11792.9
2.20353742	11946.8
2.20361224	12028.2
2.20372109	12147.6
2.20386395	12222.9
2.20404762	12344.2
2.20419048	12466.7
2.20437415	12551.7
2.20455102	12590.5
2.20484354	12637.2
2.205	12637.2
2.4	11866.0
2.400040816	11822.1
2.400122449	11727.6
2.400251701	11555.1
2.400292517	11378.1
2.400333333	11252.4
2.40037415	11121.2
2.400414966	10789.8
2.400462585	10546.1
2.400503401	10352.6
2.40052381	10118.8
2.400544218	8725.26
2.400585034	8496.67
2.40062585	7963.35
2.400639456	7381.03
2.400646259	6761.51
2.400659864	6616.97
2.400680272	6270.94
2.40070068	5965.06
2.400734694	5278.69
2.400755102	5046.07
2.40077551	4782.19
2.400789116	4375.39
2.400809524	4174.84
2.400829932	4090.64
2.400843537	3560.11
2.400863946	2927.31
2.400870748	2755.45
2.400891156	2310.88
2.400911565	1993.87
2.400931973	1679.42
2.400952381	1401.52
2.400972789	1173.94
2.4010068	1046.59
2.4010136	1022.95
2.40104082	999.234
2.40105442	983.323
2.40107483	976.667
2.40111565	970.057
2.40122449	976.667
2.4012585	1006.04
2.40129252	1019.17
2.40133333	1042.72
2.40136735	1136.15
2.40140136	1253.34
2.40144218	1387.74
2.40147619	1501.86
2.4015102	1701.33
2.40155102	1852.64
2.40158503	2031.14
2.40161905	2127.4
2.40165986	2339.59
2.40169388	2608.13
2.40172789	2803.5
2.40176871	2993.1
2.40180272	3217.3
2.40183673	3401.13
2.40187075	3765.85
2.40191157	3995.79
2.40194558	4185.16
2.40197959	4394.34
2.40202041	4648.29
2.40205442	4932.11
2.40208843	5162.66
2.40212925	5477.89
2.40216327	5888.22
2.40219728	6392.11
2.40223809	6649.73
2.40227211	7099.46
2.40230612	7532.95
2.40238095	8147.35
2.4024898	8833.66
2.40256463	9309.6
2.40263265	9684.81
2.4027415	10168.9
2.40285034	10546.1
2.40295918	10863.3
2.40306803	11190.0
2.40321088	11448.6
2.40331973	11641.0
2.40342857	11792.9
2.40353742	11946.8
2.40361224	12028.2
2.40372109	12147.6
2.40386395	12222.9
2.40404762	12344.2
2.40419048	12466.7
2.40437415	12551.7
2.40455102	12590.5
2.40484354	12637.2
2.405	12637.2
2.6	11866.0
2.600040816	11822.1
2.600122449	11727.6
2.600251701	11555.1
2.600292517	11378.1
2.600333333	11252.4
2.60037415	11121.2
2.600414966	10789.8
2.600462585	10546.1
2.600503401	10352.6
2.60052381	10118.8
2.600544218	8725.26
2.600585034	8496.67
2.60062585	7963.35
2.600639456	7381.03
2.600646259	6761.51
2.600659864	6616.97
2.600680272	6270.94
2.60070068	5965.06
2.600734694	5278.69
2.600755102	5046.07
2.60077551	4782.19
2.600789116	4375.39
2.600809524	4174.84
2.600829932	4090.64
2.600843537	3560.11
2.600863946	2927.31
2.600870748	2755.45
2.600891156	2310.88
2.600911565	1993.87
2.600931973	1679.42
2.600952381	1401.52
2.600972789	1173.94
2.6010068	1046.59
2.6010136	1022.95
2.60104082	999.234
2.60105442	983.323
2.60107483	976.667
2.60111565	970.057
2.60122449	976.667
2.6012585	1006.04
2.60129252	1019.17
2.60133333	1042.72
2.60136735	1136.15
2.60140136	1253.34
2.60144218	1387.74
2.60147619	1501.86
2.6015102	1701.33
2.60155102	1852.64
2.60158503	2031.14
2.60161905	2127.4
2.60165986	2339.59
2.60169388	2608.13
2.60172789	2803.5
2.60176871	2993.1
2.60180272	3217.3
2.60183673	3401.13
2.60187075	3765.85
2.60191157	3995.79
2.60194558	4185.16
2.60197959	4394.34
2.60202041	4648.29
2.60205442	4932.11
2.60208843	5162.66
2.60212925	5477.89
2.60216327	5888.22
2.60219728	6392.11
2.60223809	6649.73
2.60227211	7099.46
2.60230612	7532.95
2.60238095	8147.35
2.6024898	8833.66
2.60256463	9309.6
2.60263265	9684.81
2.6027415	10168.9
2.60285034	10546.1
2.60295918	10863.3
2.60306803	11190.0
2.60321088	11448.6
2.60331973	11641.0
2.60342857	11792.9
2.60353742	11946.8
2.60361224	12028.2
2.60372109	12147.6
2.60386395	12222.9
2.60404762	12344.2
2.60419048	12466.7
2.60437415	12551.7
2.60455102	12590.5
2.60484354	12637.2
2.605	12637.2
2.8	11866.0
2.800040816	11822.1
2.800122449	11727.6
2.800251701	11555.1
2.800292517	11378.1
2.800333333	11252.4
2.80037415	11121.2
2.800414966	10789.8
2.800462585	10546.1
2.800503401	10352.6
2.80052381	10118.8
2.800544218	8725.26
2.800585034	8496.67
2.80062585	7963.35
2.800639456	7381.03
2.800646259	6761.51
2.800659864	6616.97
2.800680272	6270.94
2.80070068	5965.06
2.800734694	5278.69
2.800755102	5046.07
2.80077551	4782.19
2.800789116	4375.39
2.800809524	4174.84
2.800829932	4090.64
2.800843537	3560.11
2.800863946	2927.31
2.800870748	2755.45
2.800891156	2310.88
2.800911565	1993.87
2.800931973	1679.42
2.800952381	1401.52
2.800972789	1173.94
2.8010068	1046.59
2.8010136	1022.95
2.80104082	999.234
2.80105442	983.323
2.80107483	976.667
2.80111565	970.057
2.80122449	976.667
2.8012585	1006.04
2.80129252	1019.17
2.80133333	1042.72
2.80136735	1136.15
2.80140136	1253.34
2.80144218	1387.74
2.80147619	1501.86
2.8015102	1701.33
2.80155102	1852.64
2.80158503	2031.14
2.80161905	2127.4
2.80165986	2339.59
2.80169388	2608.13
2.80172789	2803.5
2.80176871	2993.1
2.80180272	3217.3
2.80183673	3401.13
2.80187075	3765.85
2.80191157	3995.79
2.80194558	4185.16
2.80197959	4394.34
2.80202041	4648.29
2.80205442	4932.11
2.80208843	5162.66
2.80212925	5477.89
2.80216327	5888.22
2.80219728	6392.11
2.80223809	6649.73
2.80227211	7099.46
2.80230612	7532.95
2.80238095	8147.35
2.8024898	8833.66
2.80256463	9309.6
2.80263265	9684.81
2.8027415	10168.9
2.80285034	10546.1
2.80295918	10863.3
2.80306803	11190.0
2.80321088	11448.6
2.80331973	11641.0
2.80342857	11792.9
2.80353742	11946.8
2.80361224	12028.2
2.80372109	12147.6
2.80386395	12222.9
2.80404762	12344.2
2.80419048	12466.7
2.80437415	12551.7
2.80455102	12590.5
2.80484354	12637.2
2.805	12637.2
3.0	11866.0
3.000040816	11822.1
3.000122449	11727.6
3.000251701	11555.1
3.000292517	11378.1
3.000333333	11252.4
3.00037415	11121.2
3.000414966	10789.8
3.000462585	10546.1
3.000503401	10352.6
3.00052381	10118.8
3.000544218	8725.26
3.000585034	8496.67
3.00062585	7963.35
3.000639456	7381.03
3.000646259	6761.51
3.000659864	6616.97
3.000680272	6270.94
3.00070068	5965.06
3.000734694	5278.69
3.000755102	5046.07
3.00077551	4782.19
3.000789116	4375.39
3.000809524	4174.84
3.000829932	4090.64
3.000843537	3560.11
3.000863946	2927.31
3.000870748	2755.45
3.000891156	2310.88
3.000911565	1993.87
3.000931973	1679.42
3.000952381	1401.52
3.000972789	1173.94
3.0010068	1046.59
3.0010136	1022.95
3.00104082	999.234
3.00105442	983.323
3.00107483	976.667
3.00111565	970.057
3.00122449	976.667
3.0012585	1006.04
3.00129252	1019.17
3.00133333	1042.72
3.00136735	1136.15
3.00140136	1253.34
3.00144218	1387.74
3.00147619	1501.86
3.0015102	1701.33
3.00155102	1852.64
3.00158503	2031.14
3.00161905	2127.4
3.00165986	2339.59
3.00169388	2608.13
3.00172789	2803.5
3.00176871	2993.1
3.00180272	3217.3
3.00183673	3401.13
3.00187075	3765.85
3.00191157	3995.79
3.00194558	4185.16
3.00197959	4394.34
3.00202041	4648.29
3.00205442	4932.11
3.00208843	5162.66
3.00212925	5477.89
3.00216327	5888.22
3.00219728	6392.11
3.00223809	6649.73
3.00227211	7099.46
3.00230612	7532.95
3.00238095	8147.35
3.0024898	8833.66
3.00256463	9309.6
3.00263265	9684.81
3.0027415	10168.9
3.00285034	10546.1
3.00295918	10863.3
3.00306803	11190.0
3.00321088	11448.6
3.00331973	11641.0
3.00342857	11792.9
3.00353742	11946.8
3.00361224	12028.2
3.00372109	12147.6
3.00386395	12222.9
3.00404762	12344.2
3.00419048	12466.7
3.00437415	12551.7
3.00455102	12590.5
3.00484354	12637.2
3.005	12637.2
3.2	11866.0
3.200040816	11822.1
3.200122449	11727.6
3.200251701	11555.1
3.200292517	11378.1
3.200333333	11252.4
3.20037415	11121.2
3.200414966	10789.8
3.200462585	10546.1
3.200503401	10352.6
3.20052381	10118.8
3.200544218	8725.26
3.200585034	8496.67
3.20062585	7963.35
3.200639456	7381.03
3.200646259	6761.51
3.200659864	6616.97
3.200680272	6270.94
3.20070068	5965.06
3.200734694	5278.69
3.200755102	5046.07
3.20077551	4782.19
3.200789116	4375.39
3.200809524	4174.84
3.200829932	4090.64
3.200843537	3560.11
3.200863946	2927.31
3.200870748	2755.45
3.200891156	2310.88
3.200911565	1993.87
3.200931973	1679.42
3.200952381	1401.52
3.200972789	1173.94
3.2010068	1046.59
3.2010136	1022.95
3.20104082	999.234
3.20105442	983.323
3.20107483	976.667
3.20111565	970.057
3.20122449	976.667
3.2012585	1006.04
3.20129252	1019.17
3.20133333	1042.72
3.20136735	1136.15
3.20140136	1253.34
3.20144218	1387.74
3.20147619	1501.86
3.2015102	1701.33
3.20155102	1852.64
3.20158503	2031.14
3.20161905	2127.4
3.20165986	2339.59
3.20169388	2608.13
3.20172789	2803.5
3.20176871	2993.1
3.20180272	3217.3
3.20183673	3401.13
3.20187075	3765.85
3.20191157	3995.79
3.20194558	4185.16
3.20197959	4394.34
3.20202041	4648.29
3.20205442	4932.11
3.20208843	5162.66
3.20212925	5477.89
3.20216327	5888.22
3.20219728	6392.11
3.20223809	6649.73
3.20227211	7099.46
3.20230612	7532.95
3.20238095	8147.35
3.2024898	8833.66
3.20256463	9309.6
3.20263265	9684.81
3.2027415	10168.9
3.20285034	10546.1
3.20295918	10863.3
3.20306803	11190.0
3.20321088	11448.6
3.20331973	11641.0
3.20342857	11792.9
3.20353742	11946.8
3.20361224	12028.2
3.20372109	12147.6
3.20386395	12222.9
3.20404762	12344.2
3.20419048	12466.7
3.20437415	12551.7
3.20455102	12590.5
3.20484354	12637.2
3.205	12637.2
3.4	11866.0
3.400040816	11822.1
3.400122449	11727.6
3.400251701	11555.1
3.400292517	11378.1
3.400333333	11252.4
3.40037415	11121.2
3.400414966	10789.8
3.400462585	10546.1
3.400503401	10352.6
3.40052381	10118.8
3.400544218	8725.26
3.400585034	8496.67
3.40062585	7963.35
3.400639456	7381.03
3.400646259	6761.51
3.400659864	6616.97
3.400680272	6270.94
3.40070068	5965.06
3.400734694	5278.69
3.400755102	5046.07
3.40077551	4782.19
3.400789116	4375.39
3.400809524	4174.84
3.400829932	4090.64
3.400843537	3560.11
3.400863946	2927.31
3.400870748	2755.45
3.400891156	2310.88
3.400911565	1993.87
3.400931973	1679.42
3.400952381	1401.52
3.400972789	1173.94
3.4010068	1046.59
3.4010136	1022.95
3.40104082	999.234
3.40105442	983.323
3.40107483	976.667
3.40111565	970.057
3.40122449	976.667
3.4012585	1006.04
3.40129252	1019.17
3.40133333	1042.72
3.40136735	1136.15
3.40140136	1253.34
3.40144218	1387.74
3.40147619	1501.86
3.4015102	1701.33
3.40155102	1852.64
3.40158503	2031.14
3.40161905	2127.4
3.40165986	2339.59
3.40169388	2608.13
3.40172789	2803.5
3.40176871	2993.1
3.40180272	3217.3
3.40183673	3401.13
3.40187075	3765.85
3.40191157	3995.79
3.40194558	4185.16
3.40197959	4394.34
3.40202041	4648.29
3.40205442	4932.11
3.40208843	5162.66
3.40212925	5477.89
3.40216327	5888.22
3.40219728	6392.11
3.40223809	6649.73
3.40227211	7099.46
3.40230612	7532.95
3.40238095	8147.35
3.4024898	8833.66
3.40256463	9309.6
3.40263265	9684.81
3.4027415	10168.9
3.40285034	10546.1
3.40295918	10863.3
3.40306803	11190.0
3.40321088	11448.6
3.40331973	11641.0
3.40342857	11792.9
3.40353742	11946.8
3.40361224	12028.2
3.40372109	12147.6
3.40386395	12222.9
3.40404762	12344.2
3.40419048	12466.7
3.40437415	12551.7
3.40455102	12590.5
3.40484354	12637.2
3.405	12637.2
3.6	11866.0
3.600040816	11822.1
3.600122449	11727.6
3.600251701	11555.1
3.600292517	11378.1
3.600333333	11252.4
3.60037415	11121.2
3.600414966	10789.8
3.600462585	10546.1
3.600503401	10352.6
3.60052381	10118.8
3.600544218	8725.26
3.600585034	8496.67
3.60062585	7963.35
3.600639456	7381.03
3.600646259	6761.51
3.600659864	6616.97
3.600680272	6270.94
3.60070068	5965.06
3.600734694	5278.69
3.600755102	5046.07
3.60077551	4782.19
3.600789116	4375.39
3.600809524	4174.84
3.600829932	4090.64
3.600843537	3560.11
3.600863946	2927.31
3.600870748	2755.45
3.600891156	2310.88
3.600911565	1993.87
3.600931973	1679.42
3.600952381	1401.52
3.600972789	1173.94
3.6010068	1046.59
3.6010136	1022.95
3.60104082	999.234
3.60105442	983.323
3.60107483	976.667
3.60111565	970.057
3.60122449	976.667
3.6012585	1006.04
3.60129252	1019.17
3.60133333	1042.72
3.60136735	1136.15
3.60140136	1253.34
3.60144218	1387.74
3.60147619	1501.86
3.6015102	1701.33
3.60155102	1852.64
3.60158503	2031.14
3.60161905	2127.4
3.60165986	2339.59
3.60169388	2608.13
3.60172789	2803.5
3.60176871	2993.1
3.60180272	3217.3
3.60183673	3401.13
3.60187075	3765.85
3.60191157	3995.79
3.60194558	4185.16
3.60197959	4394.34
3.60202041	4648.29
3.60205442	4932.11
3.60208843	5162.66
3.60212925	5477.89
3.60216327	5888.22
3.60219728	6392.11
3.60223809	6649.73
3.60227211	7099.46
3.60230612	7532.95
3.60238095	8147.35
3.6024898	8833.66
3.60256463	9309.6
3.60263265	9684.81
3.6027415	10168.9
3.60285034	10546.1
3.60295918	10863.3
3.60306803	11190.0
3.60321088	11448.6
3.60331973	11641.0
3.60342857	11792.9
3.60353742	11946.8
3.60361224	12028.2
3.60372109	12147.6
3.60386395	12222.9
3.60404762	12344.2
3.60419048	12466.7
3.60437415	12551.7
3.60455102	12590.5
3.60484354	12637.2
3.605	12637.2
3.8	11866.0
3.800040816	11822.1
3.800122449	11727.6
3.800251701	11555.1
3.800292517	11378.1
3.800333333	11252.4
3.80037415	11121.2
3.800414966	10789.8
3.800462585	10546.1
3.800503401	10352.6
3.80052381	10118.8
3.800544218	8725.26
3.800585034	8496.67
3.80062585	7963.35
3.800639456	7381.03
3.800646259	6761.51
3.800659864	6616.97
3.800680272	6270.94
3.80070068	5965.06
3.800734694	5278.69
3.800755102	5046.07
3.80077551	4782.19
3.800789116	4375.39
3.800809524	4174.84
3.800829932	4090.64
3.800843537	3560.11
3.800863946	2927.31
3.800870748	2755.45
3.800891156	2310.88
3.800911565	1993.87
3.800931973	1679.42
3.800952381	1401.52
3.800972789	1173.94
3.8010068	1046.59
3.8010136	1022.95
3.80104082	999.234
3.80105442	983.323
3.80107483	976.667
3.80111565	970.057
3.80122449	976.667
3.8012585	1006.04
3.80129252	1019.17
3.80133333	1042.72
3.80136735	1136.15
3.80140136	1253.34
3.80144218	1387.74
3.80147619	1501.86
3.8015102	1701.33
3.80155102	1852.64
3.80158503	2031.14
3.80161905	2127.4
3.80165986	2339.59
3.80169388	2608.13
3.80172789	2803.5
3.80176871	2993.1
3.80180272	3217.3
3.80183673	3401.13
3.80187075	3765.85
3.80191157	3995.79
3.80194558	4185.16
3.80197959	4394.34
3.80202041	4648.29
3.80205442	4932.11
3.80208843	5162.66
3.80212925	5477.89
3.80216327	5888.22
3.80219728	6392.11
3.80223809	6649.73
3.80227211	7099.46
3.80230612	7532.95
3.80238095	8147.35
3.8024898	8833.66
3.80256463	9309.6
3.80263265	9684.81
3.8027415	10168.9
3.80285034	10546.1
3.80295918	10863.3
3.80306803	11190.0
3.80321088	11448.6
3.80331973	11641.0
3.80342857	11792.9
3.80353742	11946.8
3.80361224	12028.2
3.80372109	12147.6
3.80386395	12222.9
3.80404762	12344.2
3.80419048	12466.7
3.80437415	12551.7
3.80455102	12590.5
3.80484354	12637.2
3.805	12637.2
