0.0	25283.0
4.1e-05	25110.2
0.000123	24740.0
0.000252	24070.7
0.000293	23392.8
0.000333	22916.6
0.000374	22424.4
0.000415	21203.4
0.000463	20325.6
0.000504	19640.6
0.000524	18827.6
0.000544	14311.8
0.000585	13625.6
0.000626	12085.0
0.00064	10500.5
0.000646	8927.7
0.00066	8577.7
0.00068	7765.99
0.000701	7079.46
0.000735	5646.01
0.000755	5194.16
0.000776	4702.63
0.000789	3989.15
0.00081	3657.34
0.00083	3521.99
0.000844	2723.52
0.000864	1895.91
0.000871	1695.06
0.000891	1223.92
0.000912	931.425
0.000932	677.936
0.000953	485.05
0.000973	349.431
0.001007	282.525
0.001014	270.83
0.001041	259.321
0.001055	251.731
0.001075	248.586
0.001116	245.481
0.001225	248.586
0.001259	262.602
0.001293	268.979
0.001333	280.595
0.001367	328.897
0.001401	394.425
0.001442	476.262
0.001476	551.273
0.00151	694.401
0.001551	813.005
0.001585	963.907
0.001619	1050.16
0.00166	1252.21
0.001694	1531.15
0.001728	1750.17
0.001769	1975.53
0.001803	2258.11
0.001837	2502.7
0.001871	3021.97
0.001912	3372.33
0.001946	3674.09
0.00198	4021.18
0.002021	4461.83
0.002055	4979.13
0.002089	5418.47
0.002129	6046.68
0.002163	6911.6
0.002197	8046.01
0.002238	8656.47
0.002272	9771.11
0.002306	10904.0
0.002381	12606.9
0.00249	14642.6
0.002565	16136.1
0.002633	17360.4
0.002742	19000.5
0.00285	20325.6
0.002959	21471.6
0.003068	22682.1
0.003211	23661.7
0.00332	24403.0
0.003429	24995.7
0.003538	25602.8
0.003612	25926.6
0.003721	26405.0
0.003864	26708.4
0.004048	27201.2
0.004191	27703.1
0.004374	28053.5
0.004551	28214.2
0.004844	28408.3
0.005	28408.3
0.02	25283.0
0.020041	25110.2
0.020123	24740.0
0.020252	24070.7
0.020293	23392.8
0.020333	22916.6
0.020374	22424.4
0.020415	21203.4
0.020463	20325.6
0.020504	19640.6
0.020524	18827.6
0.020544	14311.8
0.020585	13625.6
0.020626	12085.0
0.02064	10500.5
0.020646	8927.7
0.02066	8577.7
0.02068	7765.99
0.020701	7079.46
0.020735	5646.01
0.020755	5194.16
0.020776	4702.63
0.020789	3989.15
0.02081	3657.34
0.02083	3521.99
0.020844	2723.52
0.020864	1895.91
0.020871	1695.06
0.020891	1223.92
0.020912	931.425
0.020932	677.936
0.020953	485.05
0.020973	349.431
0.021007	282.525
0.021014	270.83
0.021041	259.321
0.021055	251.731
0.021075	248.586
0.021116	245.481
0.021225	248.586
0.021259	262.602
0.021293	268.979
0.021333	280.595
0.021367	328.897
0.021401	394.425
0.021442	476.262
0.021476	551.273
0.02151	694.401
0.021551	813.005
0.021585	963.907
0.021619	1050.16
0.02166	1252.21
0.021694	1531.15
0.021728	1750.17
0.021769	1975.53
0.021803	2258.11
0.021837	2502.7
0.021871	3021.97
0.021912	3372.33
0.021946	3674.09
0.02198	4021.18
0.022021	4461.83
0.022055	4979.13
0.022089	5418.47
0.022129	6046.68
0.022163	6911.6
0.022197	8046.01
0.022238	8656.47
0.022272	9771.11
0.022306	10904.0
0.022381	12606.9
0.02249	14642.6
0.022565	16136.1
0.022633	17360.4
0.022742	19000.5
0.02285	20325.6
0.022959	21471.6
0.023068	22682.1
0.023211	23661.7
0.02332	24403.0
0.023429	24995.7
0.023538	25602.8
0.023612	25926.6
0.023721	26405.0
0.023864	26708.4
0.024048	27201.2
0.024191	27703.1
0.024374	28053.5
0.024551	28214.2
0.024844	28408.3
0.025	28408.3
0.04	25283.0
0.040041	25110.2
0.040123	24740.0
0.040252	24070.7
0.040293	23392.8
0.040333	22916.6
0.040374	22424.4
0.040415	21203.4
0.040463	20325.6
0.040504	19640.6
0.040524	18827.6
0.040544	14311.8
0.040585	13625.6
0.040626	12085.0
0.04064	10500.5
0.040646	8927.7
0.04066	8577.7
0.04068	7765.99
0.040701	7079.46
0.040735	5646.01
0.040755	5194.16
0.040776	4702.63
0.040789	3989.15
0.04081	3657.34
0.04083	3521.99
0.040844	2723.52
0.040864	1895.91
0.040871	1695.06
0.040891	1223.92
0.040912	931.425
0.040932	677.936
0.040953	485.05
0.040973	349.431
0.041007	282.525
0.041014	270.83
0.041041	259.321
0.041055	251.731
0.041075	248.586
0.041116	245.481
0.041225	248.586
0.041259	262.602
0.041293	268.979
0.041333	280.595
0.041367	328.897
0.041401	394.425
0.041442	476.262
0.041476	551.273
0.04151	694.401
0.041551	813.005
0.041585	963.907
0.041619	1050.16
0.04166	1252.21
0.041694	1531.15
0.041728	1750.17
0.041769	1975.53
0.041803	2258.11
0.041837	2502.7
0.041871	3021.97
0.041912	3372.33
0.041946	3674.09
0.04198	4021.18
0.042021	4461.83
0.042055	4979.13
0.042089	5418.47
0.042129	6046.68
0.042163	6911.6
0.042197	8046.01
0.042238	8656.47
0.042272	9771.11
0.042306	10904.0
0.042381	12606.9
0.04249	14642.6
0.042565	16136.1
0.042633	17360.4
0.042742	19000.5
0.04285	20325.6
0.042959	21471.6
0.043068	22682.1
0.043211	23661.7
0.04332	24403.0
0.043429	24995.7
0.043538	25602.8
0.043612	25926.6
0.043721	26405.0
0.043864	26708.4
0.044048	27201.2
0.044191	27703.1
0.044374	28053.5
0.044551	28214.2
0.044844	28408.3
0.045	28408.3
0.06	25283.0
0.060041	25110.2
0.060123	24740.0
0.060252	24070.7
0.060293	23392.8
0.060333	22916.6
0.060374	22424.4
0.060415	21203.4
0.060463	20325.6
0.060504	19640.6
0.060524	18827.6
0.060544	14311.8
0.060585	13625.6
0.060626	12085.0
0.06064	10500.5
0.060646	8927.7
0.06066	8577.7
0.06068	7765.99
0.060701	7079.46
0.060735	5646.01
0.060755	5194.16
0.060776	4702.63
0.060789	3989.15
0.06081	3657.34
0.06083	3521.99
0.060844	2723.52
0.060864	1895.91
0.060871	1695.06
0.060891	1223.92
0.060912	931.425
0.060932	677.936
0.060953	485.05
0.060973	349.431
0.061007	282.525
0.061014	270.83
0.061041	259.321
0.061055	251.731
0.061075	248.586
0.061116	245.481
0.061225	248.586
0.061259	262.602
0.061293	268.979
0.061333	280.595
0.061367	328.897
0.061401	394.425
0.061442	476.262
0.061476	551.273
0.06151	694.401
0.061551	813.005
0.061585	963.907
0.061619	1050.16
0.06166	1252.21
0.061694	1531.15
0.061728	1750.17
0.061769	1975.53
0.061803	2258.11
0.061837	2502.7
0.061871	3021.97
0.061912	3372.33
0.061946	3674.09
0.06198	4021.18
0.062021	4461.83
0.062055	4979.13
0.062089	5418.47
0.062129	6046.68
0.062163	6911.6
0.062197	8046.01
0.062238	8656.47
0.062272	9771.11
0.062306	10904.0
0.062381	12606.9
0.06249	14642.6
0.062565	16136.1
0.062633	17360.4
0.062742	19000.5
0.06285	20325.6
0.062959	21471.6
0.063068	22682.1
0.063211	23661.7
0.06332	24403.0
0.063429	24995.7
0.063538	25602.8
0.063612	25926.6
0.063721	26405.0
0.063864	26708.4
0.064048	27201.2
0.064191	27703.1
0.064374	28053.5
0.064551	28214.2
0.064844	28408.3
0.065	28408.3
0.08	25283.0
0.080041	25110.2
0.080123	24740.0
0.080252	24070.7
0.080293	23392.8
0.080333	22916.6
0.080374	22424.4
0.080415	21203.4
0.080463	20325.6
0.080504	19640.6
0.080524	18827.6
0.080544	14311.8
0.080585	13625.6
0.080626	12085.0
0.08064	10500.5
0.080646	8927.7
0.08066	8577.7
0.08068	7765.99
0.080701	7079.46
0.080735	5646.01
0.080755	5194.16
0.080776	4702.63
0.080789	3989.15
0.08081	3657.34
0.08083	3521.99
0.080844	2723.52
0.080864	1895.91
0.080871	1695.06
0.080891	1223.92
0.080912	931.425
0.080932	677.936
0.080953	485.05
0.080973	349.431
0.081007	282.525
0.081014	270.83
0.081041	259.321
0.081055	251.731
0.081075	248.586
0.081116	245.481
0.081225	248.586
0.081259	262.602
0.081293	268.979
0.081333	280.595
0.081367	328.897
0.081401	394.425
0.081442	476.262
0.081476	551.273
0.08151	694.401
0.081551	813.005
0.081585	963.907
0.081619	1050.16
0.08166	1252.21
0.081694	1531.15
0.081728	1750.17
0.081769	1975.53
0.081803	2258.11
0.081837	2502.7
0.081871	3021.97
0.081912	3372.33
0.081946	3674.09
0.08198	4021.18
0.082021	4461.83
0.082055	4979.13
0.082089	5418.47
0.082129	6046.68
0.082163	6911.6
0.082197	8046.01
0.082238	8656.47
0.082272	9771.11
0.082306	10904.0
0.082381	12606.9
0.08249	14642.6
0.082565	16136.1
0.082633	17360.4
0.082742	19000.5
0.08285	20325.6
0.082959	21471.6
0.083068	22682.1
0.083211	23661.7
0.08332	24403.0
0.083429	24995.7
0.083538	25602.8
0.083612	25926.6
0.083721	26405.0
0.083864	26708.4
0.084048	27201.2
0.084191	27703.1
0.084374	28053.5
0.084551	28214.2
0.084844	28408.3
0.085	28408.3
0.1	25283.0
0.100041	25110.2
0.100123	24740.0
0.100252	24070.7
0.100293	23392.8
0.100333	22916.6
0.100374	22424.4
0.100415	21203.4
0.100463	20325.6
0.100504	19640.6
0.100524	18827.6
0.100544	14311.8
0.100585	13625.6
0.100626	12085.0
0.10064	10500.5
0.100646	8927.7
0.10066	8577.7
0.10068	7765.99
0.100701	7079.46
0.100735	5646.01
0.100755	5194.16
0.100776	4702.63
0.100789	3989.15
0.10081	3657.34
0.10083	3521.99
0.100844	2723.52
0.100864	1895.91
0.100871	1695.06
0.100891	1223.92
0.100912	931.425
0.100932	677.936
0.100953	485.05
0.100973	349.431
0.101007	282.525
0.101014	270.83
0.101041	259.321
0.101055	251.731
0.101075	248.586
0.101116	245.481
0.101225	248.586
0.101259	262.602
0.101293	268.979
0.101333	280.595
0.101367	328.897
0.101401	394.425
0.101442	476.262
0.101476	551.273
0.10151	694.401
0.101551	813.005
0.101585	963.907
0.101619	1050.16
0.10166	1252.21
0.101694	1531.15
0.101728	1750.17
0.101769	1975.53
0.101803	2258.11
0.101837	2502.7
0.101871	3021.97
0.101912	3372.33
0.101946	3674.09
0.10198	4021.18
0.102021	4461.83
0.102055	4979.13
0.102089	5418.47
0.102129	6046.68
0.102163	6911.6
0.102197	8046.01
0.102238	8656.47
0.102272	9771.11
0.102306	10904.0
0.102381	12606.9
0.10249	14642.6
0.102565	16136.1
0.102633	17360.4
0.102742	19000.5
0.10285	20325.6
0.102959	21471.6
0.103068	22682.1
0.103211	23661.7
0.10332	24403.0
0.103429	24995.7
0.103538	25602.8
0.103612	25926.6
0.103721	26405.0
0.103864	26708.4
0.104048	27201.2
0.104191	27703.1
0.104374	28053.5
0.104551	28214.2
0.104844	28408.3
0.105	28408.3
0.12	25283.0
0.120041	25110.2
0.120123	24740.0
0.120252	24070.7
0.120293	23392.8
0.120333	22916.6
0.120374	22424.4
0.120415	21203.4
0.120463	20325.6
0.120504	19640.6
0.120524	18827.6
0.120544	14311.8
0.120585	13625.6
0.120626	12085.0
0.12064	10500.5
0.120646	8927.7
0.12066	8577.7
0.12068	7765.99
0.120701	7079.46
0.120735	5646.01
0.120755	5194.16
0.120776	4702.63
0.120789	3989.15
0.12081	3657.34
0.12083	3521.99
0.120844	2723.52
0.120864	1895.91
0.120871	1695.06
0.120891	1223.92
0.120912	931.425
0.120932	677.936
0.120953	485.05
0.120973	349.431
0.121007	282.525
0.121014	270.83
0.121041	259.321
0.121055	251.731
0.121075	248.586
0.121116	245.481
0.121225	248.586
0.121259	262.602
0.121293	268.979
0.121333	280.595
0.121367	328.897
0.121401	394.425
0.121442	476.262
0.121476	551.273
0.12151	694.401
0.121551	813.005
0.121585	963.907
0.121619	1050.16
0.12166	1252.21
0.121694	1531.15
0.121728	1750.17
0.121769	1975.53
0.121803	2258.11
0.121837	2502.7
0.121871	3021.97
0.121912	3372.33
0.121946	3674.09
0.12198	4021.18
0.122021	4461.83
0.122055	4979.13
0.122089	5418.47
0.122129	6046.68
0.122163	6911.6
0.122197	8046.01
0.122238	8656.47
0.122272	9771.11
0.122306	10904.0
0.122381	12606.9
0.12249	14642.6
0.122565	16136.1
0.122633	17360.4
0.122742	19000.5
0.12285	20325.6
0.122959	21471.6
0.123068	22682.1
0.123211	23661.7
0.12332	24403.0
0.123429	24995.7
0.123538	25602.8
0.123612	25926.6
0.123721	26405.0
0.123864	26708.4
0.124048	27201.2
0.124191	27703.1
0.124374	28053.5
0.124551	28214.2
0.124844	28408.3
0.125	28408.3
0.14	25283.0
0.140041	25110.2
0.140123	24740.0
0.140252	24070.7
0.140293	23392.8
0.140333	22916.6
0.140374	22424.4
0.140415	21203.4
0.140463	20325.6
0.140504	19640.6
0.140524	18827.6
0.140544	14311.8
0.140585	13625.6
0.140626	12085.0
0.14064	10500.5
0.140646	8927.7
0.14066	8577.7
0.14068	7765.99
0.140701	7079.46
0.140735	5646.01
0.140755	5194.16
0.140776	4702.63
0.140789	3989.15
0.14081	3657.34
0.14083	3521.99
0.140844	2723.52
0.140864	1895.91
0.140871	1695.06
0.140891	1223.92
0.140912	931.425
0.140932	677.936
0.140953	485.05
0.140973	349.431
0.141007	282.525
0.141014	270.83
0.141041	259.321
0.141055	251.731
0.141075	248.586
0.141116	245.481
0.141225	248.586
0.141259	262.602
0.141293	268.979
0.141333	280.595
0.141367	328.897
0.141401	394.425
0.141442	476.262
0.141476	551.273
0.14151	694.401
0.141551	813.005
0.141585	963.907
0.141619	1050.16
0.14166	1252.21
0.141694	1531.15
0.141728	1750.17
0.141769	1975.53
0.141803	2258.11
0.141837	2502.7
0.141871	3021.97
0.141912	3372.33
0.141946	3674.09
0.14198	4021.18
0.142021	4461.83
0.142055	4979.13
0.142089	5418.47
0.142129	6046.68
0.142163	6911.6
0.142197	8046.01
0.142238	8656.47
0.142272	9771.11
0.142306	10904.0
0.142381	12606.9
0.14249	14642.6
0.142565	16136.1
0.142633	17360.4
0.142742	19000.5
0.14285	20325.6
0.142959	21471.6
0.143068	22682.1
0.143211	23661.7
0.14332	24403.0
0.143429	24995.7
0.143538	25602.8
0.143612	25926.6
0.143721	26405.0
0.143864	26708.4
0.144048	27201.2
0.144191	27703.1
0.144374	28053.5
0.144551	28214.2
0.144844	28408.3
0.145	28408.3
0.16	25283.0
0.160041	25110.2
0.160123	24740.0
0.160252	24070.7
0.160293	23392.8
0.160333	22916.6
0.160374	22424.4
0.160415	21203.4
0.160463	20325.6
0.160504	19640.6
0.160524	18827.6
0.160544	14311.8
0.160585	13625.6
0.160626	12085.0
0.16064	10500.5
0.160646	8927.7
0.16066	8577.7
0.16068	7765.99
0.160701	7079.46
0.160735	5646.01
0.160755	5194.16
0.160776	4702.63
0.160789	3989.15
0.16081	3657.34
0.16083	3521.99
0.160844	2723.52
0.160864	1895.91
0.160871	1695.06
0.160891	1223.92
0.160912	931.425
0.160932	677.936
0.160953	485.05
0.160973	349.431
0.161007	282.525
0.161014	270.83
0.161041	259.321
0.161055	251.731
0.161075	248.586
0.161116	245.481
0.161225	248.586
0.161259	262.602
0.161293	268.979
0.161333	280.595
0.161367	328.897
0.161401	394.425
0.161442	476.262
0.161476	551.273
0.16151	694.401
0.161551	813.005
0.161585	963.907
0.161619	1050.16
0.16166	1252.21
0.161694	1531.15
0.161728	1750.17
0.161769	1975.53
0.161803	2258.11
0.161837	2502.7
0.161871	3021.97
0.161912	3372.33
0.161946	3674.09
0.16198	4021.18
0.162021	4461.83
0.162055	4979.13
0.162089	5418.47
0.162129	6046.68
0.162163	6911.6
0.162197	8046.01
0.162238	8656.47
0.162272	9771.11
0.162306	10904.0
0.162381	12606.9
0.16249	14642.6
0.162565	16136.1
0.162633	17360.4
0.162742	19000.5
0.16285	20325.6
0.162959	21471.6
0.163068	22682.1
0.163211	23661.7
0.16332	24403.0
0.163429	24995.7
0.163538	25602.8
0.163612	25926.6
0.163721	26405.0
0.163864	26708.4
0.164048	27201.2
0.164191	27703.1
0.164374	28053.5
0.164551	28214.2
0.164844	28408.3
0.165	28408.3
0.18	25283.0
0.180041	25110.2
0.180123	24740.0
0.180252	24070.7
0.180293	23392.8
0.180333	22916.6
0.180374	22424.4
0.180415	21203.4
0.180463	20325.6
0.180504	19640.6
0.180524	18827.6
0.180544	14311.8
0.180585	13625.6
0.180626	12085.0
0.18064	10500.5
0.180646	8927.7
0.18066	8577.7
0.18068	7765.99
0.180701	7079.46
0.180735	5646.01
0.180755	5194.16
0.180776	4702.63
0.180789	3989.15
0.18081	3657.34
0.18083	3521.99
0.180844	2723.52
0.180864	1895.91
0.180871	1695.06
0.180891	1223.92
0.180912	931.425
0.180932	677.936
0.180953	485.05
0.180973	349.431
0.181007	282.525
0.181014	270.83
0.181041	259.321
0.181055	251.731
0.181075	248.586
0.181116	245.481
0.181225	248.586
0.181259	262.602
0.181293	268.979
0.181333	280.595
0.181367	328.897
0.181401	394.425
0.181442	476.262
0.181476	551.273
0.18151	694.401
0.181551	813.005
0.181585	963.907
0.181619	1050.16
0.18166	1252.21
0.181694	1531.15
0.181728	1750.17
0.181769	1975.53
0.181803	2258.11
0.181837	2502.7
0.181871	3021.97
0.181912	3372.33
0.181946	3674.09
0.18198	4021.18
0.182021	4461.83
0.182055	4979.13
0.182089	5418.47
0.182129	6046.68
0.182163	6911.6
0.182197	8046.01
0.182238	8656.47
0.182272	9771.11
0.182306	10904.0
0.182381	12606.9
0.18249	14642.6
0.182565	16136.1
0.182633	17360.4
0.182742	19000.5
0.18285	20325.6
0.182959	21471.6
0.183068	22682.1
0.183211	23661.7
0.18332	24403.0
0.183429	24995.7
0.183538	25602.8
0.183612	25926.6
0.183721	26405.0
0.183864	26708.4
0.184048	27201.2
0.184191	27703.1
0.184374	28053.5
0.184551	28214.2
0.184844	28408.3
0.185	28408.3
0.2	25283.0
0.200041	25110.2
0.200123	24740.0
0.200252	24070.7
0.200293	23392.8
0.200333	22916.6
0.200374	22424.4
0.200415	21203.4
0.200463	20325.6
0.200504	19640.6
0.200524	18827.6
0.200544	14311.8
0.200585	13625.6
0.200626	12085.0
0.20064	10500.5
0.200646	8927.7
0.20066	8577.7
0.20068	7765.99
0.200701	7079.46
0.200735	5646.01
0.200755	5194.16
0.200776	4702.63
0.200789	3989.15
0.20081	3657.34
0.20083	3521.99
0.200844	2723.52
0.200864	1895.91
0.200871	1695.06
0.200891	1223.92
0.200912	931.425
0.200932	677.936
0.200953	485.05
0.200973	349.431
0.201007	282.525
0.201014	270.83
0.201041	259.321
0.201055	251.731
0.201075	248.586
0.201116	245.481
0.201225	248.586
0.201259	262.602
0.201293	268.979
0.201333	280.595
0.201367	328.897
0.201401	394.425
0.201442	476.262
0.201476	551.273
0.20151	694.401
0.201551	813.005
0.201585	963.907
0.201619	1050.16
0.20166	1252.21
0.201694	1531.15
0.201728	1750.17
0.201769	1975.53
0.201803	2258.11
0.201837	2502.7
0.201871	3021.97
0.201912	3372.33
0.201946	3674.09
0.20198	4021.18
0.202021	4461.83
0.202055	4979.13
0.202089	5418.47
0.202129	6046.68
0.202163	6911.6
0.202197	8046.01
0.202238	8656.47
0.202272	9771.11
0.202306	10904.0
0.202381	12606.9
0.20249	14642.6
0.202565	16136.1
0.202633	17360.4
0.202742	19000.5
0.20285	20325.6
0.202959	21471.6
0.203068	22682.1
0.203211	23661.7
0.20332	24403.0
0.203429	24995.7
0.203538	25602.8
0.203612	25926.6
0.203721	26405.0
0.203864	26708.4
0.204048	27201.2
0.204191	27703.1
0.204374	28053.5
0.204551	28214.2
0.204844	28408.3
0.205	28408.3
0.22	25283.0
0.220041	25110.2
0.220123	24740.0
0.220252	24070.7
0.220293	23392.8
0.220333	22916.6
0.220374	22424.4
0.220415	21203.4
0.220463	20325.6
0.220504	19640.6
0.220524	18827.6
0.220544	14311.8
0.220585	13625.6
0.220626	12085.0
0.22064	10500.5
0.220646	8927.7
0.22066	8577.7
0.22068	7765.99
0.220701	7079.46
0.220735	5646.01
0.220755	5194.16
0.220776	4702.63
0.220789	3989.15
0.22081	3657.34
0.22083	3521.99
0.220844	2723.52
0.220864	1895.91
0.220871	1695.06
0.220891	1223.92
0.220912	931.425
0.220932	677.936
0.220953	485.05
0.220973	349.431
0.221007	282.525
0.221014	270.83
0.221041	259.321
0.221055	251.731
0.221075	248.586
0.221116	245.481
0.221225	248.586
0.221259	262.602
0.221293	268.979
0.221333	280.595
0.221367	328.897
0.221401	394.425
0.221442	476.262
0.221476	551.273
0.22151	694.401
0.221551	813.005
0.221585	963.907
0.221619	1050.16
0.22166	1252.21
0.221694	1531.15
0.221728	1750.17
0.221769	1975.53
0.221803	2258.11
0.221837	2502.7
0.221871	3021.97
0.221912	3372.33
0.221946	3674.09
0.22198	4021.18
0.222021	4461.83
0.222055	4979.13
0.222089	5418.47
0.222129	6046.68
0.222163	6911.6
0.222197	8046.01
0.222238	8656.47
0.222272	9771.11
0.222306	10904.0
0.222381	12606.9
0.22249	14642.6
0.222565	16136.1
0.222633	17360.4
0.222742	19000.5
0.22285	20325.6
0.222959	21471.6
0.223068	22682.1
0.223211	23661.7
0.22332	24403.0
0.223429	24995.7
0.223538	25602.8
0.223612	25926.6
0.223721	26405.0
0.223864	26708.4
0.224048	27201.2
0.224191	27703.1
0.224374	28053.5
0.224551	28214.2
0.224844	28408.3
0.225	28408.3
0.24	25283.0
0.240041	25110.2
0.240123	24740.0
0.240252	24070.7
0.240293	23392.8
0.240333	22916.6
0.240374	22424.4
0.240415	21203.4
0.240463	20325.6
0.240504	19640.6
0.240524	18827.6
0.240544	14311.8
0.240585	13625.6
0.240626	12085.0
0.24064	10500.5
0.240646	8927.7
0.24066	8577.7
0.24068	7765.99
0.240701	7079.46
0.240735	5646.01
0.240755	5194.16
0.240776	4702.63
0.240789	3989.15
0.24081	3657.34
0.24083	3521.99
0.240844	2723.52
0.240864	1895.91
0.240871	1695.06
0.240891	1223.92
0.240912	931.425
0.240932	677.936
0.240953	485.05
0.240973	349.431
0.241007	282.525
0.241014	270.83
0.241041	259.321
0.241055	251.731
0.241075	248.586
0.241116	245.481
0.241225	248.586
0.241259	262.602
0.241293	268.979
0.241333	280.595
0.241367	328.897
0.241401	394.425
0.241442	476.262
0.241476	551.273
0.24151	694.401
0.241551	813.005
0.241585	963.907
0.241619	1050.16
0.24166	1252.21
0.241694	1531.15
0.241728	1750.17
0.241769	1975.53
0.241803	2258.11
0.241837	2502.7
0.241871	3021.97
0.241912	3372.33
0.241946	3674.09
0.24198	4021.18
0.242021	4461.83
0.242055	4979.13
0.242089	5418.47
0.242129	6046.68
0.242163	6911.6
0.242197	8046.01
0.242238	8656.47
0.242272	9771.11
0.242306	10904.0
0.242381	12606.9
0.24249	14642.6
0.242565	16136.1
0.242633	17360.4
0.242742	19000.5
0.24285	20325.6
0.242959	21471.6
0.243068	22682.1
0.243211	23661.7
0.24332	24403.0
0.243429	24995.7
0.243538	25602.8
0.243612	25926.6
0.243721	26405.0
0.243864	26708.4
0.244048	27201.2
0.244191	27703.1
0.244374	28053.5
0.244551	28214.2
0.244844	28408.3
0.245	28408.3
0.26	25283.0
0.260041	25110.2
0.260123	24740.0
0.260252	24070.7
0.260293	23392.8
0.260333	22916.6
0.260374	22424.4
0.260415	21203.4
0.260463	20325.6
0.260504	19640.6
0.260524	18827.6
0.260544	14311.8
0.260585	13625.6
0.260626	12085.0
0.26064	10500.5
0.260646	8927.7
0.26066	8577.7
0.26068	7765.99
0.260701	7079.46
0.260735	5646.01
0.260755	5194.16
0.260776	4702.63
0.260789	3989.15
0.26081	3657.34
0.26083	3521.99
0.260844	2723.52
0.260864	1895.91
0.260871	1695.06
0.260891	1223.92
0.260912	931.425
0.260932	677.936
0.260953	485.05
0.260973	349.431
0.261007	282.525
0.261014	270.83
0.261041	259.321
0.261055	251.731
0.261075	248.586
0.261116	245.481
0.261225	248.586
0.261259	262.602
0.261293	268.979
0.261333	280.595
0.261367	328.897
0.261401	394.425
0.261442	476.262
0.261476	551.273
0.26151	694.401
0.261551	813.005
0.261585	963.907
0.261619	1050.16
0.26166	1252.21
0.261694	1531.15
0.261728	1750.17
0.261769	1975.53
0.261803	2258.11
0.261837	2502.7
0.261871	3021.97
0.261912	3372.33
0.261946	3674.09
0.26198	4021.18
0.262021	4461.83
0.262055	4979.13
0.262089	5418.47
0.262129	6046.68
0.262163	6911.6
0.262197	8046.01
0.262238	8656.47
0.262272	9771.11
0.262306	10904.0
0.262381	12606.9
0.26249	14642.6
0.262565	16136.1
0.262633	17360.4
0.262742	19000.5
0.26285	20325.6
0.262959	21471.6
0.263068	22682.1
0.263211	23661.7
0.26332	24403.0
0.263429	24995.7
0.263538	25602.8
0.263612	25926.6
0.263721	26405.0
0.263864	26708.4
0.264048	27201.2
0.264191	27703.1
0.264374	28053.5
0.264551	28214.2
0.264844	28408.3
0.265	28408.3
0.28	25283.0
0.280041	25110.2
0.280123	24740.0
0.280252	24070.7
0.280293	23392.8
0.280333	22916.6
0.280374	22424.4
0.280415	21203.4
0.280463	20325.6
0.280504	19640.6
0.280524	18827.6
0.280544	14311.8
0.280585	13625.6
0.280626	12085.0
0.28064	10500.5
0.280646	8927.7
0.28066	8577.7
0.28068	7765.99
0.280701	7079.46
0.280735	5646.01
0.280755	5194.16
0.280776	4702.63
0.280789	3989.15
0.28081	3657.34
0.28083	3521.99
0.280844	2723.52
0.280864	1895.91
0.280871	1695.06
0.280891	1223.92
0.280912	931.425
0.280932	677.936
0.280953	485.05
0.280973	349.431
0.281007	282.525
0.281014	270.83
0.281041	259.321
0.281055	251.731
0.281075	248.586
0.281116	245.481
0.281225	248.586
0.281259	262.602
0.281293	268.979
0.281333	280.595
0.281367	328.897
0.281401	394.425
0.281442	476.262
0.281476	551.273
0.28151	694.401
0.281551	813.005
0.281585	963.907
0.281619	1050.16
0.28166	1252.21
0.281694	1531.15
0.281728	1750.17
0.281769	1975.53
0.281803	2258.11
0.281837	2502.7
0.281871	3021.97
0.281912	3372.33
0.281946	3674.09
0.28198	4021.18
0.282021	4461.83
0.282055	4979.13
0.282089	5418.47
0.282129	6046.68
0.282163	6911.6
0.282197	8046.01
0.282238	8656.47
0.282272	9771.11
0.282306	10904.0
0.282381	12606.9
0.28249	14642.6
0.282565	16136.1
0.282633	17360.4
0.282742	19000.5
0.28285	20325.6
0.282959	21471.6
0.283068	22682.1
0.283211	23661.7
0.28332	24403.0
0.283429	24995.7
0.283538	25602.8
0.283612	25926.6
0.283721	26405.0
0.283864	26708.4
0.284048	27201.2
0.284191	27703.1
0.284374	28053.5
0.284551	28214.2
0.284844	28408.3
0.285	28408.3
0.3	25283.0
0.300041	25110.2
0.300123	24740.0
0.300252	24070.7
0.300293	23392.8
0.300333	22916.6
0.300374	22424.4
0.300415	21203.4
0.300463	20325.6
0.300504	19640.6
0.300524	18827.6
0.300544	14311.8
0.300585	13625.6
0.300626	12085.0
0.30064	10500.5
0.300646	8927.7
0.30066	8577.7
0.30068	7765.99
0.300701	7079.46
0.300735	5646.01
0.300755	5194.16
0.300776	4702.63
0.300789	3989.15
0.30081	3657.34
0.30083	3521.99
0.300844	2723.52
0.300864	1895.91
0.300871	1695.06
0.300891	1223.92
0.300912	931.425
0.300932	677.936
0.300953	485.05
0.300973	349.431
0.301007	282.525
0.301014	270.83
0.301041	259.321
0.301055	251.731
0.301075	248.586
0.301116	245.481
0.301225	248.586
0.301259	262.602
0.301293	268.979
0.301333	280.595
0.301367	328.897
0.301401	394.425
0.301442	476.262
0.301476	551.273
0.30151	694.401
0.301551	813.005
0.301585	963.907
0.301619	1050.16
0.30166	1252.21
0.301694	1531.15
0.301728	1750.17
0.301769	1975.53
0.301803	2258.11
0.301837	2502.7
0.301871	3021.97
0.301912	3372.33
0.301946	3674.09
0.30198	4021.18
0.302021	4461.83
0.302055	4979.13
0.302089	5418.47
0.302129	6046.68
0.302163	6911.6
0.302197	8046.01
0.302238	8656.47
0.302272	9771.11
0.302306	10904.0
0.302381	12606.9
0.30249	14642.6
0.302565	16136.1
0.302633	17360.4
0.302742	19000.5
0.30285	20325.6
0.302959	21471.6
0.303068	22682.1
0.303211	23661.7
0.30332	24403.0
0.303429	24995.7
0.303538	25602.8
0.303612	25926.6
0.303721	26405.0
0.303864	26708.4
0.304048	27201.2
0.304191	27703.1
0.304374	28053.5
0.304551	28214.2
0.304844	28408.3
0.305	28408.3
0.32	25283.0
0.320041	25110.2
0.320123	24740.0
0.320252	24070.7
0.320293	23392.8
0.320333	22916.6
0.320374	22424.4
0.320415	21203.4
0.320463	20325.6
0.320504	19640.6
0.320524	18827.6
0.320544	14311.8
0.320585	13625.6
0.320626	12085.0
0.32064	10500.5
0.320646	8927.7
0.32066	8577.7
0.32068	7765.99
0.320701	7079.46
0.320735	5646.01
0.320755	5194.16
0.320776	4702.63
0.320789	3989.15
0.32081	3657.34
0.32083	3521.99
0.320844	2723.52
0.320864	1895.91
0.320871	1695.06
0.320891	1223.92
0.320912	931.425
0.320932	677.936
0.320953	485.05
0.320973	349.431
0.321007	282.525
0.321014	270.83
0.321041	259.321
0.321055	251.731
0.321075	248.586
0.321116	245.481
0.321225	248.586
0.321259	262.602
0.321293	268.979
0.321333	280.595
0.321367	328.897
0.321401	394.425
0.321442	476.262
0.321476	551.273
0.32151	694.401
0.321551	813.005
0.321585	963.907
0.321619	1050.16
0.32166	1252.21
0.321694	1531.15
0.321728	1750.17
0.321769	1975.53
0.321803	2258.11
0.321837	2502.7
0.321871	3021.97
0.321912	3372.33
0.321946	3674.09
0.32198	4021.18
0.322021	4461.83
0.322055	4979.13
0.322089	5418.47
0.322129	6046.68
0.322163	6911.6
0.322197	8046.01
0.322238	8656.47
0.322272	9771.11
0.322306	10904.0
0.322381	12606.9
0.32249	14642.6
0.322565	16136.1
0.322633	17360.4
0.322742	19000.5
0.32285	20325.6
0.322959	21471.6
0.323068	22682.1
0.323211	23661.7
0.32332	24403.0
0.323429	24995.7
0.323538	25602.8
0.323612	25926.6
0.323721	26405.0
0.323864	26708.4
0.324048	27201.2
0.324191	27703.1
0.324374	28053.5
0.324551	28214.2
0.324844	28408.3
0.325	28408.3
0.34	25283.0
0.340041	25110.2
0.340123	24740.0
0.340252	24070.7
0.340293	23392.8
0.340333	22916.6
0.340374	22424.4
0.340415	21203.4
0.340463	20325.6
0.340504	19640.6
0.340524	18827.6
0.340544	14311.8
0.340585	13625.6
0.340626	12085.0
0.34064	10500.5
0.340646	8927.7
0.34066	8577.7
0.34068	7765.99
0.340701	7079.46
0.340735	5646.01
0.340755	5194.16
0.340776	4702.63
0.340789	3989.15
0.34081	3657.34
0.34083	3521.99
0.340844	2723.52
0.340864	1895.91
0.340871	1695.06
0.340891	1223.92
0.340912	931.425
0.340932	677.936
0.340953	485.05
0.340973	349.431
0.341007	282.525
0.341014	270.83
0.341041	259.321
0.341055	251.731
0.341075	248.586
0.341116	245.481
0.341225	248.586
0.341259	262.602
0.341293	268.979
0.341333	280.595
0.341367	328.897
0.341401	394.425
0.341442	476.262
0.341476	551.273
0.34151	694.401
0.341551	813.005
0.341585	963.907
0.341619	1050.16
0.34166	1252.21
0.341694	1531.15
0.341728	1750.17
0.341769	1975.53
0.341803	2258.11
0.341837	2502.7
0.341871	3021.97
0.341912	3372.33
0.341946	3674.09
0.34198	4021.18
0.342021	4461.83
0.342055	4979.13
0.342089	5418.47
0.342129	6046.68
0.342163	6911.6
0.342197	8046.01
0.342238	8656.47
0.342272	9771.11
0.342306	10904.0
0.342381	12606.9
0.34249	14642.6
0.342565	16136.1
0.342633	17360.4
0.342742	19000.5
0.34285	20325.6
0.342959	21471.6
0.343068	22682.1
0.343211	23661.7
0.34332	24403.0
0.343429	24995.7
0.343538	25602.8
0.343612	25926.6
0.343721	26405.0
0.343864	26708.4
0.344048	27201.2
0.344191	27703.1
0.344374	28053.5
0.344551	28214.2
0.344844	28408.3
0.345	28408.3
0.36	25283.0
0.360041	25110.2
0.360123	24740.0
0.360252	24070.7
0.360293	23392.8
0.360333	22916.6
0.360374	22424.4
0.360415	21203.4
0.360463	20325.6
0.360504	19640.6
0.360524	18827.6
0.360544	14311.8
0.360585	13625.6
0.360626	12085.0
0.36064	10500.5
0.360646	8927.7
0.36066	8577.7
0.36068	7765.99
0.360701	7079.46
0.360735	5646.01
0.360755	5194.16
0.360776	4702.63
0.360789	3989.15
0.36081	3657.34
0.36083	3521.99
0.360844	2723.52
0.360864	1895.91
0.360871	1695.06
0.360891	1223.92
0.360912	931.425
0.360932	677.936
0.360953	485.05
0.360973	349.431
0.361007	282.525
0.361014	270.83
0.361041	259.321
0.361055	251.731
0.361075	248.586
0.361116	245.481
0.361225	248.586
0.361259	262.602
0.361293	268.979
0.361333	280.595
0.361367	328.897
0.361401	394.425
0.361442	476.262
0.361476	551.273
0.36151	694.401
0.361551	813.005
0.361585	963.907
0.361619	1050.16
0.36166	1252.21
0.361694	1531.15
0.361728	1750.17
0.361769	1975.53
0.361803	2258.11
0.361837	2502.7
0.361871	3021.97
0.361912	3372.33
0.361946	3674.09
0.36198	4021.18
0.362021	4461.83
0.362055	4979.13
0.362089	5418.47
0.362129	6046.68
0.362163	6911.6
0.362197	8046.01
0.362238	8656.47
0.362272	9771.11
0.362306	10904.0
0.362381	12606.9
0.36249	14642.6
0.362565	16136.1
0.362633	17360.4
0.362742	19000.5
0.36285	20325.6
0.362959	21471.6
0.363068	22682.1
0.363211	23661.7
0.36332	24403.0
0.363429	24995.7
0.363538	25602.8
0.363612	25926.6
0.363721	26405.0
0.363864	26708.4
0.364048	27201.2
0.364191	27703.1
0.364374	28053.5
0.364551	28214.2
0.364844	28408.3
0.365	28408.3
0.38	25283.0
0.380041	25110.2
0.380123	24740.0
0.380252	24070.7
0.380293	23392.8
0.380333	22916.6
0.380374	22424.4
0.380415	21203.4
0.380463	20325.6
0.380504	19640.6
0.380524	18827.6
0.380544	14311.8
0.380585	13625.6
0.380626	12085.0
0.38064	10500.5
0.380646	8927.7
0.38066	8577.7
0.38068	7765.99
0.380701	7079.46
0.380735	5646.01
0.380755	5194.16
0.380776	4702.63
0.380789	3989.15
0.38081	3657.34
0.38083	3521.99
0.380844	2723.52
0.380864	1895.91
0.380871	1695.06
0.380891	1223.92
0.380912	931.425
0.380932	677.936
0.380953	485.05
0.380973	349.431
0.381007	282.525
0.381014	270.83
0.381041	259.321
0.381055	251.731
0.381075	248.586
0.381116	245.481
0.381225	248.586
0.381259	262.602
0.381293	268.979
0.381333	280.595
0.381367	328.897
0.381401	394.425
0.381442	476.262
0.381476	551.273
0.38151	694.401
0.381551	813.005
0.381585	963.907
0.381619	1050.16
0.38166	1252.21
0.381694	1531.15
0.381728	1750.17
0.381769	1975.53
0.381803	2258.11
0.381837	2502.7
0.381871	3021.97
0.381912	3372.33
0.381946	3674.09
0.38198	4021.18
0.382021	4461.83
0.382055	4979.13
0.382089	5418.47
0.382129	6046.68
0.382163	6911.6
0.382197	8046.01
0.382238	8656.47
0.382272	9771.11
0.382306	10904.0
0.382381	12606.9
0.38249	14642.6
0.382565	16136.1
0.382633	17360.4
0.382742	19000.5
0.38285	20325.6
0.382959	21471.6
0.383068	22682.1
0.383211	23661.7
0.38332	24403.0
0.383429	24995.7
0.383538	25602.8
0.383612	25926.6
0.383721	26405.0
0.383864	26708.4
0.384048	27201.2
0.384191	27703.1
0.384374	28053.5
0.384551	28214.2
0.384844	28408.3
0.385	28408.3
