0.0	1247.06
4.0816e-05	1251.17
0.000122449	1260.13
0.000251701	1276.83
0.000292517	1294.46
0.000333333	1307.3
0.00037415	1321.0
0.000414966	1356.98
0.000462585	1384.8
0.000503401	1407.78
0.00052381	1436.64
0.000544218	1638.78
0.000585034	1677.9
0.00062585	1777.37
0.000639456	1901.43
0.000646259	2055.45
0.000659864	2095.29
0.000680272	2197.7
0.00070068	2297.55
0.000734694	2561.13
0.000755102	2665.77
0.00077551	2796.07
0.000789116	3025.88
0.000809524	3154.68
0.000829932	3212.31
0.000843537	3634.26
0.000863946	4324.46
0.000870748	4563.28
0.000891156	5335.43
0.000911565	6082.81
0.000931973	7084.83
0.000952381	8320.08
0.000972789	9738.6
0.0010068	10784.6
0.0010136	11005.7
0.00104082	11237.6
0.00105442	11399.0
0.00107483	11467.9
0.00111565	11537.4
0.00122449	11467.9
0.0012585	11170.0
0.00129252	11042.0
0.00133333	10820.2
0.00136735	10025.9
0.00140136	9188.51
0.00144218	8393.42
0.00147619	7824.33
0.0015102	7003.69
0.00155102	6493.1
0.00158503	5983.53
0.00161905	5742.37
0.00165986	5277.22
0.00169388	4791.58
0.00172789	4493.73
0.00176871	4239.9
0.00180272	3976.35
0.00183673	3784.81
0.00187075	3457.31
0.00191157	3279.97
0.00194558	3147.77
0.00197959	3014.28
0.00202041	2867.51
0.00205442	2720.42
0.00208843	2612.21
0.00212925	2478.22
0.00216327	2324.17
0.00219728	2160.65
0.00223809	2086.12
0.00227211	1968.28
0.00230612	1867.32
0.00238095	1741.66
0.0024898	1620.9
0.00256463	1547.07
0.00263265	1493.7
0.0027415	1430.35
0.00285034	1384.8
0.00295918	1348.82
0.00306803	1313.77
0.00321088	1287.38
0.00331973	1268.45
0.00342857	1253.92
0.00353742	1239.56
0.00361224	1232.11
0.00372109	1221.34
0.00386395	1214.66
0.00404762	1204.04
0.00419048	1193.52
0.00437415	1186.34
0.00455102	1183.09
0.00484354	1179.21
0.005	1179.21
0.05	1247.06
0.050040816	1251.17
0.050122449	1260.13
0.050251701	1276.83
0.050292517	1294.46
0.050333333	1307.3
0.05037415	1321.0
0.050414966	1356.98
0.050462585	1384.8
0.050503401	1407.78
0.05052381	1436.64
0.050544218	1638.78
0.050585034	1677.9
0.05062585	1777.37
0.050639456	1901.43
0.050646259	2055.45
0.050659864	2095.29
0.050680272	2197.7
0.05070068	2297.55
0.050734694	2561.13
0.050755102	2665.77
0.05077551	2796.07
0.050789116	3025.88
0.050809524	3154.68
0.050829932	3212.31
0.050843537	3634.26
0.050863946	4324.46
0.050870748	4563.28
0.050891156	5335.43
0.050911565	6082.81
0.050931973	7084.83
0.050952381	8320.08
0.050972789	9738.6
0.0510068	10784.6
0.0510136	11005.7
0.05104082	11237.6
0.05105442	11399.0
0.05107483	11467.9
0.05111565	11537.4
0.05122449	11467.9
0.0512585	11170.0
0.05129252	11042.0
0.05133333	10820.2
0.05136735	10025.9
0.05140136	9188.51
0.05144218	8393.42
0.05147619	7824.33
0.0515102	7003.69
0.05155102	6493.1
0.05158503	5983.53
0.05161905	5742.37
0.05165986	5277.22
0.05169388	4791.58
0.05172789	4493.73
0.05176871	4239.9
0.05180272	3976.35
0.05183673	3784.81
0.05187075	3457.31
0.05191157	3279.97
0.05194558	3147.77
0.05197959	3014.28
0.05202041	2867.51
0.05205442	2720.42
0.05208843	2612.21
0.05212925	2478.22
0.05216327	2324.17
0.05219728	2160.65
0.05223809	2086.12
0.05227211	1968.28
0.05230612	1867.32
0.05238095	1741.66
0.0524898	1620.9
0.05256463	1547.07
0.05263265	1493.7
0.0527415	1430.35
0.05285034	1384.8
0.05295918	1348.82
0.05306803	1313.77
0.05321088	1287.38
0.05331973	1268.45
0.05342857	1253.92
0.05353742	1239.56
0.05361224	1232.11
0.05372109	1221.34
0.05386395	1214.66
0.05404762	1204.04
0.05419048	1193.52
0.05437415	1186.34
0.05455102	1183.09
0.05484354	1179.21
0.055	1179.21
0.1	1247.06
0.100040816	1251.17
0.100122449	1260.13
0.100251701	1276.83
0.100292517	1294.46
0.100333333	1307.3
0.10037415	1321.0
0.100414966	1356.98
0.100462585	1384.8
0.100503401	1407.78
0.10052381	1436.64
0.100544218	1638.78
0.100585034	1677.9
0.10062585	1777.37
0.100639456	1901.43
0.100646259	2055.45
0.100659864	2095.29
0.100680272	2197.7
0.10070068	2297.55
0.100734694	2561.13
0.100755102	2665.77
0.10077551	2796.07
0.100789116	3025.88
0.100809524	3154.68
0.100829932	3212.31
0.100843537	3634.26
0.100863946	4324.46
0.100870748	4563.28
0.100891156	5335.43
0.100911565	6082.81
0.100931973	7084.83
0.100952381	8320.08
0.100972789	9738.6
0.1010068	10784.6
0.1010136	11005.7
0.10104082	11237.6
0.10105442	11399.0
0.10107483	11467.9
0.10111565	11537.4
0.10122449	11467.9
0.1012585	11170.0
0.10129252	11042.0
0.10133333	10820.2
0.10136735	10025.9
0.10140136	9188.51
0.10144218	8393.42
0.10147619	7824.33
0.1015102	7003.69
0.10155102	6493.1
0.10158503	5983.53
0.10161905	5742.37
0.10165986	5277.22
0.10169388	4791.58
0.10172789	4493.73
0.10176871	4239.9
0.10180272	3976.35
0.10183673	3784.81
0.10187075	3457.31
0.10191157	3279.97
0.10194558	3147.77
0.10197959	3014.28
0.10202041	2867.51
0.10205442	2720.42
0.10208843	2612.21
0.10212925	2478.22
0.10216327	2324.17
0.10219728	2160.65
0.10223809	2086.12
0.10227211	1968.28
0.10230612	1867.32
0.10238095	1741.66
0.1024898	1620.9
0.10256463	1547.07
0.10263265	1493.7
0.1027415	1430.35
0.10285034	1384.8
0.10295918	1348.82
0.10306803	1313.77
0.10321088	1287.38
0.10331973	1268.45
0.10342857	1253.92
0.10353742	1239.56
0.10361224	1232.11
0.10372109	1221.34
0.10386395	1214.66
0.10404762	1204.04
0.10419048	1193.52
0.10437415	1186.34
0.10455102	1183.09
0.10484354	1179.21
0.105	1179.21
0.15	1247.06
0.150040816	1251.17
0.150122449	1260.13
0.150251701	1276.83
0.150292517	1294.46
0.150333333	1307.3
0.15037415	1321.0
0.150414966	1356.98
0.150462585	1384.8
0.150503401	1407.78
0.15052381	1436.64
0.150544218	1638.78
0.150585034	1677.9
0.15062585	1777.37
0.150639456	1901.43
0.150646259	2055.45
0.150659864	2095.29
0.150680272	2197.7
0.15070068	2297.55
0.150734694	2561.13
0.150755102	2665.77
0.15077551	2796.07
0.150789116	3025.88
0.150809524	3154.68
0.150829932	3212.31
0.150843537	3634.26
0.150863946	4324.46
0.150870748	4563.28
0.150891156	5335.43
0.150911565	6082.81
0.150931973	7084.83
0.150952381	8320.08
0.150972789	9738.6
0.1510068	10784.6
0.1510136	11005.7
0.15104082	11237.6
0.15105442	11399.0
0.15107483	11467.9
0.15111565	11537.4
0.15122449	11467.9
0.1512585	11170.0
0.15129252	11042.0
0.15133333	10820.2
0.15136735	10025.9
0.15140136	9188.51
0.15144218	8393.42
0.15147619	7824.33
0.1515102	7003.69
0.15155102	6493.1
0.15158503	5983.53
0.15161905	5742.37
0.15165986	5277.22
0.15169388	4791.58
0.15172789	4493.73
0.15176871	4239.9
0.15180272	3976.35
0.15183673	3784.81
0.15187075	3457.31
0.15191157	3279.97
0.15194558	3147.77
0.15197959	3014.28
0.15202041	2867.51
0.15205442	2720.42
0.15208843	2612.21
0.15212925	2478.22
0.15216327	2324.17
0.15219728	2160.65
0.15223809	2086.12
0.15227211	1968.28
0.15230612	1867.32
0.15238095	1741.66
0.1524898	1620.9
0.15256463	1547.07
0.15263265	1493.7
0.1527415	1430.35
0.15285034	1384.8
0.15295918	1348.82
0.15306803	1313.77
0.15321088	1287.38
0.15331973	1268.45
0.15342857	1253.92
0.15353742	1239.56
0.15361224	1232.11
0.15372109	1221.34
0.15386395	1214.66
0.15404762	1204.04
0.15419048	1193.52
0.15437415	1186.34
0.15455102	1183.09
0.15484354	1179.21
0.155	1179.21
0.2	1247.06
0.200040816	1251.17
0.200122449	1260.13
0.200251701	1276.83
0.200292517	1294.46
0.200333333	1307.3
0.20037415	1321.0
0.200414966	1356.98
0.200462585	1384.8
0.200503401	1407.78
0.20052381	1436.64
0.200544218	1638.78
0.200585034	1677.9
0.20062585	1777.37
0.200639456	1901.43
0.200646259	2055.45
0.200659864	2095.29
0.200680272	2197.7
0.20070068	2297.55
0.200734694	2561.13
0.200755102	2665.77
0.20077551	2796.07
0.200789116	3025.88
0.200809524	3154.68
0.200829932	3212.31
0.200843537	3634.26
0.200863946	4324.46
0.200870748	4563.28
0.200891156	5335.43
0.200911565	6082.81
0.200931973	7084.83
0.200952381	8320.08
0.200972789	9738.6
0.2010068	10784.6
0.2010136	11005.7
0.20104082	11237.6
0.20105442	11399.0
0.20107483	11467.9
0.20111565	11537.4
0.20122449	11467.9
0.2012585	11170.0
0.20129252	11042.0
0.20133333	10820.2
0.20136735	10025.9
0.20140136	9188.51
0.20144218	8393.42
0.20147619	7824.33
0.2015102	7003.69
0.20155102	6493.1
0.20158503	5983.53
0.20161905	5742.37
0.20165986	5277.22
0.20169388	4791.58
0.20172789	4493.73
0.20176871	4239.9
0.20180272	3976.35
0.20183673	3784.81
0.20187075	3457.31
0.20191157	3279.97
0.20194558	3147.77
0.20197959	3014.28
0.20202041	2867.51
0.20205442	2720.42
0.20208843	2612.21
0.20212925	2478.22
0.20216327	2324.17
0.20219728	2160.65
0.20223809	2086.12
0.20227211	1968.28
0.20230612	1867.32
0.20238095	1741.66
0.2024898	1620.9
0.20256463	1547.07
0.20263265	1493.7
0.2027415	1430.35
0.20285034	1384.8
0.20295918	1348.82
0.20306803	1313.77
0.20321088	1287.38
0.20331973	1268.45
0.20342857	1253.92
0.20353742	1239.56
0.20361224	1232.11
0.20372109	1221.34
0.20386395	1214.66
0.20404762	1204.04
0.20419048	1193.52
0.20437415	1186.34
0.20455102	1183.09
0.20484354	1179.21
0.205	1179.21
0.25	1247.06
0.250040816	1251.17
0.250122449	1260.13
0.250251701	1276.83
0.250292517	1294.46
0.250333333	1307.3
0.25037415	1321.0
0.250414966	1356.98
0.250462585	1384.8
0.250503401	1407.78
0.25052381	1436.64
0.250544218	1638.78
0.250585034	1677.9
0.25062585	1777.37
0.250639456	1901.43
0.250646259	2055.45
0.250659864	2095.29
0.250680272	2197.7
0.25070068	2297.55
0.250734694	2561.13
0.250755102	2665.77
0.25077551	2796.07
0.250789116	3025.88
0.250809524	3154.68
0.250829932	3212.31
0.250843537	3634.26
0.250863946	4324.46
0.250870748	4563.28
0.250891156	5335.43
0.250911565	6082.81
0.250931973	7084.83
0.250952381	8320.08
0.250972789	9738.6
0.2510068	10784.6
0.2510136	11005.7
0.25104082	11237.6
0.25105442	11399.0
0.25107483	11467.9
0.25111565	11537.4
0.25122449	11467.9
0.2512585	11170.0
0.25129252	11042.0
0.25133333	10820.2
0.25136735	10025.9
0.25140136	9188.51
0.25144218	8393.42
0.25147619	7824.33
0.2515102	7003.69
0.25155102	6493.1
0.25158503	5983.53
0.25161905	5742.37
0.25165986	5277.22
0.25169388	4791.58
0.25172789	4493.73
0.25176871	4239.9
0.25180272	3976.35
0.25183673	3784.81
0.25187075	3457.31
0.25191157	3279.97
0.25194558	3147.77
0.25197959	3014.28
0.25202041	2867.51
0.25205442	2720.42
0.25208843	2612.21
0.25212925	2478.22
0.25216327	2324.17
0.25219728	2160.65
0.25223809	2086.12
0.25227211	1968.28
0.25230612	1867.32
0.25238095	1741.66
0.2524898	1620.9
0.25256463	1547.07
0.25263265	1493.7
0.2527415	1430.35
0.25285034	1384.8
0.25295918	1348.82
0.25306803	1313.77
0.25321088	1287.38
0.25331973	1268.45
0.25342857	1253.92
0.25353742	1239.56
0.25361224	1232.11
0.25372109	1221.34
0.25386395	1214.66
0.25404762	1204.04
0.25419048	1193.52
0.25437415	1186.34
0.25455102	1183.09
0.25484354	1179.21
0.255	1179.21
0.3	1247.06
0.300040816	1251.17
0.300122449	1260.13
0.300251701	1276.83
0.300292517	1294.46
0.300333333	1307.3
0.30037415	1321.0
0.300414966	1356.98
0.300462585	1384.8
0.300503401	1407.78
0.30052381	1436.64
0.300544218	1638.78
0.300585034	1677.9
0.30062585	1777.37
0.300639456	1901.43
0.300646259	2055.45
0.300659864	2095.29
0.300680272	2197.7
0.30070068	2297.55
0.300734694	2561.13
0.300755102	2665.77
0.30077551	2796.07
0.300789116	3025.88
0.300809524	3154.68
0.300829932	3212.31
0.300843537	3634.26
0.300863946	4324.46
0.300870748	4563.28
0.300891156	5335.43
0.300911565	6082.81
0.300931973	7084.83
0.300952381	8320.08
0.300972789	9738.6
0.3010068	10784.6
0.3010136	11005.7
0.30104082	11237.6
0.30105442	11399.0
0.30107483	11467.9
0.30111565	11537.4
0.30122449	11467.9
0.3012585	11170.0
0.30129252	11042.0
0.30133333	10820.2
0.30136735	10025.9
0.30140136	9188.51
0.30144218	8393.42
0.30147619	7824.33
0.3015102	7003.69
0.30155102	6493.1
0.30158503	5983.53
0.30161905	5742.37
0.30165986	5277.22
0.30169388	4791.58
0.30172789	4493.73
0.30176871	4239.9
0.30180272	3976.35
0.30183673	3784.81
0.30187075	3457.31
0.30191157	3279.97
0.30194558	3147.77
0.30197959	3014.28
0.30202041	2867.51
0.30205442	2720.42
0.30208843	2612.21
0.30212925	2478.22
0.30216327	2324.17
0.30219728	2160.65
0.30223809	2086.12
0.30227211	1968.28
0.30230612	1867.32
0.30238095	1741.66
0.3024898	1620.9
0.30256463	1547.07
0.30263265	1493.7
0.3027415	1430.35
0.30285034	1384.8
0.30295918	1348.82
0.30306803	1313.77
0.30321088	1287.38
0.30331973	1268.45
0.30342857	1253.92
0.30353742	1239.56
0.30361224	1232.11
0.30372109	1221.34
0.30386395	1214.66
0.30404762	1204.04
0.30419048	1193.52
0.30437415	1186.34
0.30455102	1183.09
0.30484354	1179.21
0.305	1179.21
0.35	1247.06
0.350040816	1251.17
0.350122449	1260.13
0.350251701	1276.83
0.350292517	1294.46
0.350333333	1307.3
0.35037415	1321.0
0.350414966	1356.98
0.350462585	1384.8
0.350503401	1407.78
0.35052381	1436.64
0.350544218	1638.78
0.350585034	1677.9
0.35062585	1777.37
0.350639456	1901.43
0.350646259	2055.45
0.350659864	2095.29
0.350680272	2197.7
0.35070068	2297.55
0.350734694	2561.13
0.350755102	2665.77
0.35077551	2796.07
0.350789116	3025.88
0.350809524	3154.68
0.350829932	3212.31
0.350843537	3634.26
0.350863946	4324.46
0.350870748	4563.28
0.350891156	5335.43
0.350911565	6082.81
0.350931973	7084.83
0.350952381	8320.08
0.350972789	9738.6
0.3510068	10784.6
0.3510136	11005.7
0.35104082	11237.6
0.35105442	11399.0
0.35107483	11467.9
0.35111565	11537.4
0.35122449	11467.9
0.3512585	11170.0
0.35129252	11042.0
0.35133333	10820.2
0.35136735	10025.9
0.35140136	9188.51
0.35144218	8393.42
0.35147619	7824.33
0.3515102	7003.69
0.35155102	6493.1
0.35158503	5983.53
0.35161905	5742.37
0.35165986	5277.22
0.35169388	4791.58
0.35172789	4493.73
0.35176871	4239.9
0.35180272	3976.35
0.35183673	3784.81
0.35187075	3457.31
0.35191157	3279.97
0.35194558	3147.77
0.35197959	3014.28
0.35202041	2867.51
0.35205442	2720.42
0.35208843	2612.21
0.35212925	2478.22
0.35216327	2324.17
0.35219728	2160.65
0.35223809	2086.12
0.35227211	1968.28
0.35230612	1867.32
0.35238095	1741.66
0.3524898	1620.9
0.35256463	1547.07
0.35263265	1493.7
0.3527415	1430.35
0.35285034	1384.8
0.35295918	1348.82
0.35306803	1313.77
0.35321088	1287.38
0.35331973	1268.45
0.35342857	1253.92
0.35353742	1239.56
0.35361224	1232.11
0.35372109	1221.34
0.35386395	1214.66
0.35404762	1204.04
0.35419048	1193.52
0.35437415	1186.34
0.35455102	1183.09
0.35484354	1179.21
0.355	1179.21
0.4	1247.06
0.400040816	1251.17
0.400122449	1260.13
0.400251701	1276.83
0.400292517	1294.46
0.400333333	1307.3
0.40037415	1321.0
0.400414966	1356.98
0.400462585	1384.8
0.400503401	1407.78
0.40052381	1436.64
0.400544218	1638.78
0.400585034	1677.9
0.40062585	1777.37
0.400639456	1901.43
0.400646259	2055.45
0.400659864	2095.29
0.400680272	2197.7
0.40070068	2297.55
0.400734694	2561.13
0.400755102	2665.77
0.40077551	2796.07
0.400789116	3025.88
0.400809524	3154.68
0.400829932	3212.31
0.400843537	3634.26
0.400863946	4324.46
0.400870748	4563.28
0.400891156	5335.43
0.400911565	6082.81
0.400931973	7084.83
0.400952381	8320.08
0.400972789	9738.6
0.4010068	10784.6
0.4010136	11005.7
0.40104082	11237.6
0.40105442	11399.0
0.40107483	11467.9
0.40111565	11537.4
0.40122449	11467.9
0.4012585	11170.0
0.40129252	11042.0
0.40133333	10820.2
0.40136735	10025.9
0.40140136	9188.51
0.40144218	8393.42
0.40147619	7824.33
0.4015102	7003.69
0.40155102	6493.1
0.40158503	5983.53
0.40161905	5742.37
0.40165986	5277.22
0.40169388	4791.58
0.40172789	4493.73
0.40176871	4239.9
0.40180272	3976.35
0.40183673	3784.81
0.40187075	3457.31
0.40191157	3279.97
0.40194558	3147.77
0.40197959	3014.28
0.40202041	2867.51
0.40205442	2720.42
0.40208843	2612.21
0.40212925	2478.22
0.40216327	2324.17
0.40219728	2160.65
0.40223809	2086.12
0.40227211	1968.28
0.40230612	1867.32
0.40238095	1741.66
0.4024898	1620.9
0.40256463	1547.07
0.40263265	1493.7
0.4027415	1430.35
0.40285034	1384.8
0.40295918	1348.82
0.40306803	1313.77
0.40321088	1287.38
0.40331973	1268.45
0.40342857	1253.92
0.40353742	1239.56
0.40361224	1232.11
0.40372109	1221.34
0.40386395	1214.66
0.40404762	1204.04
0.40419048	1193.52
0.40437415	1186.34
0.40455102	1183.09
0.40484354	1179.21
0.405	1179.21
0.45	1247.06
0.450040816	1251.17
0.450122449	1260.13
0.450251701	1276.83
0.450292517	1294.46
0.450333333	1307.3
0.45037415	1321.0
0.450414966	1356.98
0.450462585	1384.8
0.450503401	1407.78
0.45052381	1436.64
0.450544218	1638.78
0.450585034	1677.9
0.45062585	1777.37
0.450639456	1901.43
0.450646259	2055.45
0.450659864	2095.29
0.450680272	2197.7
0.45070068	2297.55
0.450734694	2561.13
0.450755102	2665.77
0.45077551	2796.07
0.450789116	3025.88
0.450809524	3154.68
0.450829932	3212.31
0.450843537	3634.26
0.450863946	4324.46
0.450870748	4563.28
0.450891156	5335.43
0.450911565	6082.81
0.450931973	7084.83
0.450952381	8320.08
0.450972789	9738.6
0.4510068	10784.6
0.4510136	11005.7
0.45104082	11237.6
0.45105442	11399.0
0.45107483	11467.9
0.45111565	11537.4
0.45122449	11467.9
0.4512585	11170.0
0.45129252	11042.0
0.45133333	10820.2
0.45136735	10025.9
0.45140136	9188.51
0.45144218	8393.42
0.45147619	7824.33
0.4515102	7003.69
0.45155102	6493.1
0.45158503	5983.53
0.45161905	5742.37
0.45165986	5277.22
0.45169388	4791.58
0.45172789	4493.73
0.45176871	4239.9
0.45180272	3976.35
0.45183673	3784.81
0.45187075	3457.31
0.45191157	3279.97
0.45194558	3147.77
0.45197959	3014.28
0.45202041	2867.51
0.45205442	2720.42
0.45208843	2612.21
0.45212925	2478.22
0.45216327	2324.17
0.45219728	2160.65
0.45223809	2086.12
0.45227211	1968.28
0.45230612	1867.32
0.45238095	1741.66
0.4524898	1620.9
0.45256463	1547.07
0.45263265	1493.7
0.4527415	1430.35
0.45285034	1384.8
0.45295918	1348.82
0.45306803	1313.77
0.45321088	1287.38
0.45331973	1268.45
0.45342857	1253.92
0.45353742	1239.56
0.45361224	1232.11
0.45372109	1221.34
0.45386395	1214.66
0.45404762	1204.04
0.45419048	1193.52
0.45437415	1186.34
0.45455102	1183.09
0.45484354	1179.21
0.455	1179.21
0.5	1247.06
0.500040816	1251.17
0.500122449	1260.13
0.500251701	1276.83
0.500292517	1294.46
0.500333333	1307.3
0.50037415	1321.0
0.500414966	1356.98
0.500462585	1384.8
0.500503401	1407.78
0.50052381	1436.64
0.500544218	1638.78
0.500585034	1677.9
0.50062585	1777.37
0.500639456	1901.43
0.500646259	2055.45
0.500659864	2095.29
0.500680272	2197.7
0.50070068	2297.55
0.500734694	2561.13
0.500755102	2665.77
0.50077551	2796.07
0.500789116	3025.88
0.500809524	3154.68
0.500829932	3212.31
0.500843537	3634.26
0.500863946	4324.46
0.500870748	4563.28
0.500891156	5335.43
0.500911565	6082.81
0.500931973	7084.83
0.500952381	8320.08
0.500972789	9738.6
0.5010068	10784.6
0.5010136	11005.7
0.50104082	11237.6
0.50105442	11399.0
0.50107483	11467.9
0.50111565	11537.4
0.50122449	11467.9
0.5012585	11170.0
0.50129252	11042.0
0.50133333	10820.2
0.50136735	10025.9
0.50140136	9188.51
0.50144218	8393.42
0.50147619	7824.33
0.5015102	7003.69
0.50155102	6493.1
0.50158503	5983.53
0.50161905	5742.37
0.50165986	5277.22
0.50169388	4791.58
0.50172789	4493.73
0.50176871	4239.9
0.50180272	3976.35
0.50183673	3784.81
0.50187075	3457.31
0.50191157	3279.97
0.50194558	3147.77
0.50197959	3014.28
0.50202041	2867.51
0.50205442	2720.42
0.50208843	2612.21
0.50212925	2478.22
0.50216327	2324.17
0.50219728	2160.65
0.50223809	2086.12
0.50227211	1968.28
0.50230612	1867.32
0.50238095	1741.66
0.5024898	1620.9
0.50256463	1547.07
0.50263265	1493.7
0.5027415	1430.35
0.50285034	1384.8
0.50295918	1348.82
0.50306803	1313.77
0.50321088	1287.38
0.50331973	1268.45
0.50342857	1253.92
0.50353742	1239.56
0.50361224	1232.11
0.50372109	1221.34
0.50386395	1214.66
0.50404762	1204.04
0.50419048	1193.52
0.50437415	1186.34
0.50455102	1183.09
0.50484354	1179.21
0.505	1179.21
0.55	1247.06
0.550040816	1251.17
0.550122449	1260.13
0.550251701	1276.83
0.550292517	1294.46
0.550333333	1307.3
0.55037415	1321.0
0.550414966	1356.98
0.550462585	1384.8
0.550503401	1407.78
0.55052381	1436.64
0.550544218	1638.78
0.550585034	1677.9
0.55062585	1777.37
0.550639456	1901.43
0.550646259	2055.45
0.550659864	2095.29
0.550680272	2197.7
0.55070068	2297.55
0.550734694	2561.13
0.550755102	2665.77
0.55077551	2796.07
0.550789116	3025.88
0.550809524	3154.68
0.550829932	3212.31
0.550843537	3634.26
0.550863946	4324.46
0.550870748	4563.28
0.550891156	5335.43
0.550911565	6082.81
0.550931973	7084.83
0.550952381	8320.08
0.550972789	9738.6
0.5510068	10784.6
0.5510136	11005.7
0.55104082	11237.6
0.55105442	11399.0
0.55107483	11467.9
0.55111565	11537.4
0.55122449	11467.9
0.5512585	11170.0
0.55129252	11042.0
0.55133333	10820.2
0.55136735	10025.9
0.55140136	9188.51
0.55144218	8393.42
0.55147619	7824.33
0.5515102	7003.69
0.55155102	6493.1
0.55158503	5983.53
0.55161905	5742.37
0.55165986	5277.22
0.55169388	4791.58
0.55172789	4493.73
0.55176871	4239.9
0.55180272	3976.35
0.55183673	3784.81
0.55187075	3457.31
0.55191157	3279.97
0.55194558	3147.77
0.55197959	3014.28
0.55202041	2867.51
0.55205442	2720.42
0.55208843	2612.21
0.55212925	2478.22
0.55216327	2324.17
0.55219728	2160.65
0.55223809	2086.12
0.55227211	1968.28
0.55230612	1867.32
0.55238095	1741.66
0.5524898	1620.9
0.55256463	1547.07
0.55263265	1493.7
0.5527415	1430.35
0.55285034	1384.8
0.55295918	1348.82
0.55306803	1313.77
0.55321088	1287.38
0.55331973	1268.45
0.55342857	1253.92
0.55353742	1239.56
0.55361224	1232.11
0.55372109	1221.34
0.55386395	1214.66
0.55404762	1204.04
0.55419048	1193.52
0.55437415	1186.34
0.55455102	1183.09
0.55484354	1179.21
0.555	1179.21
0.6	1247.06
0.600040816	1251.17
0.600122449	1260.13
0.600251701	1276.83
0.600292517	1294.46
0.600333333	1307.3
0.60037415	1321.0
0.600414966	1356.98
0.600462585	1384.8
0.600503401	1407.78
0.60052381	1436.64
0.600544218	1638.78
0.600585034	1677.9
0.60062585	1777.37
0.600639456	1901.43
0.600646259	2055.45
0.600659864	2095.29
0.600680272	2197.7
0.60070068	2297.55
0.600734694	2561.13
0.600755102	2665.77
0.60077551	2796.07
0.600789116	3025.88
0.600809524	3154.68
0.600829932	3212.31
0.600843537	3634.26
0.600863946	4324.46
0.600870748	4563.28
0.600891156	5335.43
0.600911565	6082.81
0.600931973	7084.83
0.600952381	8320.08
0.600972789	9738.6
0.6010068	10784.6
0.6010136	11005.7
0.60104082	11237.6
0.60105442	11399.0
0.60107483	11467.9
0.60111565	11537.4
0.60122449	11467.9
0.6012585	11170.0
0.60129252	11042.0
0.60133333	10820.2
0.60136735	10025.9
0.60140136	9188.51
0.60144218	8393.42
0.60147619	7824.33
0.6015102	7003.69
0.60155102	6493.1
0.60158503	5983.53
0.60161905	5742.37
0.60165986	5277.22
0.60169388	4791.58
0.60172789	4493.73
0.60176871	4239.9
0.60180272	3976.35
0.60183673	3784.81
0.60187075	3457.31
0.60191157	3279.97
0.60194558	3147.77
0.60197959	3014.28
0.60202041	2867.51
0.60205442	2720.42
0.60208843	2612.21
0.60212925	2478.22
0.60216327	2324.17
0.60219728	2160.65
0.60223809	2086.12
0.60227211	1968.28
0.60230612	1867.32
0.60238095	1741.66
0.6024898	1620.9
0.60256463	1547.07
0.60263265	1493.7
0.6027415	1430.35
0.60285034	1384.8
0.60295918	1348.82
0.60306803	1313.77
0.60321088	1287.38
0.60331973	1268.45
0.60342857	1253.92
0.60353742	1239.56
0.60361224	1232.11
0.60372109	1221.34
0.60386395	1214.66
0.60404762	1204.04
0.60419048	1193.52
0.60437415	1186.34
0.60455102	1183.09
0.60484354	1179.21
0.605	1179.21
0.65	1247.06
0.650040816	1251.17
0.650122449	1260.13
0.650251701	1276.83
0.650292517	1294.46
0.650333333	1307.3
0.65037415	1321.0
0.650414966	1356.98
0.650462585	1384.8
0.650503401	1407.78
0.65052381	1436.64
0.650544218	1638.78
0.650585034	1677.9
0.65062585	1777.37
0.650639456	1901.43
0.650646259	2055.45
0.650659864	2095.29
0.650680272	2197.7
0.65070068	2297.55
0.650734694	2561.13
0.650755102	2665.77
0.65077551	2796.07
0.650789116	3025.88
0.650809524	3154.68
0.650829932	3212.31
0.650843537	3634.26
0.650863946	4324.46
0.650870748	4563.28
0.650891156	5335.43
0.650911565	6082.81
0.650931973	7084.83
0.650952381	8320.08
0.650972789	9738.6
0.6510068	10784.6
0.6510136	11005.7
0.65104082	11237.6
0.65105442	11399.0
0.65107483	11467.9
0.65111565	11537.4
0.65122449	11467.9
0.6512585	11170.0
0.65129252	11042.0
0.65133333	10820.2
0.65136735	10025.9
0.65140136	9188.51
0.65144218	8393.42
0.65147619	7824.33
0.6515102	7003.69
0.65155102	6493.1
0.65158503	5983.53
0.65161905	5742.37
0.65165986	5277.22
0.65169388	4791.58
0.65172789	4493.73
0.65176871	4239.9
0.65180272	3976.35
0.65183673	3784.81
0.65187075	3457.31
0.65191157	3279.97
0.65194558	3147.77
0.65197959	3014.28
0.65202041	2867.51
0.65205442	2720.42
0.65208843	2612.21
0.65212925	2478.22
0.65216327	2324.17
0.65219728	2160.65
0.65223809	2086.12
0.65227211	1968.28
0.65230612	1867.32
0.65238095	1741.66
0.6524898	1620.9
0.65256463	1547.07
0.65263265	1493.7
0.6527415	1430.35
0.65285034	1384.8
0.65295918	1348.82
0.65306803	1313.77
0.65321088	1287.38
0.65331973	1268.45
0.65342857	1253.92
0.65353742	1239.56
0.65361224	1232.11
0.65372109	1221.34
0.65386395	1214.66
0.65404762	1204.04
0.65419048	1193.52
0.65437415	1186.34
0.65455102	1183.09
0.65484354	1179.21
0.655	1179.21
0.7	1247.06
0.700040816	1251.17
0.700122449	1260.13
0.700251701	1276.83
0.700292517	1294.46
0.700333333	1307.3
0.70037415	1321.0
0.700414966	1356.98
0.700462585	1384.8
0.700503401	1407.78
0.70052381	1436.64
0.700544218	1638.78
0.700585034	1677.9
0.70062585	1777.37
0.700639456	1901.43
0.700646259	2055.45
0.700659864	2095.29
0.700680272	2197.7
0.70070068	2297.55
0.700734694	2561.13
0.700755102	2665.77
0.70077551	2796.07
0.700789116	3025.88
0.700809524	3154.68
0.700829932	3212.31
0.700843537	3634.26
0.700863946	4324.46
0.700870748	4563.28
0.700891156	5335.43
0.700911565	6082.81
0.700931973	7084.83
0.700952381	8320.08
0.700972789	9738.6
0.7010068	10784.6
0.7010136	11005.7
0.70104082	11237.6
0.70105442	11399.0
0.70107483	11467.9
0.70111565	11537.4
0.70122449	11467.9
0.7012585	11170.0
0.70129252	11042.0
0.70133333	10820.2
0.70136735	10025.9
0.70140136	9188.51
0.70144218	8393.42
0.70147619	7824.33
0.7015102	7003.69
0.70155102	6493.1
0.70158503	5983.53
0.70161905	5742.37
0.70165986	5277.22
0.70169388	4791.58
0.70172789	4493.73
0.70176871	4239.9
0.70180272	3976.35
0.70183673	3784.81
0.70187075	3457.31
0.70191157	3279.97
0.70194558	3147.77
0.70197959	3014.28
0.70202041	2867.51
0.70205442	2720.42
0.70208843	2612.21
0.70212925	2478.22
0.70216327	2324.17
0.70219728	2160.65
0.70223809	2086.12
0.70227211	1968.28
0.70230612	1867.32
0.70238095	1741.66
0.7024898	1620.9
0.70256463	1547.07
0.70263265	1493.7
0.7027415	1430.35
0.70285034	1384.8
0.70295918	1348.82
0.70306803	1313.77
0.70321088	1287.38
0.70331973	1268.45
0.70342857	1253.92
0.70353742	1239.56
0.70361224	1232.11
0.70372109	1221.34
0.70386395	1214.66
0.70404762	1204.04
0.70419048	1193.52
0.70437415	1186.34
0.70455102	1183.09
0.70484354	1179.21
0.705	1179.21
0.75	1247.06
0.750040816	1251.17
0.750122449	1260.13
0.750251701	1276.83
0.750292517	1294.46
0.750333333	1307.3
0.75037415	1321.0
0.750414966	1356.98
0.750462585	1384.8
0.750503401	1407.78
0.75052381	1436.64
0.750544218	1638.78
0.750585034	1677.9
0.75062585	1777.37
0.750639456	1901.43
0.750646259	2055.45
0.750659864	2095.29
0.750680272	2197.7
0.75070068	2297.55
0.750734694	2561.13
0.750755102	2665.77
0.75077551	2796.07
0.750789116	3025.88
0.750809524	3154.68
0.750829932	3212.31
0.750843537	3634.26
0.750863946	4324.46
0.750870748	4563.28
0.750891156	5335.43
0.750911565	6082.81
0.750931973	7084.83
0.750952381	8320.08
0.750972789	9738.6
0.7510068	10784.6
0.7510136	11005.7
0.75104082	11237.6
0.75105442	11399.0
0.75107483	11467.9
0.75111565	11537.4
0.75122449	11467.9
0.7512585	11170.0
0.75129252	11042.0
0.75133333	10820.2
0.75136735	10025.9
0.75140136	9188.51
0.75144218	8393.42
0.75147619	7824.33
0.7515102	7003.69
0.75155102	6493.1
0.75158503	5983.53
0.75161905	5742.37
0.75165986	5277.22
0.75169388	4791.58
0.75172789	4493.73
0.75176871	4239.9
0.75180272	3976.35
0.75183673	3784.81
0.75187075	3457.31
0.75191157	3279.97
0.75194558	3147.77
0.75197959	3014.28
0.75202041	2867.51
0.75205442	2720.42
0.75208843	2612.21
0.75212925	2478.22
0.75216327	2324.17
0.75219728	2160.65
0.75223809	2086.12
0.75227211	1968.28
0.75230612	1867.32
0.75238095	1741.66
0.7524898	1620.9
0.75256463	1547.07
0.75263265	1493.7
0.7527415	1430.35
0.75285034	1384.8
0.75295918	1348.82
0.75306803	1313.77
0.75321088	1287.38
0.75331973	1268.45
0.75342857	1253.92
0.75353742	1239.56
0.75361224	1232.11
0.75372109	1221.34
0.75386395	1214.66
0.75404762	1204.04
0.75419048	1193.52
0.75437415	1186.34
0.75455102	1183.09
0.75484354	1179.21
0.755	1179.21
0.8	1247.06
0.800040816	1251.17
0.800122449	1260.13
0.800251701	1276.83
0.800292517	1294.46
0.800333333	1307.3
0.80037415	1321.0
0.800414966	1356.98
0.800462585	1384.8
0.800503401	1407.78
0.80052381	1436.64
0.800544218	1638.78
0.800585034	1677.9
0.80062585	1777.37
0.800639456	1901.43
0.800646259	2055.45
0.800659864	2095.29
0.800680272	2197.7
0.80070068	2297.55
0.800734694	2561.13
0.800755102	2665.77
0.80077551	2796.07
0.800789116	3025.88
0.800809524	3154.68
0.800829932	3212.31
0.800843537	3634.26
0.800863946	4324.46
0.800870748	4563.28
0.800891156	5335.43
0.800911565	6082.81
0.800931973	7084.83
0.800952381	8320.08
0.800972789	9738.6
0.8010068	10784.6
0.8010136	11005.7
0.80104082	11237.6
0.80105442	11399.0
0.80107483	11467.9
0.80111565	11537.4
0.80122449	11467.9
0.8012585	11170.0
0.80129252	11042.0
0.80133333	10820.2
0.80136735	10025.9
0.80140136	9188.51
0.80144218	8393.42
0.80147619	7824.33
0.8015102	7003.69
0.80155102	6493.1
0.80158503	5983.53
0.80161905	5742.37
0.80165986	5277.22
0.80169388	4791.58
0.80172789	4493.73
0.80176871	4239.9
0.80180272	3976.35
0.80183673	3784.81
0.80187075	3457.31
0.80191157	3279.97
0.80194558	3147.77
0.80197959	3014.28
0.80202041	2867.51
0.80205442	2720.42
0.80208843	2612.21
0.80212925	2478.22
0.80216327	2324.17
0.80219728	2160.65
0.80223809	2086.12
0.80227211	1968.28
0.80230612	1867.32
0.80238095	1741.66
0.8024898	1620.9
0.80256463	1547.07
0.80263265	1493.7
0.8027415	1430.35
0.80285034	1384.8
0.80295918	1348.82
0.80306803	1313.77
0.80321088	1287.38
0.80331973	1268.45
0.80342857	1253.92
0.80353742	1239.56
0.80361224	1232.11
0.80372109	1221.34
0.80386395	1214.66
0.80404762	1204.04
0.80419048	1193.52
0.80437415	1186.34
0.80455102	1183.09
0.80484354	1179.21
0.805	1179.21
0.85	1247.06
0.850040816	1251.17
0.850122449	1260.13
0.850251701	1276.83
0.850292517	1294.46
0.850333333	1307.3
0.85037415	1321.0
0.850414966	1356.98
0.850462585	1384.8
0.850503401	1407.78
0.85052381	1436.64
0.850544218	1638.78
0.850585034	1677.9
0.85062585	1777.37
0.850639456	1901.43
0.850646259	2055.45
0.850659864	2095.29
0.850680272	2197.7
0.85070068	2297.55
0.850734694	2561.13
0.850755102	2665.77
0.85077551	2796.07
0.850789116	3025.88
0.850809524	3154.68
0.850829932	3212.31
0.850843537	3634.26
0.850863946	4324.46
0.850870748	4563.28
0.850891156	5335.43
0.850911565	6082.81
0.850931973	7084.83
0.850952381	8320.08
0.850972789	9738.6
0.8510068	10784.6
0.8510136	11005.7
0.85104082	11237.6
0.85105442	11399.0
0.85107483	11467.9
0.85111565	11537.4
0.85122449	11467.9
0.8512585	11170.0
0.85129252	11042.0
0.85133333	10820.2
0.85136735	10025.9
0.85140136	9188.51
0.85144218	8393.42
0.85147619	7824.33
0.8515102	7003.69
0.85155102	6493.1
0.85158503	5983.53
0.85161905	5742.37
0.85165986	5277.22
0.85169388	4791.58
0.85172789	4493.73
0.85176871	4239.9
0.85180272	3976.35
0.85183673	3784.81
0.85187075	3457.31
0.85191157	3279.97
0.85194558	3147.77
0.85197959	3014.28
0.85202041	2867.51
0.85205442	2720.42
0.85208843	2612.21
0.85212925	2478.22
0.85216327	2324.17
0.85219728	2160.65
0.85223809	2086.12
0.85227211	1968.28
0.85230612	1867.32
0.85238095	1741.66
0.8524898	1620.9
0.85256463	1547.07
0.85263265	1493.7
0.8527415	1430.35
0.85285034	1384.8
0.85295918	1348.82
0.85306803	1313.77
0.85321088	1287.38
0.85331973	1268.45
0.85342857	1253.92
0.85353742	1239.56
0.85361224	1232.11
0.85372109	1221.34
0.85386395	1214.66
0.85404762	1204.04
0.85419048	1193.52
0.85437415	1186.34
0.85455102	1183.09
0.85484354	1179.21
0.855	1179.21
0.9	1247.06
0.900040816	1251.17
0.900122449	1260.13
0.900251701	1276.83
0.900292517	1294.46
0.900333333	1307.3
0.90037415	1321.0
0.900414966	1356.98
0.900462585	1384.8
0.900503401	1407.78
0.90052381	1436.64
0.900544218	1638.78
0.900585034	1677.9
0.90062585	1777.37
0.900639456	1901.43
0.900646259	2055.45
0.900659864	2095.29
0.900680272	2197.7
0.90070068	2297.55
0.900734694	2561.13
0.900755102	2665.77
0.90077551	2796.07
0.900789116	3025.88
0.900809524	3154.68
0.900829932	3212.31
0.900843537	3634.26
0.900863946	4324.46
0.900870748	4563.28
0.900891156	5335.43
0.900911565	6082.81
0.900931973	7084.83
0.900952381	8320.08
0.900972789	9738.6
0.9010068	10784.6
0.9010136	11005.7
0.90104082	11237.6
0.90105442	11399.0
0.90107483	11467.9
0.90111565	11537.4
0.90122449	11467.9
0.9012585	11170.0
0.90129252	11042.0
0.90133333	10820.2
0.90136735	10025.9
0.90140136	9188.51
0.90144218	8393.42
0.90147619	7824.33
0.9015102	7003.69
0.90155102	6493.1
0.90158503	5983.53
0.90161905	5742.37
0.90165986	5277.22
0.90169388	4791.58
0.90172789	4493.73
0.90176871	4239.9
0.90180272	3976.35
0.90183673	3784.81
0.90187075	3457.31
0.90191157	3279.97
0.90194558	3147.77
0.90197959	3014.28
0.90202041	2867.51
0.90205442	2720.42
0.90208843	2612.21
0.90212925	2478.22
0.90216327	2324.17
0.90219728	2160.65
0.90223809	2086.12
0.90227211	1968.28
0.90230612	1867.32
0.90238095	1741.66
0.9024898	1620.9
0.90256463	1547.07
0.90263265	1493.7
0.9027415	1430.35
0.90285034	1384.8
0.90295918	1348.82
0.90306803	1313.77
0.90321088	1287.38
0.90331973	1268.45
0.90342857	1253.92
0.90353742	1239.56
0.90361224	1232.11
0.90372109	1221.34
0.90386395	1214.66
0.90404762	1204.04
0.90419048	1193.52
0.90437415	1186.34
0.90455102	1183.09
0.90484354	1179.21
0.905	1179.21
0.95	1247.06
0.950040816	1251.17
0.950122449	1260.13
0.950251701	1276.83
0.950292517	1294.46
0.950333333	1307.3
0.95037415	1321.0
0.950414966	1356.98
0.950462585	1384.8
0.950503401	1407.78
0.95052381	1436.64
0.950544218	1638.78
0.950585034	1677.9
0.95062585	1777.37
0.950639456	1901.43
0.950646259	2055.45
0.950659864	2095.29
0.950680272	2197.7
0.95070068	2297.55
0.950734694	2561.13
0.950755102	2665.77
0.95077551	2796.07
0.950789116	3025.88
0.950809524	3154.68
0.950829932	3212.31
0.950843537	3634.26
0.950863946	4324.46
0.950870748	4563.28
0.950891156	5335.43
0.950911565	6082.81
0.950931973	7084.83
0.950952381	8320.08
0.950972789	9738.6
0.9510068	10784.6
0.9510136	11005.7
0.95104082	11237.6
0.95105442	11399.0
0.95107483	11467.9
0.95111565	11537.4
0.95122449	11467.9
0.9512585	11170.0
0.95129252	11042.0
0.95133333	10820.2
0.95136735	10025.9
0.95140136	9188.51
0.95144218	8393.42
0.95147619	7824.33
0.9515102	7003.69
0.95155102	6493.1
0.95158503	5983.53
0.95161905	5742.37
0.95165986	5277.22
0.95169388	4791.58
0.95172789	4493.73
0.95176871	4239.9
0.95180272	3976.35
0.95183673	3784.81
0.95187075	3457.31
0.95191157	3279.97
0.95194558	3147.77
0.95197959	3014.28
0.95202041	2867.51
0.95205442	2720.42
0.95208843	2612.21
0.95212925	2478.22
0.95216327	2324.17
0.95219728	2160.65
0.95223809	2086.12
0.95227211	1968.28
0.95230612	1867.32
0.95238095	1741.66
0.9524898	1620.9
0.95256463	1547.07
0.95263265	1493.7
0.9527415	1430.35
0.95285034	1384.8
0.95295918	1348.82
0.95306803	1313.77
0.95321088	1287.38
0.95331973	1268.45
0.95342857	1253.92
0.95353742	1239.56
0.95361224	1232.11
0.95372109	1221.34
0.95386395	1214.66
0.95404762	1204.04
0.95419048	1193.52
0.95437415	1186.34
0.95455102	1183.09
0.95484354	1179.21
0.955	1179.21
