0.0	1247.06
4.0816e-05	1251.17
0.000122449	1260.13
0.000251701	1276.83
0.000292517	1294.46
0.000333333	1307.3
0.00037415	1321.0
0.000414966	1356.98
0.000462585	1384.8
0.000503401	1407.78
0.00052381	1436.64
0.000544218	1638.78
0.000585034	1677.9
0.00062585	1777.37
0.000639456	1901.43
0.000646259	2055.45
0.000659864	2095.29
0.000680272	2197.7
0.00070068	2297.55
0.000734694	2561.13
0.000755102	2665.77
0.00077551	2796.07
0.000789116	3025.88
0.000809524	3154.68
0.000829932	3212.31
0.000843537	3634.26
0.000863946	4324.46
0.000870748	4563.28
0.000891156	5335.43
0.000911565	6082.81
0.000931973	7084.83
0.000952381	8320.08
0.000972789	9738.6
0.0010068	10784.6
0.0010136	11005.7
0.00104082	11237.6
0.00105442	11399.0
0.00107483	11467.9
0.00111565	11537.4
0.00122449	11467.9
0.0012585	11170.0
0.00129252	11042.0
0.00133333	10820.2
0.00136735	10025.9
0.00140136	9188.51
0.00144218	8393.42
0.00147619	7824.33
0.0015102	7003.69
0.00155102	6493.1
0.00158503	5983.53
0.00161905	5742.37
0.00165986	5277.22
0.00169388	4791.58
0.00172789	4493.73
0.00176871	4239.9
0.00180272	3976.35
0.00183673	3784.81
0.00187075	3457.31
0.00191157	3279.97
0.00194558	3147.77
0.00197959	3014.28
0.00202041	2867.51
0.00205442	2720.42
0.00208843	2612.21
0.00212925	2478.22
0.00216327	2324.17
0.00219728	2160.65
0.00223809	2086.12
0.00227211	1968.28
0.00230612	1867.32
0.00238095	1741.66
0.0024898	1620.9
0.00256463	1547.07
0.00263265	1493.7
0.0027415	1430.35
0.00285034	1384.8
0.00295918	1348.82
0.00306803	1313.77
0.00321088	1287.38
0.00331973	1268.45
0.00342857	1253.92
0.00353742	1239.56
0.00361224	1232.11
0.00372109	1221.34
0.00386395	1214.66
0.00404762	1204.04
0.00419048	1193.52
0.00437415	1186.34
0.00455102	1183.09
0.00484354	1179.21
0.005	1179.21
0.01	1247.06
0.010040816	1251.17
0.010122449	1260.13
0.010251701	1276.83
0.010292517	1294.46
0.010333333	1307.3
0.01037415	1321.0
0.010414966	1356.98
0.010462585	1384.8
0.010503401	1407.78
0.01052381	1436.64
0.010544218	1638.78
0.010585034	1677.9
0.01062585	1777.37
0.010639456	1901.43
0.010646259	2055.45
0.010659864	2095.29
0.010680272	2197.7
0.01070068	2297.55
0.010734694	2561.13
0.010755102	2665.77
0.01077551	2796.07
0.010789116	3025.88
0.010809524	3154.68
0.010829932	3212.31
0.010843537	3634.26
0.010863946	4324.46
0.010870748	4563.28
0.010891156	5335.43
0.010911565	6082.81
0.010931973	7084.83
0.010952381	8320.08
0.010972789	9738.6
0.0110068	10784.6
0.0110136	11005.7
0.01104082	11237.6
0.01105442	11399.0
0.01107483	11467.9
0.01111565	11537.4
0.01122449	11467.9
0.0112585	11170.0
0.01129252	11042.0
0.01133333	10820.2
0.01136735	10025.9
0.01140136	9188.51
0.01144218	8393.42
0.01147619	7824.33
0.0115102	7003.69
0.01155102	6493.1
0.01158503	5983.53
0.01161905	5742.37
0.01165986	5277.22
0.01169388	4791.58
0.01172789	4493.73
0.01176871	4239.9
0.01180272	3976.35
0.01183673	3784.81
0.01187075	3457.31
0.01191157	3279.97
0.01194558	3147.77
0.01197959	3014.28
0.01202041	2867.51
0.01205442	2720.42
0.01208843	2612.21
0.01212925	2478.22
0.01216327	2324.17
0.01219728	2160.65
0.01223809	2086.12
0.01227211	1968.28
0.01230612	1867.32
0.01238095	1741.66
0.0124898	1620.9
0.01256463	1547.07
0.01263265	1493.7
0.0127415	1430.35
0.01285034	1384.8
0.01295918	1348.82
0.01306803	1313.77
0.01321088	1287.38
0.01331973	1268.45
0.01342857	1253.92
0.01353742	1239.56
0.01361224	1232.11
0.01372109	1221.34
0.01386395	1214.66
0.01404762	1204.04
0.01419048	1193.52
0.01437415	1186.34
0.01455102	1183.09
0.01484354	1179.21
0.015	1179.21
0.02	1247.06
0.020040816	1251.17
0.020122449	1260.13
0.020251701	1276.83
0.020292517	1294.46
0.020333333	1307.3
0.02037415	1321.0
0.020414966	1356.98
0.020462585	1384.8
0.020503401	1407.78
0.02052381	1436.64
0.020544218	1638.78
0.020585034	1677.9
0.02062585	1777.37
0.020639456	1901.43
0.020646259	2055.45
0.020659864	2095.29
0.020680272	2197.7
0.02070068	2297.55
0.020734694	2561.13
0.020755102	2665.77
0.02077551	2796.07
0.020789116	3025.88
0.020809524	3154.68
0.020829932	3212.31
0.020843537	3634.26
0.020863946	4324.46
0.020870748	4563.28
0.020891156	5335.43
0.020911565	6082.81
0.020931973	7084.83
0.020952381	8320.08
0.020972789	9738.6
0.0210068	10784.6
0.0210136	11005.7
0.02104082	11237.6
0.02105442	11399.0
0.02107483	11467.9
0.02111565	11537.4
0.02122449	11467.9
0.0212585	11170.0
0.02129252	11042.0
0.02133333	10820.2
0.02136735	10025.9
0.02140136	9188.51
0.02144218	8393.42
0.02147619	7824.33
0.0215102	7003.69
0.02155102	6493.1
0.02158503	5983.53
0.02161905	5742.37
0.02165986	5277.22
0.02169388	4791.58
0.02172789	4493.73
0.02176871	4239.9
0.02180272	3976.35
0.02183673	3784.81
0.02187075	3457.31
0.02191157	3279.97
0.02194558	3147.77
0.02197959	3014.28
0.02202041	2867.51
0.02205442	2720.42
0.02208843	2612.21
0.02212925	2478.22
0.02216327	2324.17
0.02219728	2160.65
0.02223809	2086.12
0.02227211	1968.28
0.02230612	1867.32
0.02238095	1741.66
0.0224898	1620.9
0.02256463	1547.07
0.02263265	1493.7
0.0227415	1430.35
0.02285034	1384.8
0.02295918	1348.82
0.02306803	1313.77
0.02321088	1287.38
0.02331973	1268.45
0.02342857	1253.92
0.02353742	1239.56
0.02361224	1232.11
0.02372109	1221.34
0.02386395	1214.66
0.02404762	1204.04
0.02419048	1193.52
0.02437415	1186.34
0.02455102	1183.09
0.02484354	1179.21
0.025	1179.21
0.03	1247.06
0.030040816	1251.17
0.030122449	1260.13
0.030251701	1276.83
0.030292517	1294.46
0.030333333	1307.3
0.03037415	1321.0
0.030414966	1356.98
0.030462585	1384.8
0.030503401	1407.78
0.03052381	1436.64
0.030544218	1638.78
0.030585034	1677.9
0.03062585	1777.37
0.030639456	1901.43
0.030646259	2055.45
0.030659864	2095.29
0.030680272	2197.7
0.03070068	2297.55
0.030734694	2561.13
0.030755102	2665.77
0.03077551	2796.07
0.030789116	3025.88
0.030809524	3154.68
0.030829932	3212.31
0.030843537	3634.26
0.030863946	4324.46
0.030870748	4563.28
0.030891156	5335.43
0.030911565	6082.81
0.030931973	7084.83
0.030952381	8320.08
0.030972789	9738.6
0.0310068	10784.6
0.0310136	11005.7
0.03104082	11237.6
0.03105442	11399.0
0.03107483	11467.9
0.03111565	11537.4
0.03122449	11467.9
0.0312585	11170.0
0.03129252	11042.0
0.03133333	10820.2
0.03136735	10025.9
0.03140136	9188.51
0.03144218	8393.42
0.03147619	7824.33
0.0315102	7003.69
0.03155102	6493.1
0.03158503	5983.53
0.03161905	5742.37
0.03165986	5277.22
0.03169388	4791.58
0.03172789	4493.73
0.03176871	4239.9
0.03180272	3976.35
0.03183673	3784.81
0.03187075	3457.31
0.03191157	3279.97
0.03194558	3147.77
0.03197959	3014.28
0.03202041	2867.51
0.03205442	2720.42
0.03208843	2612.21
0.03212925	2478.22
0.03216327	2324.17
0.03219728	2160.65
0.03223809	2086.12
0.03227211	1968.28
0.03230612	1867.32
0.03238095	1741.66
0.0324898	1620.9
0.03256463	1547.07
0.03263265	1493.7
0.0327415	1430.35
0.03285034	1384.8
0.03295918	1348.82
0.03306803	1313.77
0.03321088	1287.38
0.03331973	1268.45
0.03342857	1253.92
0.03353742	1239.56
0.03361224	1232.11
0.03372109	1221.34
0.03386395	1214.66
0.03404762	1204.04
0.03419048	1193.52
0.03437415	1186.34
0.03455102	1183.09
0.03484354	1179.21
0.035	1179.21
0.04	1247.06
0.040040816	1251.17
0.040122449	1260.13
0.040251701	1276.83
0.040292517	1294.46
0.040333333	1307.3
0.04037415	1321.0
0.040414966	1356.98
0.040462585	1384.8
0.040503401	1407.78
0.04052381	1436.64
0.040544218	1638.78
0.040585034	1677.9
0.04062585	1777.37
0.040639456	1901.43
0.040646259	2055.45
0.040659864	2095.29
0.040680272	2197.7
0.04070068	2297.55
0.040734694	2561.13
0.040755102	2665.77
0.04077551	2796.07
0.040789116	3025.88
0.040809524	3154.68
0.040829932	3212.31
0.040843537	3634.26
0.040863946	4324.46
0.040870748	4563.28
0.040891156	5335.43
0.040911565	6082.81
0.040931973	7084.83
0.040952381	8320.08
0.040972789	9738.6
0.0410068	10784.6
0.0410136	11005.7
0.04104082	11237.6
0.04105442	11399.0
0.04107483	11467.9
0.04111565	11537.4
0.04122449	11467.9
0.0412585	11170.0
0.04129252	11042.0
0.04133333	10820.2
0.04136735	10025.9
0.04140136	9188.51
0.04144218	8393.42
0.04147619	7824.33
0.0415102	7003.69
0.04155102	6493.1
0.04158503	5983.53
0.04161905	5742.37
0.04165986	5277.22
0.04169388	4791.58
0.04172789	4493.73
0.04176871	4239.9
0.04180272	3976.35
0.04183673	3784.81
0.04187075	3457.31
0.04191157	3279.97
0.04194558	3147.77
0.04197959	3014.28
0.04202041	2867.51
0.04205442	2720.42
0.04208843	2612.21
0.04212925	2478.22
0.04216327	2324.17
0.04219728	2160.65
0.04223809	2086.12
0.04227211	1968.28
0.04230612	1867.32
0.04238095	1741.66
0.0424898	1620.9
0.04256463	1547.07
0.04263265	1493.7
0.0427415	1430.35
0.04285034	1384.8
0.04295918	1348.82
0.04306803	1313.77
0.04321088	1287.38
0.04331973	1268.45
0.04342857	1253.92
0.04353742	1239.56
0.04361224	1232.11
0.04372109	1221.34
0.04386395	1214.66
0.04404762	1204.04
0.04419048	1193.52
0.04437415	1186.34
0.04455102	1183.09
0.04484354	1179.21
0.045	1179.21
0.05	1247.06
0.050040816	1251.17
0.050122449	1260.13
0.050251701	1276.83
0.050292517	1294.46
0.050333333	1307.3
0.05037415	1321.0
0.050414966	1356.98
0.050462585	1384.8
0.050503401	1407.78
0.05052381	1436.64
0.050544218	1638.78
0.050585034	1677.9
0.05062585	1777.37
0.050639456	1901.43
0.050646259	2055.45
0.050659864	2095.29
0.050680272	2197.7
0.05070068	2297.55
0.050734694	2561.13
0.050755102	2665.77
0.05077551	2796.07
0.050789116	3025.88
0.050809524	3154.68
0.050829932	3212.31
0.050843537	3634.26
0.050863946	4324.46
0.050870748	4563.28
0.050891156	5335.43
0.050911565	6082.81
0.050931973	7084.83
0.050952381	8320.08
0.050972789	9738.6
0.0510068	10784.6
0.0510136	11005.7
0.05104082	11237.6
0.05105442	11399.0
0.05107483	11467.9
0.05111565	11537.4
0.05122449	11467.9
0.0512585	11170.0
0.05129252	11042.0
0.05133333	10820.2
0.05136735	10025.9
0.05140136	9188.51
0.05144218	8393.42
0.05147619	7824.33
0.0515102	7003.69
0.05155102	6493.1
0.05158503	5983.53
0.05161905	5742.37
0.05165986	5277.22
0.05169388	4791.58
0.05172789	4493.73
0.05176871	4239.9
0.05180272	3976.35
0.05183673	3784.81
0.05187075	3457.31
0.05191157	3279.97
0.05194558	3147.77
0.05197959	3014.28
0.05202041	2867.51
0.05205442	2720.42
0.05208843	2612.21
0.05212925	2478.22
0.05216327	2324.17
0.05219728	2160.65
0.05223809	2086.12
0.05227211	1968.28
0.05230612	1867.32
0.05238095	1741.66
0.0524898	1620.9
0.05256463	1547.07
0.05263265	1493.7
0.0527415	1430.35
0.05285034	1384.8
0.05295918	1348.82
0.05306803	1313.77
0.05321088	1287.38
0.05331973	1268.45
0.05342857	1253.92
0.05353742	1239.56
0.05361224	1232.11
0.05372109	1221.34
0.05386395	1214.66
0.05404762	1204.04
0.05419048	1193.52
0.05437415	1186.34
0.05455102	1183.09
0.05484354	1179.21
0.055	1179.21
0.06	1247.06
0.060040816	1251.17
0.060122449	1260.13
0.060251701	1276.83
0.060292517	1294.46
0.060333333	1307.3
0.06037415	1321.0
0.060414966	1356.98
0.060462585	1384.8
0.060503401	1407.78
0.06052381	1436.64
0.060544218	1638.78
0.060585034	1677.9
0.06062585	1777.37
0.060639456	1901.43
0.060646259	2055.45
0.060659864	2095.29
0.060680272	2197.7
0.06070068	2297.55
0.060734694	2561.13
0.060755102	2665.77
0.06077551	2796.07
0.060789116	3025.88
0.060809524	3154.68
0.060829932	3212.31
0.060843537	3634.26
0.060863946	4324.46
0.060870748	4563.28
0.060891156	5335.43
0.060911565	6082.81
0.060931973	7084.83
0.060952381	8320.08
0.060972789	9738.6
0.0610068	10784.6
0.0610136	11005.7
0.06104082	11237.6
0.06105442	11399.0
0.06107483	11467.9
0.06111565	11537.4
0.06122449	11467.9
0.0612585	11170.0
0.06129252	11042.0
0.06133333	10820.2
0.06136735	10025.9
0.06140136	9188.51
0.06144218	8393.42
0.06147619	7824.33
0.0615102	7003.69
0.06155102	6493.1
0.06158503	5983.53
0.06161905	5742.37
0.06165986	5277.22
0.06169388	4791.58
0.06172789	4493.73
0.06176871	4239.9
0.06180272	3976.35
0.06183673	3784.81
0.06187075	3457.31
0.06191157	3279.97
0.06194558	3147.77
0.06197959	3014.28
0.06202041	2867.51
0.06205442	2720.42
0.06208843	2612.21
0.06212925	2478.22
0.06216327	2324.17
0.06219728	2160.65
0.06223809	2086.12
0.06227211	1968.28
0.06230612	1867.32
0.06238095	1741.66
0.0624898	1620.9
0.06256463	1547.07
0.06263265	1493.7
0.0627415	1430.35
0.06285034	1384.8
0.06295918	1348.82
0.06306803	1313.77
0.06321088	1287.38
0.06331973	1268.45
0.06342857	1253.92
0.06353742	1239.56
0.06361224	1232.11
0.06372109	1221.34
0.06386395	1214.66
0.06404762	1204.04
0.06419048	1193.52
0.06437415	1186.34
0.06455102	1183.09
0.06484354	1179.21
0.065	1179.21
0.07	1247.06
0.070040816	1251.17
0.070122449	1260.13
0.070251701	1276.83
0.070292517	1294.46
0.070333333	1307.3
0.07037415	1321.0
0.070414966	1356.98
0.070462585	1384.8
0.070503401	1407.78
0.07052381	1436.64
0.070544218	1638.78
0.070585034	1677.9
0.07062585	1777.37
0.070639456	1901.43
0.070646259	2055.45
0.070659864	2095.29
0.070680272	2197.7
0.07070068	2297.55
0.070734694	2561.13
0.070755102	2665.77
0.07077551	2796.07
0.070789116	3025.88
0.070809524	3154.68
0.070829932	3212.31
0.070843537	3634.26
0.070863946	4324.46
0.070870748	4563.28
0.070891156	5335.43
0.070911565	6082.81
0.070931973	7084.83
0.070952381	8320.08
0.070972789	9738.6
0.0710068	10784.6
0.0710136	11005.7
0.07104082	11237.6
0.07105442	11399.0
0.07107483	11467.9
0.07111565	11537.4
0.07122449	11467.9
0.0712585	11170.0
0.07129252	11042.0
0.07133333	10820.2
0.07136735	10025.9
0.07140136	9188.51
0.07144218	8393.42
0.07147619	7824.33
0.0715102	7003.69
0.07155102	6493.1
0.07158503	5983.53
0.07161905	5742.37
0.07165986	5277.22
0.07169388	4791.58
0.07172789	4493.73
0.07176871	4239.9
0.07180272	3976.35
0.07183673	3784.81
0.07187075	3457.31
0.07191157	3279.97
0.07194558	3147.77
0.07197959	3014.28
0.07202041	2867.51
0.07205442	2720.42
0.07208843	2612.21
0.07212925	2478.22
0.07216327	2324.17
0.07219728	2160.65
0.07223809	2086.12
0.07227211	1968.28
0.07230612	1867.32
0.07238095	1741.66
0.0724898	1620.9
0.07256463	1547.07
0.07263265	1493.7
0.0727415	1430.35
0.07285034	1384.8
0.07295918	1348.82
0.07306803	1313.77
0.07321088	1287.38
0.07331973	1268.45
0.07342857	1253.92
0.07353742	1239.56
0.07361224	1232.11
0.07372109	1221.34
0.07386395	1214.66
0.07404762	1204.04
0.07419048	1193.52
0.07437415	1186.34
0.07455102	1183.09
0.07484354	1179.21
0.075	1179.21
0.08	1247.06
0.080040816	1251.17
0.080122449	1260.13
0.080251701	1276.83
0.080292517	1294.46
0.080333333	1307.3
0.08037415	1321.0
0.080414966	1356.98
0.080462585	1384.8
0.080503401	1407.78
0.08052381	1436.64
0.080544218	1638.78
0.080585034	1677.9
0.08062585	1777.37
0.080639456	1901.43
0.080646259	2055.45
0.080659864	2095.29
0.080680272	2197.7
0.08070068	2297.55
0.080734694	2561.13
0.080755102	2665.77
0.08077551	2796.07
0.080789116	3025.88
0.080809524	3154.68
0.080829932	3212.31
0.080843537	3634.26
0.080863946	4324.46
0.080870748	4563.28
0.080891156	5335.43
0.080911565	6082.81
0.080931973	7084.83
0.080952381	8320.08
0.080972789	9738.6
0.0810068	10784.6
0.0810136	11005.7
0.08104082	11237.6
0.08105442	11399.0
0.08107483	11467.9
0.08111565	11537.4
0.08122449	11467.9
0.0812585	11170.0
0.08129252	11042.0
0.08133333	10820.2
0.08136735	10025.9
0.08140136	9188.51
0.08144218	8393.42
0.08147619	7824.33
0.0815102	7003.69
0.08155102	6493.1
0.08158503	5983.53
0.08161905	5742.37
0.08165986	5277.22
0.08169388	4791.58
0.08172789	4493.73
0.08176871	4239.9
0.08180272	3976.35
0.08183673	3784.81
0.08187075	3457.31
0.08191157	3279.97
0.08194558	3147.77
0.08197959	3014.28
0.08202041	2867.51
0.08205442	2720.42
0.08208843	2612.21
0.08212925	2478.22
0.08216327	2324.17
0.08219728	2160.65
0.08223809	2086.12
0.08227211	1968.28
0.08230612	1867.32
0.08238095	1741.66
0.0824898	1620.9
0.08256463	1547.07
0.08263265	1493.7
0.0827415	1430.35
0.08285034	1384.8
0.08295918	1348.82
0.08306803	1313.77
0.08321088	1287.38
0.08331973	1268.45
0.08342857	1253.92
0.08353742	1239.56
0.08361224	1232.11
0.08372109	1221.34
0.08386395	1214.66
0.08404762	1204.04
0.08419048	1193.52
0.08437415	1186.34
0.08455102	1183.09
0.08484354	1179.21
0.085	1179.21
0.09	1247.06
0.090040816	1251.17
0.090122449	1260.13
0.090251701	1276.83
0.090292517	1294.46
0.090333333	1307.3
0.09037415	1321.0
0.090414966	1356.98
0.090462585	1384.8
0.090503401	1407.78
0.09052381	1436.64
0.090544218	1638.78
0.090585034	1677.9
0.09062585	1777.37
0.090639456	1901.43
0.090646259	2055.45
0.090659864	2095.29
0.090680272	2197.7
0.09070068	2297.55
0.090734694	2561.13
0.090755102	2665.77
0.09077551	2796.07
0.090789116	3025.88
0.090809524	3154.68
0.090829932	3212.31
0.090843537	3634.26
0.090863946	4324.46
0.090870748	4563.28
0.090891156	5335.43
0.090911565	6082.81
0.090931973	7084.83
0.090952381	8320.08
0.090972789	9738.6
0.0910068	10784.6
0.0910136	11005.7
0.09104082	11237.6
0.09105442	11399.0
0.09107483	11467.9
0.09111565	11537.4
0.09122449	11467.9
0.0912585	11170.0
0.09129252	11042.0
0.09133333	10820.2
0.09136735	10025.9
0.09140136	9188.51
0.09144218	8393.42
0.09147619	7824.33
0.0915102	7003.69
0.09155102	6493.1
0.09158503	5983.53
0.09161905	5742.37
0.09165986	5277.22
0.09169388	4791.58
0.09172789	4493.73
0.09176871	4239.9
0.09180272	3976.35
0.09183673	3784.81
0.09187075	3457.31
0.09191157	3279.97
0.09194558	3147.77
0.09197959	3014.28
0.09202041	2867.51
0.09205442	2720.42
0.09208843	2612.21
0.09212925	2478.22
0.09216327	2324.17
0.09219728	2160.65
0.09223809	2086.12
0.09227211	1968.28
0.09230612	1867.32
0.09238095	1741.66
0.0924898	1620.9
0.09256463	1547.07
0.09263265	1493.7
0.0927415	1430.35
0.09285034	1384.8
0.09295918	1348.82
0.09306803	1313.77
0.09321088	1287.38
0.09331973	1268.45
0.09342857	1253.92
0.09353742	1239.56
0.09361224	1232.11
0.09372109	1221.34
0.09386395	1214.66
0.09404762	1204.04
0.09419048	1193.52
0.09437415	1186.34
0.09455102	1183.09
0.09484354	1179.21
0.095	1179.21
0.1	1247.06
0.100040816	1251.17
0.100122449	1260.13
0.100251701	1276.83
0.100292517	1294.46
0.100333333	1307.3
0.10037415	1321.0
0.100414966	1356.98
0.100462585	1384.8
0.100503401	1407.78
0.10052381	1436.64
0.100544218	1638.78
0.100585034	1677.9
0.10062585	1777.37
0.100639456	1901.43
0.100646259	2055.45
0.100659864	2095.29
0.100680272	2197.7
0.10070068	2297.55
0.100734694	2561.13
0.100755102	2665.77
0.10077551	2796.07
0.100789116	3025.88
0.100809524	3154.68
0.100829932	3212.31
0.100843537	3634.26
0.100863946	4324.46
0.100870748	4563.28
0.100891156	5335.43
0.100911565	6082.81
0.100931973	7084.83
0.100952381	8320.08
0.100972789	9738.6
0.1010068	10784.6
0.1010136	11005.7
0.10104082	11237.6
0.10105442	11399.0
0.10107483	11467.9
0.10111565	11537.4
0.10122449	11467.9
0.1012585	11170.0
0.10129252	11042.0
0.10133333	10820.2
0.10136735	10025.9
0.10140136	9188.51
0.10144218	8393.42
0.10147619	7824.33
0.1015102	7003.69
0.10155102	6493.1
0.10158503	5983.53
0.10161905	5742.37
0.10165986	5277.22
0.10169388	4791.58
0.10172789	4493.73
0.10176871	4239.9
0.10180272	3976.35
0.10183673	3784.81
0.10187075	3457.31
0.10191157	3279.97
0.10194558	3147.77
0.10197959	3014.28
0.10202041	2867.51
0.10205442	2720.42
0.10208843	2612.21
0.10212925	2478.22
0.10216327	2324.17
0.10219728	2160.65
0.10223809	2086.12
0.10227211	1968.28
0.10230612	1867.32
0.10238095	1741.66
0.1024898	1620.9
0.10256463	1547.07
0.10263265	1493.7
0.1027415	1430.35
0.10285034	1384.8
0.10295918	1348.82
0.10306803	1313.77
0.10321088	1287.38
0.10331973	1268.45
0.10342857	1253.92
0.10353742	1239.56
0.10361224	1232.11
0.10372109	1221.34
0.10386395	1214.66
0.10404762	1204.04
0.10419048	1193.52
0.10437415	1186.34
0.10455102	1183.09
0.10484354	1179.21
0.105	1179.21
0.11	1247.06
0.110040816	1251.17
0.110122449	1260.13
0.110251701	1276.83
0.110292517	1294.46
0.110333333	1307.3
0.11037415	1321.0
0.110414966	1356.98
0.110462585	1384.8
0.110503401	1407.78
0.11052381	1436.64
0.110544218	1638.78
0.110585034	1677.9
0.11062585	1777.37
0.110639456	1901.43
0.110646259	2055.45
0.110659864	2095.29
0.110680272	2197.7
0.11070068	2297.55
0.110734694	2561.13
0.110755102	2665.77
0.11077551	2796.07
0.110789116	3025.88
0.110809524	3154.68
0.110829932	3212.31
0.110843537	3634.26
0.110863946	4324.46
0.110870748	4563.28
0.110891156	5335.43
0.110911565	6082.81
0.110931973	7084.83
0.110952381	8320.08
0.110972789	9738.6
0.1110068	10784.6
0.1110136	11005.7
0.11104082	11237.6
0.11105442	11399.0
0.11107483	11467.9
0.11111565	11537.4
0.11122449	11467.9
0.1112585	11170.0
0.11129252	11042.0
0.11133333	10820.2
0.11136735	10025.9
0.11140136	9188.51
0.11144218	8393.42
0.11147619	7824.33
0.1115102	7003.69
0.11155102	6493.1
0.11158503	5983.53
0.11161905	5742.37
0.11165986	5277.22
0.11169388	4791.58
0.11172789	4493.73
0.11176871	4239.9
0.11180272	3976.35
0.11183673	3784.81
0.11187075	3457.31
0.11191157	3279.97
0.11194558	3147.77
0.11197959	3014.28
0.11202041	2867.51
0.11205442	2720.42
0.11208843	2612.21
0.11212925	2478.22
0.11216327	2324.17
0.11219728	2160.65
0.11223809	2086.12
0.11227211	1968.28
0.11230612	1867.32
0.11238095	1741.66
0.1124898	1620.9
0.11256463	1547.07
0.11263265	1493.7
0.1127415	1430.35
0.11285034	1384.8
0.11295918	1348.82
0.11306803	1313.77
0.11321088	1287.38
0.11331973	1268.45
0.11342857	1253.92
0.11353742	1239.56
0.11361224	1232.11
0.11372109	1221.34
0.11386395	1214.66
0.11404762	1204.04
0.11419048	1193.52
0.11437415	1186.34
0.11455102	1183.09
0.11484354	1179.21
0.115	1179.21
0.12	1247.06
0.120040816	1251.17
0.120122449	1260.13
0.120251701	1276.83
0.120292517	1294.46
0.120333333	1307.3
0.12037415	1321.0
0.120414966	1356.98
0.120462585	1384.8
0.120503401	1407.78
0.12052381	1436.64
0.120544218	1638.78
0.120585034	1677.9
0.12062585	1777.37
0.120639456	1901.43
0.120646259	2055.45
0.120659864	2095.29
0.120680272	2197.7
0.12070068	2297.55
0.120734694	2561.13
0.120755102	2665.77
0.12077551	2796.07
0.120789116	3025.88
0.120809524	3154.68
0.120829932	3212.31
0.120843537	3634.26
0.120863946	4324.46
0.120870748	4563.28
0.120891156	5335.43
0.120911565	6082.81
0.120931973	7084.83
0.120952381	8320.08
0.120972789	9738.6
0.1210068	10784.6
0.1210136	11005.7
0.12104082	11237.6
0.12105442	11399.0
0.12107483	11467.9
0.12111565	11537.4
0.12122449	11467.9
0.1212585	11170.0
0.12129252	11042.0
0.12133333	10820.2
0.12136735	10025.9
0.12140136	9188.51
0.12144218	8393.42
0.12147619	7824.33
0.1215102	7003.69
0.12155102	6493.1
0.12158503	5983.53
0.12161905	5742.37
0.12165986	5277.22
0.12169388	4791.58
0.12172789	4493.73
0.12176871	4239.9
0.12180272	3976.35
0.12183673	3784.81
0.12187075	3457.31
0.12191157	3279.97
0.12194558	3147.77
0.12197959	3014.28
0.12202041	2867.51
0.12205442	2720.42
0.12208843	2612.21
0.12212925	2478.22
0.12216327	2324.17
0.12219728	2160.65
0.12223809	2086.12
0.12227211	1968.28
0.12230612	1867.32
0.12238095	1741.66
0.1224898	1620.9
0.12256463	1547.07
0.12263265	1493.7
0.1227415	1430.35
0.12285034	1384.8
0.12295918	1348.82
0.12306803	1313.77
0.12321088	1287.38
0.12331973	1268.45
0.12342857	1253.92
0.12353742	1239.56
0.12361224	1232.11
0.12372109	1221.34
0.12386395	1214.66
0.12404762	1204.04
0.12419048	1193.52
0.12437415	1186.34
0.12455102	1183.09
0.12484354	1179.21
0.125	1179.21
0.13	1247.06
0.130040816	1251.17
0.130122449	1260.13
0.130251701	1276.83
0.130292517	1294.46
0.130333333	1307.3
0.13037415	1321.0
0.130414966	1356.98
0.130462585	1384.8
0.130503401	1407.78
0.13052381	1436.64
0.130544218	1638.78
0.130585034	1677.9
0.13062585	1777.37
0.130639456	1901.43
0.130646259	2055.45
0.130659864	2095.29
0.130680272	2197.7
0.13070068	2297.55
0.130734694	2561.13
0.130755102	2665.77
0.13077551	2796.07
0.130789116	3025.88
0.130809524	3154.68
0.130829932	3212.31
0.130843537	3634.26
0.130863946	4324.46
0.130870748	4563.28
0.130891156	5335.43
0.130911565	6082.81
0.130931973	7084.83
0.130952381	8320.08
0.130972789	9738.6
0.1310068	10784.6
0.1310136	11005.7
0.13104082	11237.6
0.13105442	11399.0
0.13107483	11467.9
0.13111565	11537.4
0.13122449	11467.9
0.1312585	11170.0
0.13129252	11042.0
0.13133333	10820.2
0.13136735	10025.9
0.13140136	9188.51
0.13144218	8393.42
0.13147619	7824.33
0.1315102	7003.69
0.13155102	6493.1
0.13158503	5983.53
0.13161905	5742.37
0.13165986	5277.22
0.13169388	4791.58
0.13172789	4493.73
0.13176871	4239.9
0.13180272	3976.35
0.13183673	3784.81
0.13187075	3457.31
0.13191157	3279.97
0.13194558	3147.77
0.13197959	3014.28
0.13202041	2867.51
0.13205442	2720.42
0.13208843	2612.21
0.13212925	2478.22
0.13216327	2324.17
0.13219728	2160.65
0.13223809	2086.12
0.13227211	1968.28
0.13230612	1867.32
0.13238095	1741.66
0.1324898	1620.9
0.13256463	1547.07
0.13263265	1493.7
0.1327415	1430.35
0.13285034	1384.8
0.13295918	1348.82
0.13306803	1313.77
0.13321088	1287.38
0.13331973	1268.45
0.13342857	1253.92
0.13353742	1239.56
0.13361224	1232.11
0.13372109	1221.34
0.13386395	1214.66
0.13404762	1204.04
0.13419048	1193.52
0.13437415	1186.34
0.13455102	1183.09
0.13484354	1179.21
0.135	1179.21
0.14	1247.06
0.140040816	1251.17
0.140122449	1260.13
0.140251701	1276.83
0.140292517	1294.46
0.140333333	1307.3
0.14037415	1321.0
0.140414966	1356.98
0.140462585	1384.8
0.140503401	1407.78
0.14052381	1436.64
0.140544218	1638.78
0.140585034	1677.9
0.14062585	1777.37
0.140639456	1901.43
0.140646259	2055.45
0.140659864	2095.29
0.140680272	2197.7
0.14070068	2297.55
0.140734694	2561.13
0.140755102	2665.77
0.14077551	2796.07
0.140789116	3025.88
0.140809524	3154.68
0.140829932	3212.31
0.140843537	3634.26
0.140863946	4324.46
0.140870748	4563.28
0.140891156	5335.43
0.140911565	6082.81
0.140931973	7084.83
0.140952381	8320.08
0.140972789	9738.6
0.1410068	10784.6
0.1410136	11005.7
0.14104082	11237.6
0.14105442	11399.0
0.14107483	11467.9
0.14111565	11537.4
0.14122449	11467.9
0.1412585	11170.0
0.14129252	11042.0
0.14133333	10820.2
0.14136735	10025.9
0.14140136	9188.51
0.14144218	8393.42
0.14147619	7824.33
0.1415102	7003.69
0.14155102	6493.1
0.14158503	5983.53
0.14161905	5742.37
0.14165986	5277.22
0.14169388	4791.58
0.14172789	4493.73
0.14176871	4239.9
0.14180272	3976.35
0.14183673	3784.81
0.14187075	3457.31
0.14191157	3279.97
0.14194558	3147.77
0.14197959	3014.28
0.14202041	2867.51
0.14205442	2720.42
0.14208843	2612.21
0.14212925	2478.22
0.14216327	2324.17
0.14219728	2160.65
0.14223809	2086.12
0.14227211	1968.28
0.14230612	1867.32
0.14238095	1741.66
0.1424898	1620.9
0.14256463	1547.07
0.14263265	1493.7
0.1427415	1430.35
0.14285034	1384.8
0.14295918	1348.82
0.14306803	1313.77
0.14321088	1287.38
0.14331973	1268.45
0.14342857	1253.92
0.14353742	1239.56
0.14361224	1232.11
0.14372109	1221.34
0.14386395	1214.66
0.14404762	1204.04
0.14419048	1193.52
0.14437415	1186.34
0.14455102	1183.09
0.14484354	1179.21
0.145	1179.21
0.15	1247.06
0.150040816	1251.17
0.150122449	1260.13
0.150251701	1276.83
0.150292517	1294.46
0.150333333	1307.3
0.15037415	1321.0
0.150414966	1356.98
0.150462585	1384.8
0.150503401	1407.78
0.15052381	1436.64
0.150544218	1638.78
0.150585034	1677.9
0.15062585	1777.37
0.150639456	1901.43
0.150646259	2055.45
0.150659864	2095.29
0.150680272	2197.7
0.15070068	2297.55
0.150734694	2561.13
0.150755102	2665.77
0.15077551	2796.07
0.150789116	3025.88
0.150809524	3154.68
0.150829932	3212.31
0.150843537	3634.26
0.150863946	4324.46
0.150870748	4563.28
0.150891156	5335.43
0.150911565	6082.81
0.150931973	7084.83
0.150952381	8320.08
0.150972789	9738.6
0.1510068	10784.6
0.1510136	11005.7
0.15104082	11237.6
0.15105442	11399.0
0.15107483	11467.9
0.15111565	11537.4
0.15122449	11467.9
0.1512585	11170.0
0.15129252	11042.0
0.15133333	10820.2
0.15136735	10025.9
0.15140136	9188.51
0.15144218	8393.42
0.15147619	7824.33
0.1515102	7003.69
0.15155102	6493.1
0.15158503	5983.53
0.15161905	5742.37
0.15165986	5277.22
0.15169388	4791.58
0.15172789	4493.73
0.15176871	4239.9
0.15180272	3976.35
0.15183673	3784.81
0.15187075	3457.31
0.15191157	3279.97
0.15194558	3147.77
0.15197959	3014.28
0.15202041	2867.51
0.15205442	2720.42
0.15208843	2612.21
0.15212925	2478.22
0.15216327	2324.17
0.15219728	2160.65
0.15223809	2086.12
0.15227211	1968.28
0.15230612	1867.32
0.15238095	1741.66
0.1524898	1620.9
0.15256463	1547.07
0.15263265	1493.7
0.1527415	1430.35
0.15285034	1384.8
0.15295918	1348.82
0.15306803	1313.77
0.15321088	1287.38
0.15331973	1268.45
0.15342857	1253.92
0.15353742	1239.56
0.15361224	1232.11
0.15372109	1221.34
0.15386395	1214.66
0.15404762	1204.04
0.15419048	1193.52
0.15437415	1186.34
0.15455102	1183.09
0.15484354	1179.21
0.155	1179.21
0.16	1247.06
0.160040816	1251.17
0.160122449	1260.13
0.160251701	1276.83
0.160292517	1294.46
0.160333333	1307.3
0.16037415	1321.0
0.160414966	1356.98
0.160462585	1384.8
0.160503401	1407.78
0.16052381	1436.64
0.160544218	1638.78
0.160585034	1677.9
0.16062585	1777.37
0.160639456	1901.43
0.160646259	2055.45
0.160659864	2095.29
0.160680272	2197.7
0.16070068	2297.55
0.160734694	2561.13
0.160755102	2665.77
0.16077551	2796.07
0.160789116	3025.88
0.160809524	3154.68
0.160829932	3212.31
0.160843537	3634.26
0.160863946	4324.46
0.160870748	4563.28
0.160891156	5335.43
0.160911565	6082.81
0.160931973	7084.83
0.160952381	8320.08
0.160972789	9738.6
0.1610068	10784.6
0.1610136	11005.7
0.16104082	11237.6
0.16105442	11399.0
0.16107483	11467.9
0.16111565	11537.4
0.16122449	11467.9
0.1612585	11170.0
0.16129252	11042.0
0.16133333	10820.2
0.16136735	10025.9
0.16140136	9188.51
0.16144218	8393.42
0.16147619	7824.33
0.1615102	7003.69
0.16155102	6493.1
0.16158503	5983.53
0.16161905	5742.37
0.16165986	5277.22
0.16169388	4791.58
0.16172789	4493.73
0.16176871	4239.9
0.16180272	3976.35
0.16183673	3784.81
0.16187075	3457.31
0.16191157	3279.97
0.16194558	3147.77
0.16197959	3014.28
0.16202041	2867.51
0.16205442	2720.42
0.16208843	2612.21
0.16212925	2478.22
0.16216327	2324.17
0.16219728	2160.65
0.16223809	2086.12
0.16227211	1968.28
0.16230612	1867.32
0.16238095	1741.66
0.1624898	1620.9
0.16256463	1547.07
0.16263265	1493.7
0.1627415	1430.35
0.16285034	1384.8
0.16295918	1348.82
0.16306803	1313.77
0.16321088	1287.38
0.16331973	1268.45
0.16342857	1253.92
0.16353742	1239.56
0.16361224	1232.11
0.16372109	1221.34
0.16386395	1214.66
0.16404762	1204.04
0.16419048	1193.52
0.16437415	1186.34
0.16455102	1183.09
0.16484354	1179.21
0.165	1179.21
0.17	1247.06
0.170040816	1251.17
0.170122449	1260.13
0.170251701	1276.83
0.170292517	1294.46
0.170333333	1307.3
0.17037415	1321.0
0.170414966	1356.98
0.170462585	1384.8
0.170503401	1407.78
0.17052381	1436.64
0.170544218	1638.78
0.170585034	1677.9
0.17062585	1777.37
0.170639456	1901.43
0.170646259	2055.45
0.170659864	2095.29
0.170680272	2197.7
0.17070068	2297.55
0.170734694	2561.13
0.170755102	2665.77
0.17077551	2796.07
0.170789116	3025.88
0.170809524	3154.68
0.170829932	3212.31
0.170843537	3634.26
0.170863946	4324.46
0.170870748	4563.28
0.170891156	5335.43
0.170911565	6082.81
0.170931973	7084.83
0.170952381	8320.08
0.170972789	9738.6
0.1710068	10784.6
0.1710136	11005.7
0.17104082	11237.6
0.17105442	11399.0
0.17107483	11467.9
0.17111565	11537.4
0.17122449	11467.9
0.1712585	11170.0
0.17129252	11042.0
0.17133333	10820.2
0.17136735	10025.9
0.17140136	9188.51
0.17144218	8393.42
0.17147619	7824.33
0.1715102	7003.69
0.17155102	6493.1
0.17158503	5983.53
0.17161905	5742.37
0.17165986	5277.22
0.17169388	4791.58
0.17172789	4493.73
0.17176871	4239.9
0.17180272	3976.35
0.17183673	3784.81
0.17187075	3457.31
0.17191157	3279.97
0.17194558	3147.77
0.17197959	3014.28
0.17202041	2867.51
0.17205442	2720.42
0.17208843	2612.21
0.17212925	2478.22
0.17216327	2324.17
0.17219728	2160.65
0.17223809	2086.12
0.17227211	1968.28
0.17230612	1867.32
0.17238095	1741.66
0.1724898	1620.9
0.17256463	1547.07
0.17263265	1493.7
0.1727415	1430.35
0.17285034	1384.8
0.17295918	1348.82
0.17306803	1313.77
0.17321088	1287.38
0.17331973	1268.45
0.17342857	1253.92
0.17353742	1239.56
0.17361224	1232.11
0.17372109	1221.34
0.17386395	1214.66
0.17404762	1204.04
0.17419048	1193.52
0.17437415	1186.34
0.17455102	1183.09
0.17484354	1179.21
0.175	1179.21
0.18	1247.06
0.180040816	1251.17
0.180122449	1260.13
0.180251701	1276.83
0.180292517	1294.46
0.180333333	1307.3
0.18037415	1321.0
0.180414966	1356.98
0.180462585	1384.8
0.180503401	1407.78
0.18052381	1436.64
0.180544218	1638.78
0.180585034	1677.9
0.18062585	1777.37
0.180639456	1901.43
0.180646259	2055.45
0.180659864	2095.29
0.180680272	2197.7
0.18070068	2297.55
0.180734694	2561.13
0.180755102	2665.77
0.18077551	2796.07
0.180789116	3025.88
0.180809524	3154.68
0.180829932	3212.31
0.180843537	3634.26
0.180863946	4324.46
0.180870748	4563.28
0.180891156	5335.43
0.180911565	6082.81
0.180931973	7084.83
0.180952381	8320.08
0.180972789	9738.6
0.1810068	10784.6
0.1810136	11005.7
0.18104082	11237.6
0.18105442	11399.0
0.18107483	11467.9
0.18111565	11537.4
0.18122449	11467.9
0.1812585	11170.0
0.18129252	11042.0
0.18133333	10820.2
0.18136735	10025.9
0.18140136	9188.51
0.18144218	8393.42
0.18147619	7824.33
0.1815102	7003.69
0.18155102	6493.1
0.18158503	5983.53
0.18161905	5742.37
0.18165986	5277.22
0.18169388	4791.58
0.18172789	4493.73
0.18176871	4239.9
0.18180272	3976.35
0.18183673	3784.81
0.18187075	3457.31
0.18191157	3279.97
0.18194558	3147.77
0.18197959	3014.28
0.18202041	2867.51
0.18205442	2720.42
0.18208843	2612.21
0.18212925	2478.22
0.18216327	2324.17
0.18219728	2160.65
0.18223809	2086.12
0.18227211	1968.28
0.18230612	1867.32
0.18238095	1741.66
0.1824898	1620.9
0.18256463	1547.07
0.18263265	1493.7
0.1827415	1430.35
0.18285034	1384.8
0.18295918	1348.82
0.18306803	1313.77
0.18321088	1287.38
0.18331973	1268.45
0.18342857	1253.92
0.18353742	1239.56
0.18361224	1232.11
0.18372109	1221.34
0.18386395	1214.66
0.18404762	1204.04
0.18419048	1193.52
0.18437415	1186.34
0.18455102	1183.09
0.18484354	1179.21
0.185	1179.21
0.19	1247.06
0.190040816	1251.17
0.190122449	1260.13
0.190251701	1276.83
0.190292517	1294.46
0.190333333	1307.3
0.19037415	1321.0
0.190414966	1356.98
0.190462585	1384.8
0.190503401	1407.78
0.19052381	1436.64
0.190544218	1638.78
0.190585034	1677.9
0.19062585	1777.37
0.190639456	1901.43
0.190646259	2055.45
0.190659864	2095.29
0.190680272	2197.7
0.19070068	2297.55
0.190734694	2561.13
0.190755102	2665.77
0.19077551	2796.07
0.190789116	3025.88
0.190809524	3154.68
0.190829932	3212.31
0.190843537	3634.26
0.190863946	4324.46
0.190870748	4563.28
0.190891156	5335.43
0.190911565	6082.81
0.190931973	7084.83
0.190952381	8320.08
0.190972789	9738.6
0.1910068	10784.6
0.1910136	11005.7
0.19104082	11237.6
0.19105442	11399.0
0.19107483	11467.9
0.19111565	11537.4
0.19122449	11467.9
0.1912585	11170.0
0.19129252	11042.0
0.19133333	10820.2
0.19136735	10025.9
0.19140136	9188.51
0.19144218	8393.42
0.19147619	7824.33
0.1915102	7003.69
0.19155102	6493.1
0.19158503	5983.53
0.19161905	5742.37
0.19165986	5277.22
0.19169388	4791.58
0.19172789	4493.73
0.19176871	4239.9
0.19180272	3976.35
0.19183673	3784.81
0.19187075	3457.31
0.19191157	3279.97
0.19194558	3147.77
0.19197959	3014.28
0.19202041	2867.51
0.19205442	2720.42
0.19208843	2612.21
0.19212925	2478.22
0.19216327	2324.17
0.19219728	2160.65
0.19223809	2086.12
0.19227211	1968.28
0.19230612	1867.32
0.19238095	1741.66
0.1924898	1620.9
0.19256463	1547.07
0.19263265	1493.7
0.1927415	1430.35
0.19285034	1384.8
0.19295918	1348.82
0.19306803	1313.77
0.19321088	1287.38
0.19331973	1268.45
0.19342857	1253.92
0.19353742	1239.56
0.19361224	1232.11
0.19372109	1221.34
0.19386395	1214.66
0.19404762	1204.04
0.19419048	1193.52
0.19437415	1186.34
0.19455102	1183.09
0.19484354	1179.21
0.195	1179.21
5.19	1247.06
5.190040816	1251.17
5.190122449	1260.13
5.190251701	1276.83
5.190292517	1294.46
5.190333333	1307.3
5.19037415	1321.0
5.190414966	1356.98
5.190462585	1384.8
5.190503401	1407.78
5.19052381	1436.64
5.190544218	1638.78
5.190585034	1677.9
5.19062585	1777.37
5.190639456	1901.43
5.190646259	2055.45
5.190659864	2095.29
5.190680272	2197.7
5.19070068	2297.55
5.190734694	2561.13
5.190755102	2665.77
5.19077551	2796.07
5.190789116	3025.88
5.190809524	3154.68
5.190829932	3212.31
5.190843537	3634.26
5.190863946	4324.46
5.190870748	4563.28
5.190891156	5335.43
5.190911565	6082.81
5.190931973	7084.83
5.190952381	8320.08
5.190972789	9738.6
5.1910068	10784.6
5.1910136	11005.7
5.19104082	11237.6
5.19105442	11399.0
5.19107483	11467.9
5.19111565	11537.4
5.19122449	11467.9
5.1912585	11170.0
5.19129252	11042.0
5.19133333	10820.2
5.19136735	10025.9
5.19140136	9188.51
5.19144218	8393.42
5.19147619	7824.33
5.1915102	7003.69
5.19155102	6493.1
5.19158503	5983.53
5.19161905	5742.37
5.19165986	5277.22
5.19169388	4791.58
5.19172789	4493.73
5.19176871	4239.9
5.19180272	3976.35
5.19183673	3784.81
5.19187075	3457.31
5.19191157	3279.97
5.19194558	3147.77
5.19197959	3014.28
5.19202041	2867.51
5.19205442	2720.42
5.19208843	2612.21
5.19212925	2478.22
5.19216327	2324.17
5.19219728	2160.65
5.19223809	2086.12
5.19227211	1968.28
5.19230612	1867.32
5.19238095	1741.66
5.1924898	1620.9
5.19256463	1547.07
5.19263265	1493.7
5.1927415	1430.35
5.19285034	1384.8
5.19295918	1348.82
5.19306803	1313.77
5.19321088	1287.38
5.19331973	1268.45
5.19342857	1253.92
5.19353742	1239.56
5.19361224	1232.11
5.19372109	1221.34
5.19386395	1214.66
5.19404762	1204.04
5.19419048	1193.52
5.19437415	1186.34
5.19455102	1183.09
5.19484354	1179.21
5.195	1179.21
5.2	1247.06
5.200040816	1251.17
5.200122449	1260.13
5.200251701	1276.83
5.200292517	1294.46
5.200333333	1307.3
5.20037415	1321.0
5.200414966	1356.98
5.200462585	1384.8
5.200503401	1407.78
5.20052381	1436.64
5.200544218	1638.78
5.200585034	1677.9
5.20062585	1777.37
5.200639456	1901.43
5.200646259	2055.45
5.200659864	2095.29
5.200680272	2197.7
5.20070068	2297.55
5.200734694	2561.13
5.200755102	2665.77
5.20077551	2796.07
5.200789116	3025.88
5.200809524	3154.68
5.200829932	3212.31
5.200843537	3634.26
5.200863946	4324.46
5.200870748	4563.28
5.200891156	5335.43
5.200911565	6082.81
5.200931973	7084.83
5.200952381	8320.08
5.200972789	9738.6
5.2010068	10784.6
5.2010136	11005.7
5.20104082	11237.6
5.20105442	11399.0
5.20107483	11467.9
5.20111565	11537.4
5.20122449	11467.9
5.2012585	11170.0
5.20129252	11042.0
5.20133333	10820.2
5.20136735	10025.9
5.20140136	9188.51
5.20144218	8393.42
5.20147619	7824.33
5.2015102	7003.69
5.20155102	6493.1
5.20158503	5983.53
5.20161905	5742.37
5.20165986	5277.22
5.20169388	4791.58
5.20172789	4493.73
5.20176871	4239.9
5.20180272	3976.35
5.20183673	3784.81
5.20187075	3457.31
5.20191157	3279.97
5.20194558	3147.77
5.20197959	3014.28
5.20202041	2867.51
5.20205442	2720.42
5.20208843	2612.21
5.20212925	2478.22
5.20216327	2324.17
5.20219728	2160.65
5.20223809	2086.12
5.20227211	1968.28
5.20230612	1867.32
5.20238095	1741.66
5.2024898	1620.9
5.20256463	1547.07
5.20263265	1493.7
5.2027415	1430.35
5.20285034	1384.8
5.20295918	1348.82
5.20306803	1313.77
5.20321088	1287.38
5.20331973	1268.45
5.20342857	1253.92
5.20353742	1239.56
5.20361224	1232.11
5.20372109	1221.34
5.20386395	1214.66
5.20404762	1204.04
5.20419048	1193.52
5.20437415	1186.34
5.20455102	1183.09
5.20484354	1179.21
5.205	1179.21
5.21	1247.06
5.210040816	1251.17
5.210122449	1260.13
5.210251701	1276.83
5.210292517	1294.46
5.210333333	1307.3
5.21037415	1321.0
5.210414966	1356.98
5.210462585	1384.8
5.210503401	1407.78
5.21052381	1436.64
5.210544218	1638.78
5.210585034	1677.9
5.21062585	1777.37
5.210639456	1901.43
5.210646259	2055.45
5.210659864	2095.29
5.210680272	2197.7
5.21070068	2297.55
5.210734694	2561.13
5.210755102	2665.77
5.21077551	2796.07
5.210789116	3025.88
5.210809524	3154.68
5.210829932	3212.31
5.210843537	3634.26
5.210863946	4324.46
5.210870748	4563.28
5.210891156	5335.43
5.210911565	6082.81
5.210931973	7084.83
5.210952381	8320.08
5.210972789	9738.6
5.2110068	10784.6
5.2110136	11005.7
5.21104082	11237.6
5.21105442	11399.0
5.21107483	11467.9
5.21111565	11537.4
5.21122449	11467.9
5.2112585	11170.0
5.21129252	11042.0
5.21133333	10820.2
5.21136735	10025.9
5.21140136	9188.51
5.21144218	8393.42
5.21147619	7824.33
5.2115102	7003.69
5.21155102	6493.1
5.21158503	5983.53
5.21161905	5742.37
5.21165986	5277.22
5.21169388	4791.58
5.21172789	4493.73
5.21176871	4239.9
5.21180272	3976.35
5.21183673	3784.81
5.21187075	3457.31
5.21191157	3279.97
5.21194558	3147.77
5.21197959	3014.28
5.21202041	2867.51
5.21205442	2720.42
5.21208843	2612.21
5.21212925	2478.22
5.21216327	2324.17
5.21219728	2160.65
5.21223809	2086.12
5.21227211	1968.28
5.21230612	1867.32
5.21238095	1741.66
5.2124898	1620.9
5.21256463	1547.07
5.21263265	1493.7
5.2127415	1430.35
5.21285034	1384.8
5.21295918	1348.82
5.21306803	1313.77
5.21321088	1287.38
5.21331973	1268.45
5.21342857	1253.92
5.21353742	1239.56
5.21361224	1232.11
5.21372109	1221.34
5.21386395	1214.66
5.21404762	1204.04
5.21419048	1193.52
5.21437415	1186.34
5.21455102	1183.09
5.21484354	1179.21
5.215	1179.21
5.22	1247.06
5.220040816	1251.17
5.220122449	1260.13
5.220251701	1276.83
5.220292517	1294.46
5.220333333	1307.3
5.22037415	1321.0
5.220414966	1356.98
5.220462585	1384.8
5.220503401	1407.78
5.22052381	1436.64
5.220544218	1638.78
5.220585034	1677.9
5.22062585	1777.37
5.220639456	1901.43
5.220646259	2055.45
5.220659864	2095.29
5.220680272	2197.7
5.22070068	2297.55
5.220734694	2561.13
5.220755102	2665.77
5.22077551	2796.07
5.220789116	3025.88
5.220809524	3154.68
5.220829932	3212.31
5.220843537	3634.26
5.220863946	4324.46
5.220870748	4563.28
5.220891156	5335.43
5.220911565	6082.81
5.220931973	7084.83
5.220952381	8320.08
5.220972789	9738.6
5.2210068	10784.6
5.2210136	11005.7
5.22104082	11237.6
5.22105442	11399.0
5.22107483	11467.9
5.22111565	11537.4
5.22122449	11467.9
5.2212585	11170.0
5.22129252	11042.0
5.22133333	10820.2
5.22136735	10025.9
5.22140136	9188.51
5.22144218	8393.42
5.22147619	7824.33
5.2215102	7003.69
5.22155102	6493.1
5.22158503	5983.53
5.22161905	5742.37
5.22165986	5277.22
5.22169388	4791.58
5.22172789	4493.73
5.22176871	4239.9
5.22180272	3976.35
5.22183673	3784.81
5.22187075	3457.31
5.22191157	3279.97
5.22194558	3147.77
5.22197959	3014.28
5.22202041	2867.51
5.22205442	2720.42
5.22208843	2612.21
5.22212925	2478.22
5.22216327	2324.17
5.22219728	2160.65
5.22223809	2086.12
5.22227211	1968.28
5.22230612	1867.32
5.22238095	1741.66
5.2224898	1620.9
5.22256463	1547.07
5.22263265	1493.7
5.2227415	1430.35
5.22285034	1384.8
5.22295918	1348.82
5.22306803	1313.77
5.22321088	1287.38
5.22331973	1268.45
5.22342857	1253.92
5.22353742	1239.56
5.22361224	1232.11
5.22372109	1221.34
5.22386395	1214.66
5.22404762	1204.04
5.22419048	1193.52
5.22437415	1186.34
5.22455102	1183.09
5.22484354	1179.21
5.225	1179.21
5.23	1247.06
5.230040816	1251.17
5.230122449	1260.13
5.230251701	1276.83
5.230292517	1294.46
5.230333333	1307.3
5.23037415	1321.0
5.230414966	1356.98
5.230462585	1384.8
5.230503401	1407.78
5.23052381	1436.64
5.230544218	1638.78
5.230585034	1677.9
5.23062585	1777.37
5.230639456	1901.43
5.230646259	2055.45
5.230659864	2095.29
5.230680272	2197.7
5.23070068	2297.55
5.230734694	2561.13
5.230755102	2665.77
5.23077551	2796.07
5.230789116	3025.88
5.230809524	3154.68
5.230829932	3212.31
5.230843537	3634.26
5.230863946	4324.46
5.230870748	4563.28
5.230891156	5335.43
5.230911565	6082.81
5.230931973	7084.83
5.230952381	8320.08
5.230972789	9738.6
5.2310068	10784.6
5.2310136	11005.7
5.23104082	11237.6
5.23105442	11399.0
5.23107483	11467.9
5.23111565	11537.4
5.23122449	11467.9
5.2312585	11170.0
5.23129252	11042.0
5.23133333	10820.2
5.23136735	10025.9
5.23140136	9188.51
5.23144218	8393.42
5.23147619	7824.33
5.2315102	7003.69
5.23155102	6493.1
5.23158503	5983.53
5.23161905	5742.37
5.23165986	5277.22
5.23169388	4791.58
5.23172789	4493.73
5.23176871	4239.9
5.23180272	3976.35
5.23183673	3784.81
5.23187075	3457.31
5.23191157	3279.97
5.23194558	3147.77
5.23197959	3014.28
5.23202041	2867.51
5.23205442	2720.42
5.23208843	2612.21
5.23212925	2478.22
5.23216327	2324.17
5.23219728	2160.65
5.23223809	2086.12
5.23227211	1968.28
5.23230612	1867.32
5.23238095	1741.66
5.2324898	1620.9
5.23256463	1547.07
5.23263265	1493.7
5.2327415	1430.35
5.23285034	1384.8
5.23295918	1348.82
5.23306803	1313.77
5.23321088	1287.38
5.23331973	1268.45
5.23342857	1253.92
5.23353742	1239.56
5.23361224	1232.11
5.23372109	1221.34
5.23386395	1214.66
5.23404762	1204.04
5.23419048	1193.52
5.23437415	1186.34
5.23455102	1183.09
5.23484354	1179.21
5.235	1179.21
5.24	1247.06
5.240040816	1251.17
5.240122449	1260.13
5.240251701	1276.83
5.240292517	1294.46
5.240333333	1307.3
5.24037415	1321.0
5.240414966	1356.98
5.240462585	1384.8
5.240503401	1407.78
5.24052381	1436.64
5.240544218	1638.78
5.240585034	1677.9
5.24062585	1777.37
5.240639456	1901.43
5.240646259	2055.45
5.240659864	2095.29
5.240680272	2197.7
5.24070068	2297.55
5.240734694	2561.13
5.240755102	2665.77
5.24077551	2796.07
5.240789116	3025.88
5.240809524	3154.68
5.240829932	3212.31
5.240843537	3634.26
5.240863946	4324.46
5.240870748	4563.28
5.240891156	5335.43
5.240911565	6082.81
5.240931973	7084.83
5.240952381	8320.08
5.240972789	9738.6
5.2410068	10784.6
5.2410136	11005.7
5.24104082	11237.6
5.24105442	11399.0
5.24107483	11467.9
5.24111565	11537.4
5.24122449	11467.9
5.2412585	11170.0
5.24129252	11042.0
5.24133333	10820.2
5.24136735	10025.9
5.24140136	9188.51
5.24144218	8393.42
5.24147619	7824.33
5.2415102	7003.69
5.24155102	6493.1
5.24158503	5983.53
5.24161905	5742.37
5.24165986	5277.22
5.24169388	4791.58
5.24172789	4493.73
5.24176871	4239.9
5.24180272	3976.35
5.24183673	3784.81
5.24187075	3457.31
5.24191157	3279.97
5.24194558	3147.77
5.24197959	3014.28
5.24202041	2867.51
5.24205442	2720.42
5.24208843	2612.21
5.24212925	2478.22
5.24216327	2324.17
5.24219728	2160.65
5.24223809	2086.12
5.24227211	1968.28
5.24230612	1867.32
5.24238095	1741.66
5.2424898	1620.9
5.24256463	1547.07
5.24263265	1493.7
5.2427415	1430.35
5.24285034	1384.8
5.24295918	1348.82
5.24306803	1313.77
5.24321088	1287.38
5.24331973	1268.45
5.24342857	1253.92
5.24353742	1239.56
5.24361224	1232.11
5.24372109	1221.34
5.24386395	1214.66
5.24404762	1204.04
5.24419048	1193.52
5.24437415	1186.34
5.24455102	1183.09
5.24484354	1179.21
5.245	1179.21
5.25	1247.06
5.250040816	1251.17
5.250122449	1260.13
5.250251701	1276.83
5.250292517	1294.46
5.250333333	1307.3
5.25037415	1321.0
5.250414966	1356.98
5.250462585	1384.8
5.250503401	1407.78
5.25052381	1436.64
5.250544218	1638.78
5.250585034	1677.9
5.25062585	1777.37
5.250639456	1901.43
5.250646259	2055.45
5.250659864	2095.29
5.250680272	2197.7
5.25070068	2297.55
5.250734694	2561.13
5.250755102	2665.77
5.25077551	2796.07
5.250789116	3025.88
5.250809524	3154.68
5.250829932	3212.31
5.250843537	3634.26
5.250863946	4324.46
5.250870748	4563.28
5.250891156	5335.43
5.250911565	6082.81
5.250931973	7084.83
5.250952381	8320.08
5.250972789	9738.6
5.2510068	10784.6
5.2510136	11005.7
5.25104082	11237.6
5.25105442	11399.0
5.25107483	11467.9
5.25111565	11537.4
5.25122449	11467.9
5.2512585	11170.0
5.25129252	11042.0
5.25133333	10820.2
5.25136735	10025.9
5.25140136	9188.51
5.25144218	8393.42
5.25147619	7824.33
5.2515102	7003.69
5.25155102	6493.1
5.25158503	5983.53
5.25161905	5742.37
5.25165986	5277.22
5.25169388	4791.58
5.25172789	4493.73
5.25176871	4239.9
5.25180272	3976.35
5.25183673	3784.81
5.25187075	3457.31
5.25191157	3279.97
5.25194558	3147.77
5.25197959	3014.28
5.25202041	2867.51
5.25205442	2720.42
5.25208843	2612.21
5.25212925	2478.22
5.25216327	2324.17
5.25219728	2160.65
5.25223809	2086.12
5.25227211	1968.28
5.25230612	1867.32
5.25238095	1741.66
5.2524898	1620.9
5.25256463	1547.07
5.25263265	1493.7
5.2527415	1430.35
5.25285034	1384.8
5.25295918	1348.82
5.25306803	1313.77
5.25321088	1287.38
5.25331973	1268.45
5.25342857	1253.92
5.25353742	1239.56
5.25361224	1232.11
5.25372109	1221.34
5.25386395	1214.66
5.25404762	1204.04
5.25419048	1193.52
5.25437415	1186.34
5.25455102	1183.09
5.25484354	1179.21
5.255	1179.21
5.26	1247.06
5.260040816	1251.17
5.260122449	1260.13
5.260251701	1276.83
5.260292517	1294.46
5.260333333	1307.3
5.26037415	1321.0
5.260414966	1356.98
5.260462585	1384.8
5.260503401	1407.78
5.26052381	1436.64
5.260544218	1638.78
5.260585034	1677.9
5.26062585	1777.37
5.260639456	1901.43
5.260646259	2055.45
5.260659864	2095.29
5.260680272	2197.7
5.26070068	2297.55
5.260734694	2561.13
5.260755102	2665.77
5.26077551	2796.07
5.260789116	3025.88
5.260809524	3154.68
5.260829932	3212.31
5.260843537	3634.26
5.260863946	4324.46
5.260870748	4563.28
5.260891156	5335.43
5.260911565	6082.81
5.260931973	7084.83
5.260952381	8320.08
5.260972789	9738.6
5.2610068	10784.6
5.2610136	11005.7
5.26104082	11237.6
5.26105442	11399.0
5.26107483	11467.9
5.26111565	11537.4
5.26122449	11467.9
5.2612585	11170.0
5.26129252	11042.0
5.26133333	10820.2
5.26136735	10025.9
5.26140136	9188.51
5.26144218	8393.42
5.26147619	7824.33
5.2615102	7003.69
5.26155102	6493.1
5.26158503	5983.53
5.26161905	5742.37
5.26165986	5277.22
5.26169388	4791.58
5.26172789	4493.73
5.26176871	4239.9
5.26180272	3976.35
5.26183673	3784.81
5.26187075	3457.31
5.26191157	3279.97
5.26194558	3147.77
5.26197959	3014.28
5.26202041	2867.51
5.26205442	2720.42
5.26208843	2612.21
5.26212925	2478.22
5.26216327	2324.17
5.26219728	2160.65
5.26223809	2086.12
5.26227211	1968.28
5.26230612	1867.32
5.26238095	1741.66
5.2624898	1620.9
5.26256463	1547.07
5.26263265	1493.7
5.2627415	1430.35
5.26285034	1384.8
5.26295918	1348.82
5.26306803	1313.77
5.26321088	1287.38
5.26331973	1268.45
5.26342857	1253.92
5.26353742	1239.56
5.26361224	1232.11
5.26372109	1221.34
5.26386395	1214.66
5.26404762	1204.04
5.26419048	1193.52
5.26437415	1186.34
5.26455102	1183.09
5.26484354	1179.21
5.265	1179.21
5.27	1247.06
5.270040816	1251.17
5.270122449	1260.13
5.270251701	1276.83
5.270292517	1294.46
5.270333333	1307.3
5.27037415	1321.0
5.270414966	1356.98
5.270462585	1384.8
5.270503401	1407.78
5.27052381	1436.64
5.270544218	1638.78
5.270585034	1677.9
5.27062585	1777.37
5.270639456	1901.43
5.270646259	2055.45
5.270659864	2095.29
5.270680272	2197.7
5.27070068	2297.55
5.270734694	2561.13
5.270755102	2665.77
5.27077551	2796.07
5.270789116	3025.88
5.270809524	3154.68
5.270829932	3212.31
5.270843537	3634.26
5.270863946	4324.46
5.270870748	4563.28
5.270891156	5335.43
5.270911565	6082.81
5.270931973	7084.83
5.270952381	8320.08
5.270972789	9738.6
5.2710068	10784.6
5.2710136	11005.7
5.27104082	11237.6
5.27105442	11399.0
5.27107483	11467.9
5.27111565	11537.4
5.27122449	11467.9
5.2712585	11170.0
5.27129252	11042.0
5.27133333	10820.2
5.27136735	10025.9
5.27140136	9188.51
5.27144218	8393.42
5.27147619	7824.33
5.2715102	7003.69
5.27155102	6493.1
5.27158503	5983.53
5.27161905	5742.37
5.27165986	5277.22
5.27169388	4791.58
5.27172789	4493.73
5.27176871	4239.9
5.27180272	3976.35
5.27183673	3784.81
5.27187075	3457.31
5.27191157	3279.97
5.27194558	3147.77
5.27197959	3014.28
5.27202041	2867.51
5.27205442	2720.42
5.27208843	2612.21
5.27212925	2478.22
5.27216327	2324.17
5.27219728	2160.65
5.27223809	2086.12
5.27227211	1968.28
5.27230612	1867.32
5.27238095	1741.66
5.2724898	1620.9
5.27256463	1547.07
5.27263265	1493.7
5.2727415	1430.35
5.27285034	1384.8
5.27295918	1348.82
5.27306803	1313.77
5.27321088	1287.38
5.27331973	1268.45
5.27342857	1253.92
5.27353742	1239.56
5.27361224	1232.11
5.27372109	1221.34
5.27386395	1214.66
5.27404762	1204.04
5.27419048	1193.52
5.27437415	1186.34
5.27455102	1183.09
5.27484354	1179.21
5.275	1179.21
5.28	1247.06
5.280040816	1251.17
5.280122449	1260.13
5.280251701	1276.83
5.280292517	1294.46
5.280333333	1307.3
5.28037415	1321.0
5.280414966	1356.98
5.280462585	1384.8
5.280503401	1407.78
5.28052381	1436.64
5.280544218	1638.78
5.280585034	1677.9
5.28062585	1777.37
5.280639456	1901.43
5.280646259	2055.45
5.280659864	2095.29
5.280680272	2197.7
5.28070068	2297.55
5.280734694	2561.13
5.280755102	2665.77
5.28077551	2796.07
5.280789116	3025.88
5.280809524	3154.68
5.280829932	3212.31
5.280843537	3634.26
5.280863946	4324.46
5.280870748	4563.28
5.280891156	5335.43
5.280911565	6082.81
5.280931973	7084.83
5.280952381	8320.08
5.280972789	9738.6
5.2810068	10784.6
5.2810136	11005.7
5.28104082	11237.6
5.28105442	11399.0
5.28107483	11467.9
5.28111565	11537.4
5.28122449	11467.9
5.2812585	11170.0
5.28129252	11042.0
5.28133333	10820.2
5.28136735	10025.9
5.28140136	9188.51
5.28144218	8393.42
5.28147619	7824.33
5.2815102	7003.69
5.28155102	6493.1
5.28158503	5983.53
5.28161905	5742.37
5.28165986	5277.22
5.28169388	4791.58
5.28172789	4493.73
5.28176871	4239.9
5.28180272	3976.35
5.28183673	3784.81
5.28187075	3457.31
5.28191157	3279.97
5.28194558	3147.77
5.28197959	3014.28
5.28202041	2867.51
5.28205442	2720.42
5.28208843	2612.21
5.28212925	2478.22
5.28216327	2324.17
5.28219728	2160.65
5.28223809	2086.12
5.28227211	1968.28
5.28230612	1867.32
5.28238095	1741.66
5.2824898	1620.9
5.28256463	1547.07
5.28263265	1493.7
5.2827415	1430.35
5.28285034	1384.8
5.28295918	1348.82
5.28306803	1313.77
5.28321088	1287.38
5.28331973	1268.45
5.28342857	1253.92
5.28353742	1239.56
5.28361224	1232.11
5.28372109	1221.34
5.28386395	1214.66
5.28404762	1204.04
5.28419048	1193.52
5.28437415	1186.34
5.28455102	1183.09
5.28484354	1179.21
5.285	1179.21
5.29	1247.06
5.290040816	1251.17
5.290122449	1260.13
5.290251701	1276.83
5.290292517	1294.46
5.290333333	1307.3
5.29037415	1321.0
5.290414966	1356.98
5.290462585	1384.8
5.290503401	1407.78
5.29052381	1436.64
5.290544218	1638.78
5.290585034	1677.9
5.29062585	1777.37
5.290639456	1901.43
5.290646259	2055.45
5.290659864	2095.29
5.290680272	2197.7
5.29070068	2297.55
5.290734694	2561.13
5.290755102	2665.77
5.29077551	2796.07
5.290789116	3025.88
5.290809524	3154.68
5.290829932	3212.31
5.290843537	3634.26
5.290863946	4324.46
5.290870748	4563.28
5.290891156	5335.43
5.290911565	6082.81
5.290931973	7084.83
5.290952381	8320.08
5.290972789	9738.6
5.2910068	10784.6
5.2910136	11005.7
5.29104082	11237.6
5.29105442	11399.0
5.29107483	11467.9
5.29111565	11537.4
5.29122449	11467.9
5.2912585	11170.0
5.29129252	11042.0
5.29133333	10820.2
5.29136735	10025.9
5.29140136	9188.51
5.29144218	8393.42
5.29147619	7824.33
5.2915102	7003.69
5.29155102	6493.1
5.29158503	5983.53
5.29161905	5742.37
5.29165986	5277.22
5.29169388	4791.58
5.29172789	4493.73
5.29176871	4239.9
5.29180272	3976.35
5.29183673	3784.81
5.29187075	3457.31
5.29191157	3279.97
5.29194558	3147.77
5.29197959	3014.28
5.29202041	2867.51
5.29205442	2720.42
5.29208843	2612.21
5.29212925	2478.22
5.29216327	2324.17
5.29219728	2160.65
5.29223809	2086.12
5.29227211	1968.28
5.29230612	1867.32
5.29238095	1741.66
5.2924898	1620.9
5.29256463	1547.07
5.29263265	1493.7
5.2927415	1430.35
5.29285034	1384.8
5.29295918	1348.82
5.29306803	1313.77
5.29321088	1287.38
5.29331973	1268.45
5.29342857	1253.92
5.29353742	1239.56
5.29361224	1232.11
5.29372109	1221.34
5.29386395	1214.66
5.29404762	1204.04
5.29419048	1193.52
5.29437415	1186.34
5.29455102	1183.09
5.29484354	1179.21
5.295	1179.21
5.3	1247.06
5.300040816	1251.17
5.300122449	1260.13
5.300251701	1276.83
5.300292517	1294.46
5.300333333	1307.3
5.30037415	1321.0
5.300414966	1356.98
5.300462585	1384.8
5.300503401	1407.78
5.30052381	1436.64
5.300544218	1638.78
5.300585034	1677.9
5.30062585	1777.37
5.300639456	1901.43
5.300646259	2055.45
5.300659864	2095.29
5.300680272	2197.7
5.30070068	2297.55
5.300734694	2561.13
5.300755102	2665.77
5.30077551	2796.07
5.300789116	3025.88
5.300809524	3154.68
5.300829932	3212.31
5.300843537	3634.26
5.300863946	4324.46
5.300870748	4563.28
5.300891156	5335.43
5.300911565	6082.81
5.300931973	7084.83
5.300952381	8320.08
5.300972789	9738.6
5.3010068	10784.6
5.3010136	11005.7
5.30104082	11237.6
5.30105442	11399.0
5.30107483	11467.9
5.30111565	11537.4
5.30122449	11467.9
5.3012585	11170.0
5.30129252	11042.0
5.30133333	10820.2
5.30136735	10025.9
5.30140136	9188.51
5.30144218	8393.42
5.30147619	7824.33
5.3015102	7003.69
5.30155102	6493.1
5.30158503	5983.53
5.30161905	5742.37
5.30165986	5277.22
5.30169388	4791.58
5.30172789	4493.73
5.30176871	4239.9
5.30180272	3976.35
5.30183673	3784.81
5.30187075	3457.31
5.30191157	3279.97
5.30194558	3147.77
5.30197959	3014.28
5.30202041	2867.51
5.30205442	2720.42
5.30208843	2612.21
5.30212925	2478.22
5.30216327	2324.17
5.30219728	2160.65
5.30223809	2086.12
5.30227211	1968.28
5.30230612	1867.32
5.30238095	1741.66
5.3024898	1620.9
5.30256463	1547.07
5.30263265	1493.7
5.3027415	1430.35
5.30285034	1384.8
5.30295918	1348.82
5.30306803	1313.77
5.30321088	1287.38
5.30331973	1268.45
5.30342857	1253.92
5.30353742	1239.56
5.30361224	1232.11
5.30372109	1221.34
5.30386395	1214.66
5.30404762	1204.04
5.30419048	1193.52
5.30437415	1186.34
5.30455102	1183.09
5.30484354	1179.21
5.305	1179.21
5.31	1247.06
5.310040816	1251.17
5.310122449	1260.13
5.310251701	1276.83
5.310292517	1294.46
5.310333333	1307.3
5.31037415	1321.0
5.310414966	1356.98
5.310462585	1384.8
5.310503401	1407.78
5.31052381	1436.64
5.310544218	1638.78
5.310585034	1677.9
5.31062585	1777.37
5.310639456	1901.43
5.310646259	2055.45
5.310659864	2095.29
5.310680272	2197.7
5.31070068	2297.55
5.310734694	2561.13
5.310755102	2665.77
5.31077551	2796.07
5.310789116	3025.88
5.310809524	3154.68
5.310829932	3212.31
5.310843537	3634.26
5.310863946	4324.46
5.310870748	4563.28
5.310891156	5335.43
5.310911565	6082.81
5.310931973	7084.83
5.310952381	8320.08
5.310972789	9738.6
5.3110068	10784.6
5.3110136	11005.7
5.31104082	11237.6
5.31105442	11399.0
5.31107483	11467.9
5.31111565	11537.4
5.31122449	11467.9
5.3112585	11170.0
5.31129252	11042.0
5.31133333	10820.2
5.31136735	10025.9
5.31140136	9188.51
5.31144218	8393.42
5.31147619	7824.33
5.3115102	7003.69
5.31155102	6493.1
5.31158503	5983.53
5.31161905	5742.37
5.31165986	5277.22
5.31169388	4791.58
5.31172789	4493.73
5.31176871	4239.9
5.31180272	3976.35
5.31183673	3784.81
5.31187075	3457.31
5.31191157	3279.97
5.31194558	3147.77
5.31197959	3014.28
5.31202041	2867.51
5.31205442	2720.42
5.31208843	2612.21
5.31212925	2478.22
5.31216327	2324.17
5.31219728	2160.65
5.31223809	2086.12
5.31227211	1968.28
5.31230612	1867.32
5.31238095	1741.66
5.3124898	1620.9
5.31256463	1547.07
5.31263265	1493.7
5.3127415	1430.35
5.31285034	1384.8
5.31295918	1348.82
5.31306803	1313.77
5.31321088	1287.38
5.31331973	1268.45
5.31342857	1253.92
5.31353742	1239.56
5.31361224	1232.11
5.31372109	1221.34
5.31386395	1214.66
5.31404762	1204.04
5.31419048	1193.52
5.31437415	1186.34
5.31455102	1183.09
5.31484354	1179.21
5.315	1179.21
5.32	1247.06
5.320040816	1251.17
5.320122449	1260.13
5.320251701	1276.83
5.320292517	1294.46
5.320333333	1307.3
5.32037415	1321.0
5.320414966	1356.98
5.320462585	1384.8
5.320503401	1407.78
5.32052381	1436.64
5.320544218	1638.78
5.320585034	1677.9
5.32062585	1777.37
5.320639456	1901.43
5.320646259	2055.45
5.320659864	2095.29
5.320680272	2197.7
5.32070068	2297.55
5.320734694	2561.13
5.320755102	2665.77
5.32077551	2796.07
5.320789116	3025.88
5.320809524	3154.68
5.320829932	3212.31
5.320843537	3634.26
5.320863946	4324.46
5.320870748	4563.28
5.320891156	5335.43
5.320911565	6082.81
5.320931973	7084.83
5.320952381	8320.08
5.320972789	9738.6
5.3210068	10784.6
5.3210136	11005.7
5.32104082	11237.6
5.32105442	11399.0
5.32107483	11467.9
5.32111565	11537.4
5.32122449	11467.9
5.3212585	11170.0
5.32129252	11042.0
5.32133333	10820.2
5.32136735	10025.9
5.32140136	9188.51
5.32144218	8393.42
5.32147619	7824.33
5.3215102	7003.69
5.32155102	6493.1
5.32158503	5983.53
5.32161905	5742.37
5.32165986	5277.22
5.32169388	4791.58
5.32172789	4493.73
5.32176871	4239.9
5.32180272	3976.35
5.32183673	3784.81
5.32187075	3457.31
5.32191157	3279.97
5.32194558	3147.77
5.32197959	3014.28
5.32202041	2867.51
5.32205442	2720.42
5.32208843	2612.21
5.32212925	2478.22
5.32216327	2324.17
5.32219728	2160.65
5.32223809	2086.12
5.32227211	1968.28
5.32230612	1867.32
5.32238095	1741.66
5.3224898	1620.9
5.32256463	1547.07
5.32263265	1493.7
5.3227415	1430.35
5.32285034	1384.8
5.32295918	1348.82
5.32306803	1313.77
5.32321088	1287.38
5.32331973	1268.45
5.32342857	1253.92
5.32353742	1239.56
5.32361224	1232.11
5.32372109	1221.34
5.32386395	1214.66
5.32404762	1204.04
5.32419048	1193.52
5.32437415	1186.34
5.32455102	1183.09
5.32484354	1179.21
5.325	1179.21
5.33	1247.06
5.330040816	1251.17
5.330122449	1260.13
5.330251701	1276.83
5.330292517	1294.46
5.330333333	1307.3
5.33037415	1321.0
5.330414966	1356.98
5.330462585	1384.8
5.330503401	1407.78
5.33052381	1436.64
5.330544218	1638.78
5.330585034	1677.9
5.33062585	1777.37
5.330639456	1901.43
5.330646259	2055.45
5.330659864	2095.29
5.330680272	2197.7
5.33070068	2297.55
5.330734694	2561.13
5.330755102	2665.77
5.33077551	2796.07
5.330789116	3025.88
5.330809524	3154.68
5.330829932	3212.31
5.330843537	3634.26
5.330863946	4324.46
5.330870748	4563.28
5.330891156	5335.43
5.330911565	6082.81
5.330931973	7084.83
5.330952381	8320.08
5.330972789	9738.6
5.3310068	10784.6
5.3310136	11005.7
5.33104082	11237.6
5.33105442	11399.0
5.33107483	11467.9
5.33111565	11537.4
5.33122449	11467.9
5.3312585	11170.0
5.33129252	11042.0
5.33133333	10820.2
5.33136735	10025.9
5.33140136	9188.51
5.33144218	8393.42
5.33147619	7824.33
5.3315102	7003.69
5.33155102	6493.1
5.33158503	5983.53
5.33161905	5742.37
5.33165986	5277.22
5.33169388	4791.58
5.33172789	4493.73
5.33176871	4239.9
5.33180272	3976.35
5.33183673	3784.81
5.33187075	3457.31
5.33191157	3279.97
5.33194558	3147.77
5.33197959	3014.28
5.33202041	2867.51
5.33205442	2720.42
5.33208843	2612.21
5.33212925	2478.22
5.33216327	2324.17
5.33219728	2160.65
5.33223809	2086.12
5.33227211	1968.28
5.33230612	1867.32
5.33238095	1741.66
5.3324898	1620.9
5.33256463	1547.07
5.33263265	1493.7
5.3327415	1430.35
5.33285034	1384.8
5.33295918	1348.82
5.33306803	1313.77
5.33321088	1287.38
5.33331973	1268.45
5.33342857	1253.92
5.33353742	1239.56
5.33361224	1232.11
5.33372109	1221.34
5.33386395	1214.66
5.33404762	1204.04
5.33419048	1193.52
5.33437415	1186.34
5.33455102	1183.09
5.33484354	1179.21
5.335	1179.21
5.34	1247.06
5.340040816	1251.17
5.340122449	1260.13
5.340251701	1276.83
5.340292517	1294.46
5.340333333	1307.3
5.34037415	1321.0
5.340414966	1356.98
5.340462585	1384.8
5.340503401	1407.78
5.34052381	1436.64
5.340544218	1638.78
5.340585034	1677.9
5.34062585	1777.37
5.340639456	1901.43
5.340646259	2055.45
5.340659864	2095.29
5.340680272	2197.7
5.34070068	2297.55
5.340734694	2561.13
5.340755102	2665.77
5.34077551	2796.07
5.340789116	3025.88
5.340809524	3154.68
5.340829932	3212.31
5.340843537	3634.26
5.340863946	4324.46
5.340870748	4563.28
5.340891156	5335.43
5.340911565	6082.81
5.340931973	7084.83
5.340952381	8320.08
5.340972789	9738.6
5.3410068	10784.6
5.3410136	11005.7
5.34104082	11237.6
5.34105442	11399.0
5.34107483	11467.9
5.34111565	11537.4
5.34122449	11467.9
5.3412585	11170.0
5.34129252	11042.0
5.34133333	10820.2
5.34136735	10025.9
5.34140136	9188.51
5.34144218	8393.42
5.34147619	7824.33
5.3415102	7003.69
5.34155102	6493.1
5.34158503	5983.53
5.34161905	5742.37
5.34165986	5277.22
5.34169388	4791.58
5.34172789	4493.73
5.34176871	4239.9
5.34180272	3976.35
5.34183673	3784.81
5.34187075	3457.31
5.34191157	3279.97
5.34194558	3147.77
5.34197959	3014.28
5.34202041	2867.51
5.34205442	2720.42
5.34208843	2612.21
5.34212925	2478.22
5.34216327	2324.17
5.34219728	2160.65
5.34223809	2086.12
5.34227211	1968.28
5.34230612	1867.32
5.34238095	1741.66
5.3424898	1620.9
5.34256463	1547.07
5.34263265	1493.7
5.3427415	1430.35
5.34285034	1384.8
5.34295918	1348.82
5.34306803	1313.77
5.34321088	1287.38
5.34331973	1268.45
5.34342857	1253.92
5.34353742	1239.56
5.34361224	1232.11
5.34372109	1221.34
5.34386395	1214.66
5.34404762	1204.04
5.34419048	1193.52
5.34437415	1186.34
5.34455102	1183.09
5.34484354	1179.21
5.345	1179.21
5.35	1247.06
5.350040816	1251.17
5.350122449	1260.13
5.350251701	1276.83
5.350292517	1294.46
5.350333333	1307.3
5.35037415	1321.0
5.350414966	1356.98
5.350462585	1384.8
5.350503401	1407.78
5.35052381	1436.64
5.350544218	1638.78
5.350585034	1677.9
5.35062585	1777.37
5.350639456	1901.43
5.350646259	2055.45
5.350659864	2095.29
5.350680272	2197.7
5.35070068	2297.55
5.350734694	2561.13
5.350755102	2665.77
5.35077551	2796.07
5.350789116	3025.88
5.350809524	3154.68
5.350829932	3212.31
5.350843537	3634.26
5.350863946	4324.46
5.350870748	4563.28
5.350891156	5335.43
5.350911565	6082.81
5.350931973	7084.83
5.350952381	8320.08
5.350972789	9738.6
5.3510068	10784.6
5.3510136	11005.7
5.35104082	11237.6
5.35105442	11399.0
5.35107483	11467.9
5.35111565	11537.4
5.35122449	11467.9
5.3512585	11170.0
5.35129252	11042.0
5.35133333	10820.2
5.35136735	10025.9
5.35140136	9188.51
5.35144218	8393.42
5.35147619	7824.33
5.3515102	7003.69
5.35155102	6493.1
5.35158503	5983.53
5.35161905	5742.37
5.35165986	5277.22
5.35169388	4791.58
5.35172789	4493.73
5.35176871	4239.9
5.35180272	3976.35
5.35183673	3784.81
5.35187075	3457.31
5.35191157	3279.97
5.35194558	3147.77
5.35197959	3014.28
5.35202041	2867.51
5.35205442	2720.42
5.35208843	2612.21
5.35212925	2478.22
5.35216327	2324.17
5.35219728	2160.65
5.35223809	2086.12
5.35227211	1968.28
5.35230612	1867.32
5.35238095	1741.66
5.3524898	1620.9
5.35256463	1547.07
5.35263265	1493.7
5.3527415	1430.35
5.35285034	1384.8
5.35295918	1348.82
5.35306803	1313.77
5.35321088	1287.38
5.35331973	1268.45
5.35342857	1253.92
5.35353742	1239.56
5.35361224	1232.11
5.35372109	1221.34
5.35386395	1214.66
5.35404762	1204.04
5.35419048	1193.52
5.35437415	1186.34
5.35455102	1183.09
5.35484354	1179.21
5.355	1179.21
5.36	1247.06
5.360040816	1251.17
5.360122449	1260.13
5.360251701	1276.83
5.360292517	1294.46
5.360333333	1307.3
5.36037415	1321.0
5.360414966	1356.98
5.360462585	1384.8
5.360503401	1407.78
5.36052381	1436.64
5.360544218	1638.78
5.360585034	1677.9
5.36062585	1777.37
5.360639456	1901.43
5.360646259	2055.45
5.360659864	2095.29
5.360680272	2197.7
5.36070068	2297.55
5.360734694	2561.13
5.360755102	2665.77
5.36077551	2796.07
5.360789116	3025.88
5.360809524	3154.68
5.360829932	3212.31
5.360843537	3634.26
5.360863946	4324.46
5.360870748	4563.28
5.360891156	5335.43
5.360911565	6082.81
5.360931973	7084.83
5.360952381	8320.08
5.360972789	9738.6
5.3610068	10784.6
5.3610136	11005.7
5.36104082	11237.6
5.36105442	11399.0
5.36107483	11467.9
5.36111565	11537.4
5.36122449	11467.9
5.3612585	11170.0
5.36129252	11042.0
5.36133333	10820.2
5.36136735	10025.9
5.36140136	9188.51
5.36144218	8393.42
5.36147619	7824.33
5.3615102	7003.69
5.36155102	6493.1
5.36158503	5983.53
5.36161905	5742.37
5.36165986	5277.22
5.36169388	4791.58
5.36172789	4493.73
5.36176871	4239.9
5.36180272	3976.35
5.36183673	3784.81
5.36187075	3457.31
5.36191157	3279.97
5.36194558	3147.77
5.36197959	3014.28
5.36202041	2867.51
5.36205442	2720.42
5.36208843	2612.21
5.36212925	2478.22
5.36216327	2324.17
5.36219728	2160.65
5.36223809	2086.12
5.36227211	1968.28
5.36230612	1867.32
5.36238095	1741.66
5.3624898	1620.9
5.36256463	1547.07
5.36263265	1493.7
5.3627415	1430.35
5.36285034	1384.8
5.36295918	1348.82
5.36306803	1313.77
5.36321088	1287.38
5.36331973	1268.45
5.36342857	1253.92
5.36353742	1239.56
5.36361224	1232.11
5.36372109	1221.34
5.36386395	1214.66
5.36404762	1204.04
5.36419048	1193.52
5.36437415	1186.34
5.36455102	1183.09
5.36484354	1179.21
5.365	1179.21
5.37	1247.06
5.370040816	1251.17
5.370122449	1260.13
5.370251701	1276.83
5.370292517	1294.46
5.370333333	1307.3
5.37037415	1321.0
5.370414966	1356.98
5.370462585	1384.8
5.370503401	1407.78
5.37052381	1436.64
5.370544218	1638.78
5.370585034	1677.9
5.37062585	1777.37
5.370639456	1901.43
5.370646259	2055.45
5.370659864	2095.29
5.370680272	2197.7
5.37070068	2297.55
5.370734694	2561.13
5.370755102	2665.77
5.37077551	2796.07
5.370789116	3025.88
5.370809524	3154.68
5.370829932	3212.31
5.370843537	3634.26
5.370863946	4324.46
5.370870748	4563.28
5.370891156	5335.43
5.370911565	6082.81
5.370931973	7084.83
5.370952381	8320.08
5.370972789	9738.6
5.3710068	10784.6
5.3710136	11005.7
5.37104082	11237.6
5.37105442	11399.0
5.37107483	11467.9
5.37111565	11537.4
5.37122449	11467.9
5.3712585	11170.0
5.37129252	11042.0
5.37133333	10820.2
5.37136735	10025.9
5.37140136	9188.51
5.37144218	8393.42
5.37147619	7824.33
5.3715102	7003.69
5.37155102	6493.1
5.37158503	5983.53
5.37161905	5742.37
5.37165986	5277.22
5.37169388	4791.58
5.37172789	4493.73
5.37176871	4239.9
5.37180272	3976.35
5.37183673	3784.81
5.37187075	3457.31
5.37191157	3279.97
5.37194558	3147.77
5.37197959	3014.28
5.37202041	2867.51
5.37205442	2720.42
5.37208843	2612.21
5.37212925	2478.22
5.37216327	2324.17
5.37219728	2160.65
5.37223809	2086.12
5.37227211	1968.28
5.37230612	1867.32
5.37238095	1741.66
5.3724898	1620.9
5.37256463	1547.07
5.37263265	1493.7
5.3727415	1430.35
5.37285034	1384.8
5.37295918	1348.82
5.37306803	1313.77
5.37321088	1287.38
5.37331973	1268.45
5.37342857	1253.92
5.37353742	1239.56
5.37361224	1232.11
5.37372109	1221.34
5.37386395	1214.66
5.37404762	1204.04
5.37419048	1193.52
5.37437415	1186.34
5.37455102	1183.09
5.37484354	1179.21
5.375	1179.21
5.38	1247.06
5.380040816	1251.17
5.380122449	1260.13
5.380251701	1276.83
5.380292517	1294.46
5.380333333	1307.3
5.38037415	1321.0
5.380414966	1356.98
5.380462585	1384.8
5.380503401	1407.78
5.38052381	1436.64
5.380544218	1638.78
5.380585034	1677.9
5.38062585	1777.37
5.380639456	1901.43
5.380646259	2055.45
5.380659864	2095.29
5.380680272	2197.7
5.38070068	2297.55
5.380734694	2561.13
5.380755102	2665.77
5.38077551	2796.07
5.380789116	3025.88
5.380809524	3154.68
5.380829932	3212.31
5.380843537	3634.26
5.380863946	4324.46
5.380870748	4563.28
5.380891156	5335.43
5.380911565	6082.81
5.380931973	7084.83
5.380952381	8320.08
5.380972789	9738.6
5.3810068	10784.6
5.3810136	11005.7
5.38104082	11237.6
5.38105442	11399.0
5.38107483	11467.9
5.38111565	11537.4
5.38122449	11467.9
5.3812585	11170.0
5.38129252	11042.0
5.38133333	10820.2
5.38136735	10025.9
5.38140136	9188.51
5.38144218	8393.42
5.38147619	7824.33
5.3815102	7003.69
5.38155102	6493.1
5.38158503	5983.53
5.38161905	5742.37
5.38165986	5277.22
5.38169388	4791.58
5.38172789	4493.73
5.38176871	4239.9
5.38180272	3976.35
5.38183673	3784.81
5.38187075	3457.31
5.38191157	3279.97
5.38194558	3147.77
5.38197959	3014.28
5.38202041	2867.51
5.38205442	2720.42
5.38208843	2612.21
5.38212925	2478.22
5.38216327	2324.17
5.38219728	2160.65
5.38223809	2086.12
5.38227211	1968.28
5.38230612	1867.32
5.38238095	1741.66
5.3824898	1620.9
5.38256463	1547.07
5.38263265	1493.7
5.3827415	1430.35
5.38285034	1384.8
5.38295918	1348.82
5.38306803	1313.77
5.38321088	1287.38
5.38331973	1268.45
5.38342857	1253.92
5.38353742	1239.56
5.38361224	1232.11
5.38372109	1221.34
5.38386395	1214.66
5.38404762	1204.04
5.38419048	1193.52
5.38437415	1186.34
5.38455102	1183.09
5.38484354	1179.21
5.385	1179.21
