0.0	1281.13
4.0816e-05	1286.69
0.000122449	1298.81
0.000251701	1321.48
0.000292517	1345.51
0.000333333	1363.09
0.00037415	1381.89
0.000414966	1431.59
0.000462585	1470.29
0.000503401	1502.44
0.00052381	1543.06
0.000544218	1834.58
0.000585034	1892.35
0.00062585	2041.18
0.000639456	2230.48
0.000646259	2470.95
0.000659864	2534.1
0.000680272	2698.15
0.00070068	2860.42
0.000734694	3299.37
0.000755102	3477.69
0.00077551	3702.83
0.000789116	4107.95
0.000809524	4339.34
0.000829932	4443.83
0.000843537	5226.53
0.000863946	6568.68
0.000870748	7049.62
0.000891156	8657.85
0.000911565	10286.1
0.000931973	12569.1
0.000952381	15525.7
0.000972789	19095.1
0.0010068	21835.7
0.0010136	22426.0
0.00104082	23049.0
0.00105442	23485.1
0.00107483	23672.2
0.00111565	23860.7
0.00122449	23672.2
0.0012585	22866.9
0.00129252	22523.3
0.00133333	21930.3
0.00136735	19839.0
0.00140136	17690.1
0.00144218	15705.9
0.00147619	14321.2
0.0015102	12380.2
0.00155102	11207.6
0.00158503	10066.0
0.00161905	9536.1
0.00165986	8533.9
0.00169388	7516.84
0.00172789	6908.73
0.00176871	6400.38
0.00180272	5882.59
0.00183673	5512.97
0.00187075	4894.61
0.00191157	4567.27
0.00194558	4326.85
0.00197959	4087.27
0.00202041	3827.7
0.00205442	3571.71
0.00208843	3386.14
0.00212925	3159.68
0.00216327	2904.06
0.00219728	2638.51
0.00223809	2519.52
0.00227211	2334.13
0.00230612	2178.03
0.00238095	1987.45
0.0024898	1808.32
0.00256463	1700.82
0.00263265	1624.12
0.0027415	1534.19
0.00285034	1470.29
0.00295918	1420.28
0.00306803	1371.96
0.00321088	1335.85
0.00331973	1310.09
0.00342857	1290.4
0.00353742	1271.01
0.00361224	1260.97
0.00372109	1246.51
0.00386395	1237.55
0.00404762	1223.36
0.00419048	1209.33
0.00437415	1199.77
0.00455102	1195.46
0.00484354	1190.29
0.005	1190.29
0.05	1281.13
0.050040816	1286.69
0.050122449	1298.81
0.050251701	1321.48
0.050292517	1345.51
0.050333333	1363.09
0.05037415	1381.89
0.050414966	1431.59
0.050462585	1470.29
0.050503401	1502.44
0.05052381	1543.06
0.050544218	1834.58
0.050585034	1892.35
0.05062585	2041.18
0.050639456	2230.48
0.050646259	2470.95
0.050659864	2534.1
0.050680272	2698.15
0.05070068	2860.42
0.050734694	3299.37
0.050755102	3477.69
0.05077551	3702.83
0.050789116	4107.95
0.050809524	4339.34
0.050829932	4443.83
0.050843537	5226.53
0.050863946	6568.68
0.050870748	7049.62
0.050891156	8657.85
0.050911565	10286.1
0.050931973	12569.1
0.050952381	15525.7
0.050972789	19095.1
0.0510068	21835.7
0.0510136	22426.0
0.05104082	23049.0
0.05105442	23485.1
0.05107483	23672.2
0.05111565	23860.7
0.05122449	23672.2
0.0512585	22866.9
0.05129252	22523.3
0.05133333	21930.3
0.05136735	19839.0
0.05140136	17690.1
0.05144218	15705.9
0.05147619	14321.2
0.0515102	12380.2
0.05155102	11207.6
0.05158503	10066.0
0.05161905	9536.1
0.05165986	8533.9
0.05169388	7516.84
0.05172789	6908.73
0.05176871	6400.38
0.05180272	5882.59
0.05183673	5512.97
0.05187075	4894.61
0.05191157	4567.27
0.05194558	4326.85
0.05197959	4087.27
0.05202041	3827.7
0.05205442	3571.71
0.05208843	3386.14
0.05212925	3159.68
0.05216327	2904.06
0.05219728	2638.51
0.05223809	2519.52
0.05227211	2334.13
0.05230612	2178.03
0.05238095	1987.45
0.0524898	1808.32
0.05256463	1700.82
0.05263265	1624.12
0.0527415	1534.19
0.05285034	1470.29
0.05295918	1420.28
0.05306803	1371.96
0.05321088	1335.85
0.05331973	1310.09
0.05342857	1290.4
0.05353742	1271.01
0.05361224	1260.97
0.05372109	1246.51
0.05386395	1237.55
0.05404762	1223.36
0.05419048	1209.33
0.05437415	1199.77
0.05455102	1195.46
0.05484354	1190.29
0.055	1190.29
0.1	1281.13
0.100040816	1286.69
0.100122449	1298.81
0.100251701	1321.48
0.100292517	1345.51
0.100333333	1363.09
0.10037415	1381.89
0.100414966	1431.59
0.100462585	1470.29
0.100503401	1502.44
0.10052381	1543.06
0.100544218	1834.58
0.100585034	1892.35
0.10062585	2041.18
0.100639456	2230.48
0.100646259	2470.95
0.100659864	2534.1
0.100680272	2698.15
0.10070068	2860.42
0.100734694	3299.37
0.100755102	3477.69
0.10077551	3702.83
0.100789116	4107.95
0.100809524	4339.34
0.100829932	4443.83
0.100843537	5226.53
0.100863946	6568.68
0.100870748	7049.62
0.100891156	8657.85
0.100911565	10286.1
0.100931973	12569.1
0.100952381	15525.7
0.100972789	19095.1
0.1010068	21835.7
0.1010136	22426.0
0.10104082	23049.0
0.10105442	23485.1
0.10107483	23672.2
0.10111565	23860.7
0.10122449	23672.2
0.1012585	22866.9
0.10129252	22523.3
0.10133333	21930.3
0.10136735	19839.0
0.10140136	17690.1
0.10144218	15705.9
0.10147619	14321.2
0.1015102	12380.2
0.10155102	11207.6
0.10158503	10066.0
0.10161905	9536.1
0.10165986	8533.9
0.10169388	7516.84
0.10172789	6908.73
0.10176871	6400.38
0.10180272	5882.59
0.10183673	5512.97
0.10187075	4894.61
0.10191157	4567.27
0.10194558	4326.85
0.10197959	4087.27
0.10202041	3827.7
0.10205442	3571.71
0.10208843	3386.14
0.10212925	3159.68
0.10216327	2904.06
0.10219728	2638.51
0.10223809	2519.52
0.10227211	2334.13
0.10230612	2178.03
0.10238095	1987.45
0.1024898	1808.32
0.10256463	1700.82
0.10263265	1624.12
0.1027415	1534.19
0.10285034	1470.29
0.10295918	1420.28
0.10306803	1371.96
0.10321088	1335.85
0.10331973	1310.09
0.10342857	1290.4
0.10353742	1271.01
0.10361224	1260.97
0.10372109	1246.51
0.10386395	1237.55
0.10404762	1223.36
0.10419048	1209.33
0.10437415	1199.77
0.10455102	1195.46
0.10484354	1190.29
0.105	1190.29
0.15	1281.13
0.150040816	1286.69
0.150122449	1298.81
0.150251701	1321.48
0.150292517	1345.51
0.150333333	1363.09
0.15037415	1381.89
0.150414966	1431.59
0.150462585	1470.29
0.150503401	1502.44
0.15052381	1543.06
0.150544218	1834.58
0.150585034	1892.35
0.15062585	2041.18
0.150639456	2230.48
0.150646259	2470.95
0.150659864	2534.1
0.150680272	2698.15
0.15070068	2860.42
0.150734694	3299.37
0.150755102	3477.69
0.15077551	3702.83
0.150789116	4107.95
0.150809524	4339.34
0.150829932	4443.83
0.150843537	5226.53
0.150863946	6568.68
0.150870748	7049.62
0.150891156	8657.85
0.150911565	10286.1
0.150931973	12569.1
0.150952381	15525.7
0.150972789	19095.1
0.1510068	21835.7
0.1510136	22426.0
0.15104082	23049.0
0.15105442	23485.1
0.15107483	23672.2
0.15111565	23860.7
0.15122449	23672.2
0.1512585	22866.9
0.15129252	22523.3
0.15133333	21930.3
0.15136735	19839.0
0.15140136	17690.1
0.15144218	15705.9
0.15147619	14321.2
0.1515102	12380.2
0.15155102	11207.6
0.15158503	10066.0
0.15161905	9536.1
0.15165986	8533.9
0.15169388	7516.84
0.15172789	6908.73
0.15176871	6400.38
0.15180272	5882.59
0.15183673	5512.97
0.15187075	4894.61
0.15191157	4567.27
0.15194558	4326.85
0.15197959	4087.27
0.15202041	3827.7
0.15205442	3571.71
0.15208843	3386.14
0.15212925	3159.68
0.15216327	2904.06
0.15219728	2638.51
0.15223809	2519.52
0.15227211	2334.13
0.15230612	2178.03
0.15238095	1987.45
0.1524898	1808.32
0.15256463	1700.82
0.15263265	1624.12
0.1527415	1534.19
0.15285034	1470.29
0.15295918	1420.28
0.15306803	1371.96
0.15321088	1335.85
0.15331973	1310.09
0.15342857	1290.4
0.15353742	1271.01
0.15361224	1260.97
0.15372109	1246.51
0.15386395	1237.55
0.15404762	1223.36
0.15419048	1209.33
0.15437415	1199.77
0.15455102	1195.46
0.15484354	1190.29
0.155	1190.29
0.2	1281.13
0.200040816	1286.69
0.200122449	1298.81
0.200251701	1321.48
0.200292517	1345.51
0.200333333	1363.09
0.20037415	1381.89
0.200414966	1431.59
0.200462585	1470.29
0.200503401	1502.44
0.20052381	1543.06
0.200544218	1834.58
0.200585034	1892.35
0.20062585	2041.18
0.200639456	2230.48
0.200646259	2470.95
0.200659864	2534.1
0.200680272	2698.15
0.20070068	2860.42
0.200734694	3299.37
0.200755102	3477.69
0.20077551	3702.83
0.200789116	4107.95
0.200809524	4339.34
0.200829932	4443.83
0.200843537	5226.53
0.200863946	6568.68
0.200870748	7049.62
0.200891156	8657.85
0.200911565	10286.1
0.200931973	12569.1
0.200952381	15525.7
0.200972789	19095.1
0.2010068	21835.7
0.2010136	22426.0
0.20104082	23049.0
0.20105442	23485.1
0.20107483	23672.2
0.20111565	23860.7
0.20122449	23672.2
0.2012585	22866.9
0.20129252	22523.3
0.20133333	21930.3
0.20136735	19839.0
0.20140136	17690.1
0.20144218	15705.9
0.20147619	14321.2
0.2015102	12380.2
0.20155102	11207.6
0.20158503	10066.0
0.20161905	9536.1
0.20165986	8533.9
0.20169388	7516.84
0.20172789	6908.73
0.20176871	6400.38
0.20180272	5882.59
0.20183673	5512.97
0.20187075	4894.61
0.20191157	4567.27
0.20194558	4326.85
0.20197959	4087.27
0.20202041	3827.7
0.20205442	3571.71
0.20208843	3386.14
0.20212925	3159.68
0.20216327	2904.06
0.20219728	2638.51
0.20223809	2519.52
0.20227211	2334.13
0.20230612	2178.03
0.20238095	1987.45
0.2024898	1808.32
0.20256463	1700.82
0.20263265	1624.12
0.2027415	1534.19
0.20285034	1470.29
0.20295918	1420.28
0.20306803	1371.96
0.20321088	1335.85
0.20331973	1310.09
0.20342857	1290.4
0.20353742	1271.01
0.20361224	1260.97
0.20372109	1246.51
0.20386395	1237.55
0.20404762	1223.36
0.20419048	1209.33
0.20437415	1199.77
0.20455102	1195.46
0.20484354	1190.29
0.205	1190.29
0.25	1281.13
0.250040816	1286.69
0.250122449	1298.81
0.250251701	1321.48
0.250292517	1345.51
0.250333333	1363.09
0.25037415	1381.89
0.250414966	1431.59
0.250462585	1470.29
0.250503401	1502.44
0.25052381	1543.06
0.250544218	1834.58
0.250585034	1892.35
0.25062585	2041.18
0.250639456	2230.48
0.250646259	2470.95
0.250659864	2534.1
0.250680272	2698.15
0.25070068	2860.42
0.250734694	3299.37
0.250755102	3477.69
0.25077551	3702.83
0.250789116	4107.95
0.250809524	4339.34
0.250829932	4443.83
0.250843537	5226.53
0.250863946	6568.68
0.250870748	7049.62
0.250891156	8657.85
0.250911565	10286.1
0.250931973	12569.1
0.250952381	15525.7
0.250972789	19095.1
0.2510068	21835.7
0.2510136	22426.0
0.25104082	23049.0
0.25105442	23485.1
0.25107483	23672.2
0.25111565	23860.7
0.25122449	23672.2
0.2512585	22866.9
0.25129252	22523.3
0.25133333	21930.3
0.25136735	19839.0
0.25140136	17690.1
0.25144218	15705.9
0.25147619	14321.2
0.2515102	12380.2
0.25155102	11207.6
0.25158503	10066.0
0.25161905	9536.1
0.25165986	8533.9
0.25169388	7516.84
0.25172789	6908.73
0.25176871	6400.38
0.25180272	5882.59
0.25183673	5512.97
0.25187075	4894.61
0.25191157	4567.27
0.25194558	4326.85
0.25197959	4087.27
0.25202041	3827.7
0.25205442	3571.71
0.25208843	3386.14
0.25212925	3159.68
0.25216327	2904.06
0.25219728	2638.51
0.25223809	2519.52
0.25227211	2334.13
0.25230612	2178.03
0.25238095	1987.45
0.2524898	1808.32
0.25256463	1700.82
0.25263265	1624.12
0.2527415	1534.19
0.25285034	1470.29
0.25295918	1420.28
0.25306803	1371.96
0.25321088	1335.85
0.25331973	1310.09
0.25342857	1290.4
0.25353742	1271.01
0.25361224	1260.97
0.25372109	1246.51
0.25386395	1237.55
0.25404762	1223.36
0.25419048	1209.33
0.25437415	1199.77
0.25455102	1195.46
0.25484354	1190.29
0.255	1190.29
0.3	1281.13
0.300040816	1286.69
0.300122449	1298.81
0.300251701	1321.48
0.300292517	1345.51
0.300333333	1363.09
0.30037415	1381.89
0.300414966	1431.59
0.300462585	1470.29
0.300503401	1502.44
0.30052381	1543.06
0.300544218	1834.58
0.300585034	1892.35
0.30062585	2041.18
0.300639456	2230.48
0.300646259	2470.95
0.300659864	2534.1
0.300680272	2698.15
0.30070068	2860.42
0.300734694	3299.37
0.300755102	3477.69
0.30077551	3702.83
0.300789116	4107.95
0.300809524	4339.34
0.300829932	4443.83
0.300843537	5226.53
0.300863946	6568.68
0.300870748	7049.62
0.300891156	8657.85
0.300911565	10286.1
0.300931973	12569.1
0.300952381	15525.7
0.300972789	19095.1
0.3010068	21835.7
0.3010136	22426.0
0.30104082	23049.0
0.30105442	23485.1
0.30107483	23672.2
0.30111565	23860.7
0.30122449	23672.2
0.3012585	22866.9
0.30129252	22523.3
0.30133333	21930.3
0.30136735	19839.0
0.30140136	17690.1
0.30144218	15705.9
0.30147619	14321.2
0.3015102	12380.2
0.30155102	11207.6
0.30158503	10066.0
0.30161905	9536.1
0.30165986	8533.9
0.30169388	7516.84
0.30172789	6908.73
0.30176871	6400.38
0.30180272	5882.59
0.30183673	5512.97
0.30187075	4894.61
0.30191157	4567.27
0.30194558	4326.85
0.30197959	4087.27
0.30202041	3827.7
0.30205442	3571.71
0.30208843	3386.14
0.30212925	3159.68
0.30216327	2904.06
0.30219728	2638.51
0.30223809	2519.52
0.30227211	2334.13
0.30230612	2178.03
0.30238095	1987.45
0.3024898	1808.32
0.30256463	1700.82
0.30263265	1624.12
0.3027415	1534.19
0.30285034	1470.29
0.30295918	1420.28
0.30306803	1371.96
0.30321088	1335.85
0.30331973	1310.09
0.30342857	1290.4
0.30353742	1271.01
0.30361224	1260.97
0.30372109	1246.51
0.30386395	1237.55
0.30404762	1223.36
0.30419048	1209.33
0.30437415	1199.77
0.30455102	1195.46
0.30484354	1190.29
0.305	1190.29
0.35	1281.13
0.350040816	1286.69
0.350122449	1298.81
0.350251701	1321.48
0.350292517	1345.51
0.350333333	1363.09
0.35037415	1381.89
0.350414966	1431.59
0.350462585	1470.29
0.350503401	1502.44
0.35052381	1543.06
0.350544218	1834.58
0.350585034	1892.35
0.35062585	2041.18
0.350639456	2230.48
0.350646259	2470.95
0.350659864	2534.1
0.350680272	2698.15
0.35070068	2860.42
0.350734694	3299.37
0.350755102	3477.69
0.35077551	3702.83
0.350789116	4107.95
0.350809524	4339.34
0.350829932	4443.83
0.350843537	5226.53
0.350863946	6568.68
0.350870748	7049.62
0.350891156	8657.85
0.350911565	10286.1
0.350931973	12569.1
0.350952381	15525.7
0.350972789	19095.1
0.3510068	21835.7
0.3510136	22426.0
0.35104082	23049.0
0.35105442	23485.1
0.35107483	23672.2
0.35111565	23860.7
0.35122449	23672.2
0.3512585	22866.9
0.35129252	22523.3
0.35133333	21930.3
0.35136735	19839.0
0.35140136	17690.1
0.35144218	15705.9
0.35147619	14321.2
0.3515102	12380.2
0.35155102	11207.6
0.35158503	10066.0
0.35161905	9536.1
0.35165986	8533.9
0.35169388	7516.84
0.35172789	6908.73
0.35176871	6400.38
0.35180272	5882.59
0.35183673	5512.97
0.35187075	4894.61
0.35191157	4567.27
0.35194558	4326.85
0.35197959	4087.27
0.35202041	3827.7
0.35205442	3571.71
0.35208843	3386.14
0.35212925	3159.68
0.35216327	2904.06
0.35219728	2638.51
0.35223809	2519.52
0.35227211	2334.13
0.35230612	2178.03
0.35238095	1987.45
0.3524898	1808.32
0.35256463	1700.82
0.35263265	1624.12
0.3527415	1534.19
0.35285034	1470.29
0.35295918	1420.28
0.35306803	1371.96
0.35321088	1335.85
0.35331973	1310.09
0.35342857	1290.4
0.35353742	1271.01
0.35361224	1260.97
0.35372109	1246.51
0.35386395	1237.55
0.35404762	1223.36
0.35419048	1209.33
0.35437415	1199.77
0.35455102	1195.46
0.35484354	1190.29
0.355	1190.29
0.4	1281.13
0.400040816	1286.69
0.400122449	1298.81
0.400251701	1321.48
0.400292517	1345.51
0.400333333	1363.09
0.40037415	1381.89
0.400414966	1431.59
0.400462585	1470.29
0.400503401	1502.44
0.40052381	1543.06
0.400544218	1834.58
0.400585034	1892.35
0.40062585	2041.18
0.400639456	2230.48
0.400646259	2470.95
0.400659864	2534.1
0.400680272	2698.15
0.40070068	2860.42
0.400734694	3299.37
0.400755102	3477.69
0.40077551	3702.83
0.400789116	4107.95
0.400809524	4339.34
0.400829932	4443.83
0.400843537	5226.53
0.400863946	6568.68
0.400870748	7049.62
0.400891156	8657.85
0.400911565	10286.1
0.400931973	12569.1
0.400952381	15525.7
0.400972789	19095.1
0.4010068	21835.7
0.4010136	22426.0
0.40104082	23049.0
0.40105442	23485.1
0.40107483	23672.2
0.40111565	23860.7
0.40122449	23672.2
0.4012585	22866.9
0.40129252	22523.3
0.40133333	21930.3
0.40136735	19839.0
0.40140136	17690.1
0.40144218	15705.9
0.40147619	14321.2
0.4015102	12380.2
0.40155102	11207.6
0.40158503	10066.0
0.40161905	9536.1
0.40165986	8533.9
0.40169388	7516.84
0.40172789	6908.73
0.40176871	6400.38
0.40180272	5882.59
0.40183673	5512.97
0.40187075	4894.61
0.40191157	4567.27
0.40194558	4326.85
0.40197959	4087.27
0.40202041	3827.7
0.40205442	3571.71
0.40208843	3386.14
0.40212925	3159.68
0.40216327	2904.06
0.40219728	2638.51
0.40223809	2519.52
0.40227211	2334.13
0.40230612	2178.03
0.40238095	1987.45
0.4024898	1808.32
0.40256463	1700.82
0.40263265	1624.12
0.4027415	1534.19
0.40285034	1470.29
0.40295918	1420.28
0.40306803	1371.96
0.40321088	1335.85
0.40331973	1310.09
0.40342857	1290.4
0.40353742	1271.01
0.40361224	1260.97
0.40372109	1246.51
0.40386395	1237.55
0.40404762	1223.36
0.40419048	1209.33
0.40437415	1199.77
0.40455102	1195.46
0.40484354	1190.29
0.405	1190.29
0.45	1281.13
0.450040816	1286.69
0.450122449	1298.81
0.450251701	1321.48
0.450292517	1345.51
0.450333333	1363.09
0.45037415	1381.89
0.450414966	1431.59
0.450462585	1470.29
0.450503401	1502.44
0.45052381	1543.06
0.450544218	1834.58
0.450585034	1892.35
0.45062585	2041.18
0.450639456	2230.48
0.450646259	2470.95
0.450659864	2534.1
0.450680272	2698.15
0.45070068	2860.42
0.450734694	3299.37
0.450755102	3477.69
0.45077551	3702.83
0.450789116	4107.95
0.450809524	4339.34
0.450829932	4443.83
0.450843537	5226.53
0.450863946	6568.68
0.450870748	7049.62
0.450891156	8657.85
0.450911565	10286.1
0.450931973	12569.1
0.450952381	15525.7
0.450972789	19095.1
0.4510068	21835.7
0.4510136	22426.0
0.45104082	23049.0
0.45105442	23485.1
0.45107483	23672.2
0.45111565	23860.7
0.45122449	23672.2
0.4512585	22866.9
0.45129252	22523.3
0.45133333	21930.3
0.45136735	19839.0
0.45140136	17690.1
0.45144218	15705.9
0.45147619	14321.2
0.4515102	12380.2
0.45155102	11207.6
0.45158503	10066.0
0.45161905	9536.1
0.45165986	8533.9
0.45169388	7516.84
0.45172789	6908.73
0.45176871	6400.38
0.45180272	5882.59
0.45183673	5512.97
0.45187075	4894.61
0.45191157	4567.27
0.45194558	4326.85
0.45197959	4087.27
0.45202041	3827.7
0.45205442	3571.71
0.45208843	3386.14
0.45212925	3159.68
0.45216327	2904.06
0.45219728	2638.51
0.45223809	2519.52
0.45227211	2334.13
0.45230612	2178.03
0.45238095	1987.45
0.4524898	1808.32
0.45256463	1700.82
0.45263265	1624.12
0.4527415	1534.19
0.45285034	1470.29
0.45295918	1420.28
0.45306803	1371.96
0.45321088	1335.85
0.45331973	1310.09
0.45342857	1290.4
0.45353742	1271.01
0.45361224	1260.97
0.45372109	1246.51
0.45386395	1237.55
0.45404762	1223.36
0.45419048	1209.33
0.45437415	1199.77
0.45455102	1195.46
0.45484354	1190.29
0.455	1190.29
0.5	1281.13
0.500040816	1286.69
0.500122449	1298.81
0.500251701	1321.48
0.500292517	1345.51
0.500333333	1363.09
0.50037415	1381.89
0.500414966	1431.59
0.500462585	1470.29
0.500503401	1502.44
0.50052381	1543.06
0.500544218	1834.58
0.500585034	1892.35
0.50062585	2041.18
0.500639456	2230.48
0.500646259	2470.95
0.500659864	2534.1
0.500680272	2698.15
0.50070068	2860.42
0.500734694	3299.37
0.500755102	3477.69
0.50077551	3702.83
0.500789116	4107.95
0.500809524	4339.34
0.500829932	4443.83
0.500843537	5226.53
0.500863946	6568.68
0.500870748	7049.62
0.500891156	8657.85
0.500911565	10286.1
0.500931973	12569.1
0.500952381	15525.7
0.500972789	19095.1
0.5010068	21835.7
0.5010136	22426.0
0.50104082	23049.0
0.50105442	23485.1
0.50107483	23672.2
0.50111565	23860.7
0.50122449	23672.2
0.5012585	22866.9
0.50129252	22523.3
0.50133333	21930.3
0.50136735	19839.0
0.50140136	17690.1
0.50144218	15705.9
0.50147619	14321.2
0.5015102	12380.2
0.50155102	11207.6
0.50158503	10066.0
0.50161905	9536.1
0.50165986	8533.9
0.50169388	7516.84
0.50172789	6908.73
0.50176871	6400.38
0.50180272	5882.59
0.50183673	5512.97
0.50187075	4894.61
0.50191157	4567.27
0.50194558	4326.85
0.50197959	4087.27
0.50202041	3827.7
0.50205442	3571.71
0.50208843	3386.14
0.50212925	3159.68
0.50216327	2904.06
0.50219728	2638.51
0.50223809	2519.52
0.50227211	2334.13
0.50230612	2178.03
0.50238095	1987.45
0.5024898	1808.32
0.50256463	1700.82
0.50263265	1624.12
0.5027415	1534.19
0.50285034	1470.29
0.50295918	1420.28
0.50306803	1371.96
0.50321088	1335.85
0.50331973	1310.09
0.50342857	1290.4
0.50353742	1271.01
0.50361224	1260.97
0.50372109	1246.51
0.50386395	1237.55
0.50404762	1223.36
0.50419048	1209.33
0.50437415	1199.77
0.50455102	1195.46
0.50484354	1190.29
0.505	1190.29
0.55	1281.13
0.550040816	1286.69
0.550122449	1298.81
0.550251701	1321.48
0.550292517	1345.51
0.550333333	1363.09
0.55037415	1381.89
0.550414966	1431.59
0.550462585	1470.29
0.550503401	1502.44
0.55052381	1543.06
0.550544218	1834.58
0.550585034	1892.35
0.55062585	2041.18
0.550639456	2230.48
0.550646259	2470.95
0.550659864	2534.1
0.550680272	2698.15
0.55070068	2860.42
0.550734694	3299.37
0.550755102	3477.69
0.55077551	3702.83
0.550789116	4107.95
0.550809524	4339.34
0.550829932	4443.83
0.550843537	5226.53
0.550863946	6568.68
0.550870748	7049.62
0.550891156	8657.85
0.550911565	10286.1
0.550931973	12569.1
0.550952381	15525.7
0.550972789	19095.1
0.5510068	21835.7
0.5510136	22426.0
0.55104082	23049.0
0.55105442	23485.1
0.55107483	23672.2
0.55111565	23860.7
0.55122449	23672.2
0.5512585	22866.9
0.55129252	22523.3
0.55133333	21930.3
0.55136735	19839.0
0.55140136	17690.1
0.55144218	15705.9
0.55147619	14321.2
0.5515102	12380.2
0.55155102	11207.6
0.55158503	10066.0
0.55161905	9536.1
0.55165986	8533.9
0.55169388	7516.84
0.55172789	6908.73
0.55176871	6400.38
0.55180272	5882.59
0.55183673	5512.97
0.55187075	4894.61
0.55191157	4567.27
0.55194558	4326.85
0.55197959	4087.27
0.55202041	3827.7
0.55205442	3571.71
0.55208843	3386.14
0.55212925	3159.68
0.55216327	2904.06
0.55219728	2638.51
0.55223809	2519.52
0.55227211	2334.13
0.55230612	2178.03
0.55238095	1987.45
0.5524898	1808.32
0.55256463	1700.82
0.55263265	1624.12
0.5527415	1534.19
0.55285034	1470.29
0.55295918	1420.28
0.55306803	1371.96
0.55321088	1335.85
0.55331973	1310.09
0.55342857	1290.4
0.55353742	1271.01
0.55361224	1260.97
0.55372109	1246.51
0.55386395	1237.55
0.55404762	1223.36
0.55419048	1209.33
0.55437415	1199.77
0.55455102	1195.46
0.55484354	1190.29
0.555	1190.29
0.6	1281.13
0.600040816	1286.69
0.600122449	1298.81
0.600251701	1321.48
0.600292517	1345.51
0.600333333	1363.09
0.60037415	1381.89
0.600414966	1431.59
0.600462585	1470.29
0.600503401	1502.44
0.60052381	1543.06
0.600544218	1834.58
0.600585034	1892.35
0.60062585	2041.18
0.600639456	2230.48
0.600646259	2470.95
0.600659864	2534.1
0.600680272	2698.15
0.60070068	2860.42
0.600734694	3299.37
0.600755102	3477.69
0.60077551	3702.83
0.600789116	4107.95
0.600809524	4339.34
0.600829932	4443.83
0.600843537	5226.53
0.600863946	6568.68
0.600870748	7049.62
0.600891156	8657.85
0.600911565	10286.1
0.600931973	12569.1
0.600952381	15525.7
0.600972789	19095.1
0.6010068	21835.7
0.6010136	22426.0
0.60104082	23049.0
0.60105442	23485.1
0.60107483	23672.2
0.60111565	23860.7
0.60122449	23672.2
0.6012585	22866.9
0.60129252	22523.3
0.60133333	21930.3
0.60136735	19839.0
0.60140136	17690.1
0.60144218	15705.9
0.60147619	14321.2
0.6015102	12380.2
0.60155102	11207.6
0.60158503	10066.0
0.60161905	9536.1
0.60165986	8533.9
0.60169388	7516.84
0.60172789	6908.73
0.60176871	6400.38
0.60180272	5882.59
0.60183673	5512.97
0.60187075	4894.61
0.60191157	4567.27
0.60194558	4326.85
0.60197959	4087.27
0.60202041	3827.7
0.60205442	3571.71
0.60208843	3386.14
0.60212925	3159.68
0.60216327	2904.06
0.60219728	2638.51
0.60223809	2519.52
0.60227211	2334.13
0.60230612	2178.03
0.60238095	1987.45
0.6024898	1808.32
0.60256463	1700.82
0.60263265	1624.12
0.6027415	1534.19
0.60285034	1470.29
0.60295918	1420.28
0.60306803	1371.96
0.60321088	1335.85
0.60331973	1310.09
0.60342857	1290.4
0.60353742	1271.01
0.60361224	1260.97
0.60372109	1246.51
0.60386395	1237.55
0.60404762	1223.36
0.60419048	1209.33
0.60437415	1199.77
0.60455102	1195.46
0.60484354	1190.29
0.605	1190.29
0.65	1281.13
0.650040816	1286.69
0.650122449	1298.81
0.650251701	1321.48
0.650292517	1345.51
0.650333333	1363.09
0.65037415	1381.89
0.650414966	1431.59
0.650462585	1470.29
0.650503401	1502.44
0.65052381	1543.06
0.650544218	1834.58
0.650585034	1892.35
0.65062585	2041.18
0.650639456	2230.48
0.650646259	2470.95
0.650659864	2534.1
0.650680272	2698.15
0.65070068	2860.42
0.650734694	3299.37
0.650755102	3477.69
0.65077551	3702.83
0.650789116	4107.95
0.650809524	4339.34
0.650829932	4443.83
0.650843537	5226.53
0.650863946	6568.68
0.650870748	7049.62
0.650891156	8657.85
0.650911565	10286.1
0.650931973	12569.1
0.650952381	15525.7
0.650972789	19095.1
0.6510068	21835.7
0.6510136	22426.0
0.65104082	23049.0
0.65105442	23485.1
0.65107483	23672.2
0.65111565	23860.7
0.65122449	23672.2
0.6512585	22866.9
0.65129252	22523.3
0.65133333	21930.3
0.65136735	19839.0
0.65140136	17690.1
0.65144218	15705.9
0.65147619	14321.2
0.6515102	12380.2
0.65155102	11207.6
0.65158503	10066.0
0.65161905	9536.1
0.65165986	8533.9
0.65169388	7516.84
0.65172789	6908.73
0.65176871	6400.38
0.65180272	5882.59
0.65183673	5512.97
0.65187075	4894.61
0.65191157	4567.27
0.65194558	4326.85
0.65197959	4087.27
0.65202041	3827.7
0.65205442	3571.71
0.65208843	3386.14
0.65212925	3159.68
0.65216327	2904.06
0.65219728	2638.51
0.65223809	2519.52
0.65227211	2334.13
0.65230612	2178.03
0.65238095	1987.45
0.6524898	1808.32
0.65256463	1700.82
0.65263265	1624.12
0.6527415	1534.19
0.65285034	1470.29
0.65295918	1420.28
0.65306803	1371.96
0.65321088	1335.85
0.65331973	1310.09
0.65342857	1290.4
0.65353742	1271.01
0.65361224	1260.97
0.65372109	1246.51
0.65386395	1237.55
0.65404762	1223.36
0.65419048	1209.33
0.65437415	1199.77
0.65455102	1195.46
0.65484354	1190.29
0.655	1190.29
0.7	1281.13
0.700040816	1286.69
0.700122449	1298.81
0.700251701	1321.48
0.700292517	1345.51
0.700333333	1363.09
0.70037415	1381.89
0.700414966	1431.59
0.700462585	1470.29
0.700503401	1502.44
0.70052381	1543.06
0.700544218	1834.58
0.700585034	1892.35
0.70062585	2041.18
0.700639456	2230.48
0.700646259	2470.95
0.700659864	2534.1
0.700680272	2698.15
0.70070068	2860.42
0.700734694	3299.37
0.700755102	3477.69
0.70077551	3702.83
0.700789116	4107.95
0.700809524	4339.34
0.700829932	4443.83
0.700843537	5226.53
0.700863946	6568.68
0.700870748	7049.62
0.700891156	8657.85
0.700911565	10286.1
0.700931973	12569.1
0.700952381	15525.7
0.700972789	19095.1
0.7010068	21835.7
0.7010136	22426.0
0.70104082	23049.0
0.70105442	23485.1
0.70107483	23672.2
0.70111565	23860.7
0.70122449	23672.2
0.7012585	22866.9
0.70129252	22523.3
0.70133333	21930.3
0.70136735	19839.0
0.70140136	17690.1
0.70144218	15705.9
0.70147619	14321.2
0.7015102	12380.2
0.70155102	11207.6
0.70158503	10066.0
0.70161905	9536.1
0.70165986	8533.9
0.70169388	7516.84
0.70172789	6908.73
0.70176871	6400.38
0.70180272	5882.59
0.70183673	5512.97
0.70187075	4894.61
0.70191157	4567.27
0.70194558	4326.85
0.70197959	4087.27
0.70202041	3827.7
0.70205442	3571.71
0.70208843	3386.14
0.70212925	3159.68
0.70216327	2904.06
0.70219728	2638.51
0.70223809	2519.52
0.70227211	2334.13
0.70230612	2178.03
0.70238095	1987.45
0.7024898	1808.32
0.70256463	1700.82
0.70263265	1624.12
0.7027415	1534.19
0.70285034	1470.29
0.70295918	1420.28
0.70306803	1371.96
0.70321088	1335.85
0.70331973	1310.09
0.70342857	1290.4
0.70353742	1271.01
0.70361224	1260.97
0.70372109	1246.51
0.70386395	1237.55
0.70404762	1223.36
0.70419048	1209.33
0.70437415	1199.77
0.70455102	1195.46
0.70484354	1190.29
0.705	1190.29
0.75	1281.13
0.750040816	1286.69
0.750122449	1298.81
0.750251701	1321.48
0.750292517	1345.51
0.750333333	1363.09
0.75037415	1381.89
0.750414966	1431.59
0.750462585	1470.29
0.750503401	1502.44
0.75052381	1543.06
0.750544218	1834.58
0.750585034	1892.35
0.75062585	2041.18
0.750639456	2230.48
0.750646259	2470.95
0.750659864	2534.1
0.750680272	2698.15
0.75070068	2860.42
0.750734694	3299.37
0.750755102	3477.69
0.75077551	3702.83
0.750789116	4107.95
0.750809524	4339.34
0.750829932	4443.83
0.750843537	5226.53
0.750863946	6568.68
0.750870748	7049.62
0.750891156	8657.85
0.750911565	10286.1
0.750931973	12569.1
0.750952381	15525.7
0.750972789	19095.1
0.7510068	21835.7
0.7510136	22426.0
0.75104082	23049.0
0.75105442	23485.1
0.75107483	23672.2
0.75111565	23860.7
0.75122449	23672.2
0.7512585	22866.9
0.75129252	22523.3
0.75133333	21930.3
0.75136735	19839.0
0.75140136	17690.1
0.75144218	15705.9
0.75147619	14321.2
0.7515102	12380.2
0.75155102	11207.6
0.75158503	10066.0
0.75161905	9536.1
0.75165986	8533.9
0.75169388	7516.84
0.75172789	6908.73
0.75176871	6400.38
0.75180272	5882.59
0.75183673	5512.97
0.75187075	4894.61
0.75191157	4567.27
0.75194558	4326.85
0.75197959	4087.27
0.75202041	3827.7
0.75205442	3571.71
0.75208843	3386.14
0.75212925	3159.68
0.75216327	2904.06
0.75219728	2638.51
0.75223809	2519.52
0.75227211	2334.13
0.75230612	2178.03
0.75238095	1987.45
0.7524898	1808.32
0.75256463	1700.82
0.75263265	1624.12
0.7527415	1534.19
0.75285034	1470.29
0.75295918	1420.28
0.75306803	1371.96
0.75321088	1335.85
0.75331973	1310.09
0.75342857	1290.4
0.75353742	1271.01
0.75361224	1260.97
0.75372109	1246.51
0.75386395	1237.55
0.75404762	1223.36
0.75419048	1209.33
0.75437415	1199.77
0.75455102	1195.46
0.75484354	1190.29
0.755	1190.29
0.8	1281.13
0.800040816	1286.69
0.800122449	1298.81
0.800251701	1321.48
0.800292517	1345.51
0.800333333	1363.09
0.80037415	1381.89
0.800414966	1431.59
0.800462585	1470.29
0.800503401	1502.44
0.80052381	1543.06
0.800544218	1834.58
0.800585034	1892.35
0.80062585	2041.18
0.800639456	2230.48
0.800646259	2470.95
0.800659864	2534.1
0.800680272	2698.15
0.80070068	2860.42
0.800734694	3299.37
0.800755102	3477.69
0.80077551	3702.83
0.800789116	4107.95
0.800809524	4339.34
0.800829932	4443.83
0.800843537	5226.53
0.800863946	6568.68
0.800870748	7049.62
0.800891156	8657.85
0.800911565	10286.1
0.800931973	12569.1
0.800952381	15525.7
0.800972789	19095.1
0.8010068	21835.7
0.8010136	22426.0
0.80104082	23049.0
0.80105442	23485.1
0.80107483	23672.2
0.80111565	23860.7
0.80122449	23672.2
0.8012585	22866.9
0.80129252	22523.3
0.80133333	21930.3
0.80136735	19839.0
0.80140136	17690.1
0.80144218	15705.9
0.80147619	14321.2
0.8015102	12380.2
0.80155102	11207.6
0.80158503	10066.0
0.80161905	9536.1
0.80165986	8533.9
0.80169388	7516.84
0.80172789	6908.73
0.80176871	6400.38
0.80180272	5882.59
0.80183673	5512.97
0.80187075	4894.61
0.80191157	4567.27
0.80194558	4326.85
0.80197959	4087.27
0.80202041	3827.7
0.80205442	3571.71
0.80208843	3386.14
0.80212925	3159.68
0.80216327	2904.06
0.80219728	2638.51
0.80223809	2519.52
0.80227211	2334.13
0.80230612	2178.03
0.80238095	1987.45
0.8024898	1808.32
0.80256463	1700.82
0.80263265	1624.12
0.8027415	1534.19
0.80285034	1470.29
0.80295918	1420.28
0.80306803	1371.96
0.80321088	1335.85
0.80331973	1310.09
0.80342857	1290.4
0.80353742	1271.01
0.80361224	1260.97
0.80372109	1246.51
0.80386395	1237.55
0.80404762	1223.36
0.80419048	1209.33
0.80437415	1199.77
0.80455102	1195.46
0.80484354	1190.29
0.805	1190.29
0.85	1281.13
0.850040816	1286.69
0.850122449	1298.81
0.850251701	1321.48
0.850292517	1345.51
0.850333333	1363.09
0.85037415	1381.89
0.850414966	1431.59
0.850462585	1470.29
0.850503401	1502.44
0.85052381	1543.06
0.850544218	1834.58
0.850585034	1892.35
0.85062585	2041.18
0.850639456	2230.48
0.850646259	2470.95
0.850659864	2534.1
0.850680272	2698.15
0.85070068	2860.42
0.850734694	3299.37
0.850755102	3477.69
0.85077551	3702.83
0.850789116	4107.95
0.850809524	4339.34
0.850829932	4443.83
0.850843537	5226.53
0.850863946	6568.68
0.850870748	7049.62
0.850891156	8657.85
0.850911565	10286.1
0.850931973	12569.1
0.850952381	15525.7
0.850972789	19095.1
0.8510068	21835.7
0.8510136	22426.0
0.85104082	23049.0
0.85105442	23485.1
0.85107483	23672.2
0.85111565	23860.7
0.85122449	23672.2
0.8512585	22866.9
0.85129252	22523.3
0.85133333	21930.3
0.85136735	19839.0
0.85140136	17690.1
0.85144218	15705.9
0.85147619	14321.2
0.8515102	12380.2
0.85155102	11207.6
0.85158503	10066.0
0.85161905	9536.1
0.85165986	8533.9
0.85169388	7516.84
0.85172789	6908.73
0.85176871	6400.38
0.85180272	5882.59
0.85183673	5512.97
0.85187075	4894.61
0.85191157	4567.27
0.85194558	4326.85
0.85197959	4087.27
0.85202041	3827.7
0.85205442	3571.71
0.85208843	3386.14
0.85212925	3159.68
0.85216327	2904.06
0.85219728	2638.51
0.85223809	2519.52
0.85227211	2334.13
0.85230612	2178.03
0.85238095	1987.45
0.8524898	1808.32
0.85256463	1700.82
0.85263265	1624.12
0.8527415	1534.19
0.85285034	1470.29
0.85295918	1420.28
0.85306803	1371.96
0.85321088	1335.85
0.85331973	1310.09
0.85342857	1290.4
0.85353742	1271.01
0.85361224	1260.97
0.85372109	1246.51
0.85386395	1237.55
0.85404762	1223.36
0.85419048	1209.33
0.85437415	1199.77
0.85455102	1195.46
0.85484354	1190.29
0.855	1190.29
0.9	1281.13
0.900040816	1286.69
0.900122449	1298.81
0.900251701	1321.48
0.900292517	1345.51
0.900333333	1363.09
0.90037415	1381.89
0.900414966	1431.59
0.900462585	1470.29
0.900503401	1502.44
0.90052381	1543.06
0.900544218	1834.58
0.900585034	1892.35
0.90062585	2041.18
0.900639456	2230.48
0.900646259	2470.95
0.900659864	2534.1
0.900680272	2698.15
0.90070068	2860.42
0.900734694	3299.37
0.900755102	3477.69
0.90077551	3702.83
0.900789116	4107.95
0.900809524	4339.34
0.900829932	4443.83
0.900843537	5226.53
0.900863946	6568.68
0.900870748	7049.62
0.900891156	8657.85
0.900911565	10286.1
0.900931973	12569.1
0.900952381	15525.7
0.900972789	19095.1
0.9010068	21835.7
0.9010136	22426.0
0.90104082	23049.0
0.90105442	23485.1
0.90107483	23672.2
0.90111565	23860.7
0.90122449	23672.2
0.9012585	22866.9
0.90129252	22523.3
0.90133333	21930.3
0.90136735	19839.0
0.90140136	17690.1
0.90144218	15705.9
0.90147619	14321.2
0.9015102	12380.2
0.90155102	11207.6
0.90158503	10066.0
0.90161905	9536.1
0.90165986	8533.9
0.90169388	7516.84
0.90172789	6908.73
0.90176871	6400.38
0.90180272	5882.59
0.90183673	5512.97
0.90187075	4894.61
0.90191157	4567.27
0.90194558	4326.85
0.90197959	4087.27
0.90202041	3827.7
0.90205442	3571.71
0.90208843	3386.14
0.90212925	3159.68
0.90216327	2904.06
0.90219728	2638.51
0.90223809	2519.52
0.90227211	2334.13
0.90230612	2178.03
0.90238095	1987.45
0.9024898	1808.32
0.90256463	1700.82
0.90263265	1624.12
0.9027415	1534.19
0.90285034	1470.29
0.90295918	1420.28
0.90306803	1371.96
0.90321088	1335.85
0.90331973	1310.09
0.90342857	1290.4
0.90353742	1271.01
0.90361224	1260.97
0.90372109	1246.51
0.90386395	1237.55
0.90404762	1223.36
0.90419048	1209.33
0.90437415	1199.77
0.90455102	1195.46
0.90484354	1190.29
0.905	1190.29
0.95	1281.13
0.950040816	1286.69
0.950122449	1298.81
0.950251701	1321.48
0.950292517	1345.51
0.950333333	1363.09
0.95037415	1381.89
0.950414966	1431.59
0.950462585	1470.29
0.950503401	1502.44
0.95052381	1543.06
0.950544218	1834.58
0.950585034	1892.35
0.95062585	2041.18
0.950639456	2230.48
0.950646259	2470.95
0.950659864	2534.1
0.950680272	2698.15
0.95070068	2860.42
0.950734694	3299.37
0.950755102	3477.69
0.95077551	3702.83
0.950789116	4107.95
0.950809524	4339.34
0.950829932	4443.83
0.950843537	5226.53
0.950863946	6568.68
0.950870748	7049.62
0.950891156	8657.85
0.950911565	10286.1
0.950931973	12569.1
0.950952381	15525.7
0.950972789	19095.1
0.9510068	21835.7
0.9510136	22426.0
0.95104082	23049.0
0.95105442	23485.1
0.95107483	23672.2
0.95111565	23860.7
0.95122449	23672.2
0.9512585	22866.9
0.95129252	22523.3
0.95133333	21930.3
0.95136735	19839.0
0.95140136	17690.1
0.95144218	15705.9
0.95147619	14321.2
0.9515102	12380.2
0.95155102	11207.6
0.95158503	10066.0
0.95161905	9536.1
0.95165986	8533.9
0.95169388	7516.84
0.95172789	6908.73
0.95176871	6400.38
0.95180272	5882.59
0.95183673	5512.97
0.95187075	4894.61
0.95191157	4567.27
0.95194558	4326.85
0.95197959	4087.27
0.95202041	3827.7
0.95205442	3571.71
0.95208843	3386.14
0.95212925	3159.68
0.95216327	2904.06
0.95219728	2638.51
0.95223809	2519.52
0.95227211	2334.13
0.95230612	2178.03
0.95238095	1987.45
0.9524898	1808.32
0.95256463	1700.82
0.95263265	1624.12
0.9527415	1534.19
0.95285034	1470.29
0.95295918	1420.28
0.95306803	1371.96
0.95321088	1335.85
0.95331973	1310.09
0.95342857	1290.4
0.95353742	1271.01
0.95361224	1260.97
0.95372109	1246.51
0.95386395	1237.55
0.95404762	1223.36
0.95419048	1209.33
0.95437415	1199.77
0.95455102	1195.46
0.95484354	1190.29
0.955	1190.29
