0.0	1247.06
4.0816e-05	1251.17
0.000122449	1260.13
0.000251701	1276.83
0.000292517	1294.46
0.000333333	1307.3
0.00037415	1321.0
0.000414966	1356.98
0.000462585	1384.8
0.000503401	1407.78
0.00052381	1436.64
0.000544218	1638.78
0.000585034	1677.9
0.00062585	1777.37
0.000639456	1901.43
0.000646259	2055.45
0.000659864	2095.29
0.000680272	2197.7
0.00070068	2297.55
0.000734694	2561.13
0.000755102	2665.77
0.00077551	2796.07
0.000789116	3025.88
0.000809524	3154.68
0.000829932	3212.31
0.000843537	3634.26
0.000863946	4324.46
0.000870748	4563.28
0.000891156	5335.43
0.000911565	6082.81
0.000931973	7084.83
0.000952381	8320.08
0.000972789	9738.6
0.0010068	10784.6
0.0010136	11005.7
0.00104082	11237.6
0.00105442	11399.0
0.00107483	11467.9
0.00111565	11537.4
0.00122449	11467.9
0.0012585	11170.0
0.00129252	11042.0
0.00133333	10820.2
0.00136735	10025.9
0.00140136	9188.51
0.00144218	8393.42
0.00147619	7824.33
0.0015102	7003.69
0.00155102	6493.1
0.00158503	5983.53
0.00161905	5742.37
0.00165986	5277.22
0.00169388	4791.58
0.00172789	4493.73
0.00176871	4239.9
0.00180272	3976.35
0.00183673	3784.81
0.00187075	3457.31
0.00191157	3279.97
0.00194558	3147.77
0.00197959	3014.28
0.00202041	2867.51
0.00205442	2720.42
0.00208843	2612.21
0.00212925	2478.22
0.00216327	2324.17
0.00219728	2160.65
0.00223809	2086.12
0.00227211	1968.28
0.00230612	1867.32
0.00238095	1741.66
0.0024898	1620.9
0.00256463	1547.07
0.00263265	1493.7
0.0027415	1430.35
0.00285034	1384.8
0.00295918	1348.82
0.00306803	1313.77
0.00321088	1287.38
0.00331973	1268.45
0.00342857	1253.92
0.00353742	1239.56
0.00361224	1232.11
0.00372109	1221.34
0.00386395	1214.66
0.00404762	1204.04
0.00419048	1193.52
0.00437415	1186.34
0.00455102	1183.09
0.00484354	1179.21
0.005	1179.21
1.0	1247.06
1.000040816	1251.17
1.000122449	1260.13
1.000251701	1276.83
1.000292517	1294.46
1.000333333	1307.3
1.00037415	1321.0
1.000414966	1356.98
1.000462585	1384.8
1.000503401	1407.78
1.00052381	1436.64
1.000544218	1638.78
1.000585034	1677.9
1.00062585	1777.37
1.000639456	1901.43
1.000646259	2055.45
1.000659864	2095.29
1.000680272	2197.7
1.00070068	2297.55
1.000734694	2561.13
1.000755102	2665.77
1.00077551	2796.07
1.000789116	3025.88
1.000809524	3154.68
1.000829932	3212.31
1.000843537	3634.26
1.000863946	4324.46
1.000870748	4563.28
1.000891156	5335.43
1.000911565	6082.81
1.000931973	7084.83
1.000952381	8320.08
1.000972789	9738.6
1.0010068	10784.6
1.0010136	11005.7
1.00104082	11237.6
1.00105442	11399.0
1.00107483	11467.9
1.00111565	11537.4
1.00122449	11467.9
1.0012585	11170.0
1.00129252	11042.0
1.00133333	10820.2
1.00136735	10025.9
1.00140136	9188.51
1.00144218	8393.42
1.00147619	7824.33
1.0015102	7003.69
1.00155102	6493.1
1.00158503	5983.53
1.00161905	5742.37
1.00165986	5277.22
1.00169388	4791.58
1.00172789	4493.73
1.00176871	4239.9
1.00180272	3976.35
1.00183673	3784.81
1.00187075	3457.31
1.00191157	3279.97
1.00194558	3147.77
1.00197959	3014.28
1.00202041	2867.51
1.00205442	2720.42
1.00208843	2612.21
1.00212925	2478.22
1.00216327	2324.17
1.00219728	2160.65
1.00223809	2086.12
1.00227211	1968.28
1.00230612	1867.32
1.00238095	1741.66
1.0024898	1620.9
1.00256463	1547.07
1.00263265	1493.7
1.0027415	1430.35
1.00285034	1384.8
1.00295918	1348.82
1.00306803	1313.77
1.00321088	1287.38
1.00331973	1268.45
1.00342857	1253.92
1.00353742	1239.56
1.00361224	1232.11
1.00372109	1221.34
1.00386395	1214.66
1.00404762	1204.04
1.00419048	1193.52
1.00437415	1186.34
1.00455102	1183.09
1.00484354	1179.21
1.005	1179.21
2.0	1247.06
2.000040816	1251.17
2.000122449	1260.13
2.000251701	1276.83
2.000292517	1294.46
2.000333333	1307.3
2.00037415	1321.0
2.000414966	1356.98
2.000462585	1384.8
2.000503401	1407.78
2.00052381	1436.64
2.000544218	1638.78
2.000585034	1677.9
2.00062585	1777.37
2.000639456	1901.43
2.000646259	2055.45
2.000659864	2095.29
2.000680272	2197.7
2.00070068	2297.55
2.000734694	2561.13
2.000755102	2665.77
2.00077551	2796.07
2.000789116	3025.88
2.000809524	3154.68
2.000829932	3212.31
2.000843537	3634.26
2.000863946	4324.46
2.000870748	4563.28
2.000891156	5335.43
2.000911565	6082.81
2.000931973	7084.83
2.000952381	8320.08
2.000972789	9738.6
2.0010068	10784.6
2.0010136	11005.7
2.00104082	11237.6
2.00105442	11399.0
2.00107483	11467.9
2.00111565	11537.4
2.00122449	11467.9
2.0012585	11170.0
2.00129252	11042.0
2.00133333	10820.2
2.00136735	10025.9
2.00140136	9188.51
2.00144218	8393.42
2.00147619	7824.33
2.0015102	7003.69
2.00155102	6493.1
2.00158503	5983.53
2.00161905	5742.37
2.00165986	5277.22
2.00169388	4791.58
2.00172789	4493.73
2.00176871	4239.9
2.00180272	3976.35
2.00183673	3784.81
2.00187075	3457.31
2.00191157	3279.97
2.00194558	3147.77
2.00197959	3014.28
2.00202041	2867.51
2.00205442	2720.42
2.00208843	2612.21
2.00212925	2478.22
2.00216327	2324.17
2.00219728	2160.65
2.00223809	2086.12
2.00227211	1968.28
2.00230612	1867.32
2.00238095	1741.66
2.0024898	1620.9
2.00256463	1547.07
2.00263265	1493.7
2.0027415	1430.35
2.00285034	1384.8
2.00295918	1348.82
2.00306803	1313.77
2.00321088	1287.38
2.00331973	1268.45
2.00342857	1253.92
2.00353742	1239.56
2.00361224	1232.11
2.00372109	1221.34
2.00386395	1214.66
2.00404762	1204.04
2.00419048	1193.52
2.00437415	1186.34
2.00455102	1183.09
2.00484354	1179.21
2.005	1179.21
3.0	1247.06
3.000040816	1251.17
3.000122449	1260.13
3.000251701	1276.83
3.000292517	1294.46
3.000333333	1307.3
3.00037415	1321.0
3.000414966	1356.98
3.000462585	1384.8
3.000503401	1407.78
3.00052381	1436.64
3.000544218	1638.78
3.000585034	1677.9
3.00062585	1777.37
3.000639456	1901.43
3.000646259	2055.45
3.000659864	2095.29
3.000680272	2197.7
3.00070068	2297.55
3.000734694	2561.13
3.000755102	2665.77
3.00077551	2796.07
3.000789116	3025.88
3.000809524	3154.68
3.000829932	3212.31
3.000843537	3634.26
3.000863946	4324.46
3.000870748	4563.28
3.000891156	5335.43
3.000911565	6082.81
3.000931973	7084.83
3.000952381	8320.08
3.000972789	9738.6
3.0010068	10784.6
3.0010136	11005.7
3.00104082	11237.6
3.00105442	11399.0
3.00107483	11467.9
3.00111565	11537.4
3.00122449	11467.9
3.0012585	11170.0
3.00129252	11042.0
3.00133333	10820.2
3.00136735	10025.9
3.00140136	9188.51
3.00144218	8393.42
3.00147619	7824.33
3.0015102	7003.69
3.00155102	6493.1
3.00158503	5983.53
3.00161905	5742.37
3.00165986	5277.22
3.00169388	4791.58
3.00172789	4493.73
3.00176871	4239.9
3.00180272	3976.35
3.00183673	3784.81
3.00187075	3457.31
3.00191157	3279.97
3.00194558	3147.77
3.00197959	3014.28
3.00202041	2867.51
3.00205442	2720.42
3.00208843	2612.21
3.00212925	2478.22
3.00216327	2324.17
3.00219728	2160.65
3.00223809	2086.12
3.00227211	1968.28
3.00230612	1867.32
3.00238095	1741.66
3.0024898	1620.9
3.00256463	1547.07
3.00263265	1493.7
3.0027415	1430.35
3.00285034	1384.8
3.00295918	1348.82
3.00306803	1313.77
3.00321088	1287.38
3.00331973	1268.45
3.00342857	1253.92
3.00353742	1239.56
3.00361224	1232.11
3.00372109	1221.34
3.00386395	1214.66
3.00404762	1204.04
3.00419048	1193.52
3.00437415	1186.34
3.00455102	1183.09
3.00484354	1179.21
3.005	1179.21
4.0	1247.06
4.000040816	1251.17
4.000122449	1260.13
4.000251701	1276.83
4.000292517	1294.46
4.000333333	1307.3
4.00037415	1321.0
4.000414966	1356.98
4.000462585	1384.8
4.000503401	1407.78
4.00052381	1436.64
4.000544218	1638.78
4.000585034	1677.9
4.00062585	1777.37
4.000639456	1901.43
4.000646259	2055.45
4.000659864	2095.29
4.000680272	2197.7
4.00070068	2297.55
4.000734694	2561.13
4.000755102	2665.77
4.00077551	2796.07
4.000789116	3025.88
4.000809524	3154.68
4.000829932	3212.31
4.000843537	3634.26
4.000863946	4324.46
4.000870748	4563.28
4.000891156	5335.43
4.000911565	6082.81
4.000931973	7084.83
4.000952381	8320.08
4.000972789	9738.6
4.0010068	10784.6
4.0010136	11005.7
4.00104082	11237.6
4.00105442	11399.0
4.00107483	11467.9
4.00111565	11537.4
4.00122449	11467.9
4.0012585	11170.0
4.00129252	11042.0
4.00133333	10820.2
4.00136735	10025.9
4.00140136	9188.51
4.00144218	8393.42
4.00147619	7824.33
4.0015102	7003.69
4.00155102	6493.1
4.00158503	5983.53
4.00161905	5742.37
4.00165986	5277.22
4.00169388	4791.58
4.00172789	4493.73
4.00176871	4239.9
4.00180272	3976.35
4.00183673	3784.81
4.00187075	3457.31
4.00191157	3279.97
4.00194558	3147.77
4.00197959	3014.28
4.00202041	2867.51
4.00205442	2720.42
4.00208843	2612.21
4.00212925	2478.22
4.00216327	2324.17
4.00219728	2160.65
4.00223809	2086.12
4.00227211	1968.28
4.00230612	1867.32
4.00238095	1741.66
4.0024898	1620.9
4.00256463	1547.07
4.00263265	1493.7
4.0027415	1430.35
4.00285034	1384.8
4.00295918	1348.82
4.00306803	1313.77
4.00321088	1287.38
4.00331973	1268.45
4.00342857	1253.92
4.00353742	1239.56
4.00361224	1232.11
4.00372109	1221.34
4.00386395	1214.66
4.00404762	1204.04
4.00419048	1193.52
4.00437415	1186.34
4.00455102	1183.09
4.00484354	1179.21
4.005	1179.21
5.0	1247.06
5.000040816	1251.17
5.000122449	1260.13
5.000251701	1276.83
5.000292517	1294.46
5.000333333	1307.3
5.00037415	1321.0
5.000414966	1356.98
5.000462585	1384.8
5.000503401	1407.78
5.00052381	1436.64
5.000544218	1638.78
5.000585034	1677.9
5.00062585	1777.37
5.000639456	1901.43
5.000646259	2055.45
5.000659864	2095.29
5.000680272	2197.7
5.00070068	2297.55
5.000734694	2561.13
5.000755102	2665.77
5.00077551	2796.07
5.000789116	3025.88
5.000809524	3154.68
5.000829932	3212.31
5.000843537	3634.26
5.000863946	4324.46
5.000870748	4563.28
5.000891156	5335.43
5.000911565	6082.81
5.000931973	7084.83
5.000952381	8320.08
5.000972789	9738.6
5.0010068	10784.6
5.0010136	11005.7
5.00104082	11237.6
5.00105442	11399.0
5.00107483	11467.9
5.00111565	11537.4
5.00122449	11467.9
5.0012585	11170.0
5.00129252	11042.0
5.00133333	10820.2
5.00136735	10025.9
5.00140136	9188.51
5.00144218	8393.42
5.00147619	7824.33
5.0015102	7003.69
5.00155102	6493.1
5.00158503	5983.53
5.00161905	5742.37
5.00165986	5277.22
5.00169388	4791.58
5.00172789	4493.73
5.00176871	4239.9
5.00180272	3976.35
5.00183673	3784.81
5.00187075	3457.31
5.00191157	3279.97
5.00194558	3147.77
5.00197959	3014.28
5.00202041	2867.51
5.00205442	2720.42
5.00208843	2612.21
5.00212925	2478.22
5.00216327	2324.17
5.00219728	2160.65
5.00223809	2086.12
5.00227211	1968.28
5.00230612	1867.32
5.00238095	1741.66
5.0024898	1620.9
5.00256463	1547.07
5.00263265	1493.7
5.0027415	1430.35
5.00285034	1384.8
5.00295918	1348.82
5.00306803	1313.77
5.00321088	1287.38
5.00331973	1268.45
5.00342857	1253.92
5.00353742	1239.56
5.00361224	1232.11
5.00372109	1221.34
5.00386395	1214.66
5.00404762	1204.04
5.00419048	1193.52
5.00437415	1186.34
5.00455102	1183.09
5.00484354	1179.21
5.005	1179.21
6.0	1247.06
6.000040816	1251.17
6.000122449	1260.13
6.000251701	1276.83
6.000292517	1294.46
6.000333333	1307.3
6.00037415	1321.0
6.000414966	1356.98
6.000462585	1384.8
6.000503401	1407.78
6.00052381	1436.64
6.000544218	1638.78
6.000585034	1677.9
6.00062585	1777.37
6.000639456	1901.43
6.000646259	2055.45
6.000659864	2095.29
6.000680272	2197.7
6.00070068	2297.55
6.000734694	2561.13
6.000755102	2665.77
6.00077551	2796.07
6.000789116	3025.88
6.000809524	3154.68
6.000829932	3212.31
6.000843537	3634.26
6.000863946	4324.46
6.000870748	4563.28
6.000891156	5335.43
6.000911565	6082.81
6.000931973	7084.83
6.000952381	8320.08
6.000972789	9738.6
6.0010068	10784.6
6.0010136	11005.7
6.00104082	11237.6
6.00105442	11399.0
6.00107483	11467.9
6.00111565	11537.4
6.00122449	11467.9
6.0012585	11170.0
6.00129252	11042.0
6.00133333	10820.2
6.00136735	10025.9
6.00140136	9188.51
6.00144218	8393.42
6.00147619	7824.33
6.0015102	7003.69
6.00155102	6493.1
6.00158503	5983.53
6.00161905	5742.37
6.00165986	5277.22
6.00169388	4791.58
6.00172789	4493.73
6.00176871	4239.9
6.00180272	3976.35
6.00183673	3784.81
6.00187075	3457.31
6.00191157	3279.97
6.00194558	3147.77
6.00197959	3014.28
6.00202041	2867.51
6.00205442	2720.42
6.00208843	2612.21
6.00212925	2478.22
6.00216327	2324.17
6.00219728	2160.65
6.00223809	2086.12
6.00227211	1968.28
6.00230612	1867.32
6.00238095	1741.66
6.0024898	1620.9
6.00256463	1547.07
6.00263265	1493.7
6.0027415	1430.35
6.00285034	1384.8
6.00295918	1348.82
6.00306803	1313.77
6.00321088	1287.38
6.00331973	1268.45
6.00342857	1253.92
6.00353742	1239.56
6.00361224	1232.11
6.00372109	1221.34
6.00386395	1214.66
6.00404762	1204.04
6.00419048	1193.52
6.00437415	1186.34
6.00455102	1183.09
6.00484354	1179.21
6.005	1179.21
7.0	1247.06
7.000040816	1251.17
7.000122449	1260.13
7.000251701	1276.83
7.000292517	1294.46
7.000333333	1307.3
7.00037415	1321.0
7.000414966	1356.98
7.000462585	1384.8
7.000503401	1407.78
7.00052381	1436.64
7.000544218	1638.78
7.000585034	1677.9
7.00062585	1777.37
7.000639456	1901.43
7.000646259	2055.45
7.000659864	2095.29
7.000680272	2197.7
7.00070068	2297.55
7.000734694	2561.13
7.000755102	2665.77
7.00077551	2796.07
7.000789116	3025.88
7.000809524	3154.68
7.000829932	3212.31
7.000843537	3634.26
7.000863946	4324.46
7.000870748	4563.28
7.000891156	5335.43
7.000911565	6082.81
7.000931973	7084.83
7.000952381	8320.08
7.000972789	9738.6
7.0010068	10784.6
7.0010136	11005.7
7.00104082	11237.6
7.00105442	11399.0
7.00107483	11467.9
7.00111565	11537.4
7.00122449	11467.9
7.0012585	11170.0
7.00129252	11042.0
7.00133333	10820.2
7.00136735	10025.9
7.00140136	9188.51
7.00144218	8393.42
7.00147619	7824.33
7.0015102	7003.69
7.00155102	6493.1
7.00158503	5983.53
7.00161905	5742.37
7.00165986	5277.22
7.00169388	4791.58
7.00172789	4493.73
7.00176871	4239.9
7.00180272	3976.35
7.00183673	3784.81
7.00187075	3457.31
7.00191157	3279.97
7.00194558	3147.77
7.00197959	3014.28
7.00202041	2867.51
7.00205442	2720.42
7.00208843	2612.21
7.00212925	2478.22
7.00216327	2324.17
7.00219728	2160.65
7.00223809	2086.12
7.00227211	1968.28
7.00230612	1867.32
7.00238095	1741.66
7.0024898	1620.9
7.00256463	1547.07
7.00263265	1493.7
7.0027415	1430.35
7.00285034	1384.8
7.00295918	1348.82
7.00306803	1313.77
7.00321088	1287.38
7.00331973	1268.45
7.00342857	1253.92
7.00353742	1239.56
7.00361224	1232.11
7.00372109	1221.34
7.00386395	1214.66
7.00404762	1204.04
7.00419048	1193.52
7.00437415	1186.34
7.00455102	1183.09
7.00484354	1179.21
7.005	1179.21
8.0	1247.06
8.000040816	1251.17
8.000122449	1260.13
8.000251701	1276.83
8.000292517	1294.46
8.000333333	1307.3
8.00037415	1321.0
8.000414966	1356.98
8.000462585	1384.8
8.000503401	1407.78
8.00052381	1436.64
8.000544218	1638.78
8.000585034	1677.9
8.00062585	1777.37
8.000639456	1901.43
8.000646259	2055.45
8.000659864	2095.29
8.000680272	2197.7
8.00070068	2297.55
8.000734694	2561.13
8.000755102	2665.77
8.00077551	2796.07
8.000789116	3025.88
8.000809524	3154.68
8.000829932	3212.31
8.000843537	3634.26
8.000863946	4324.46
8.000870748	4563.28
8.000891156	5335.43
8.000911565	6082.81
8.000931973	7084.83
8.000952381	8320.08
8.000972789	9738.6
8.0010068	10784.6
8.0010136	11005.7
8.00104082	11237.6
8.00105442	11399.0
8.00107483	11467.9
8.00111565	11537.4
8.00122449	11467.9
8.0012585	11170.0
8.00129252	11042.0
8.00133333	10820.2
8.00136735	10025.9
8.00140136	9188.51
8.00144218	8393.42
8.00147619	7824.33
8.0015102	7003.69
8.00155102	6493.1
8.00158503	5983.53
8.00161905	5742.37
8.00165986	5277.22
8.00169388	4791.58
8.00172789	4493.73
8.00176871	4239.9
8.00180272	3976.35
8.00183673	3784.81
8.00187075	3457.31
8.00191157	3279.97
8.00194558	3147.77
8.00197959	3014.28
8.00202041	2867.51
8.00205442	2720.42
8.00208843	2612.21
8.00212925	2478.22
8.00216327	2324.17
8.00219728	2160.65
8.00223809	2086.12
8.00227211	1968.28
8.00230612	1867.32
8.00238095	1741.66
8.0024898	1620.9
8.00256463	1547.07
8.00263265	1493.7
8.0027415	1430.35
8.00285034	1384.8
8.00295918	1348.82
8.00306803	1313.77
8.00321088	1287.38
8.00331973	1268.45
8.00342857	1253.92
8.00353742	1239.56
8.00361224	1232.11
8.00372109	1221.34
8.00386395	1214.66
8.00404762	1204.04
8.00419048	1193.52
8.00437415	1186.34
8.00455102	1183.09
8.00484354	1179.21
8.005	1179.21
9.0	1247.06
9.000040816	1251.17
9.000122449	1260.13
9.000251701	1276.83
9.000292517	1294.46
9.000333333	1307.3
9.00037415	1321.0
9.000414966	1356.98
9.000462585	1384.8
9.000503401	1407.78
9.00052381	1436.64
9.000544218	1638.78
9.000585034	1677.9
9.00062585	1777.37
9.000639456	1901.43
9.000646259	2055.45
9.000659864	2095.29
9.000680272	2197.7
9.00070068	2297.55
9.000734694	2561.13
9.000755102	2665.77
9.00077551	2796.07
9.000789116	3025.88
9.000809524	3154.68
9.000829932	3212.31
9.000843537	3634.26
9.000863946	4324.46
9.000870748	4563.28
9.000891156	5335.43
9.000911565	6082.81
9.000931973	7084.83
9.000952381	8320.08
9.000972789	9738.6
9.0010068	10784.6
9.0010136	11005.7
9.00104082	11237.6
9.00105442	11399.0
9.00107483	11467.9
9.00111565	11537.4
9.00122449	11467.9
9.0012585	11170.0
9.00129252	11042.0
9.00133333	10820.2
9.00136735	10025.9
9.00140136	9188.51
9.00144218	8393.42
9.00147619	7824.33
9.0015102	7003.69
9.00155102	6493.1
9.00158503	5983.53
9.00161905	5742.37
9.00165986	5277.22
9.00169388	4791.58
9.00172789	4493.73
9.00176871	4239.9
9.00180272	3976.35
9.00183673	3784.81
9.00187075	3457.31
9.00191157	3279.97
9.00194558	3147.77
9.00197959	3014.28
9.00202041	2867.51
9.00205442	2720.42
9.00208843	2612.21
9.00212925	2478.22
9.00216327	2324.17
9.00219728	2160.65
9.00223809	2086.12
9.00227211	1968.28
9.00230612	1867.32
9.00238095	1741.66
9.0024898	1620.9
9.00256463	1547.07
9.00263265	1493.7
9.0027415	1430.35
9.00285034	1384.8
9.00295918	1348.82
9.00306803	1313.77
9.00321088	1287.38
9.00331973	1268.45
9.00342857	1253.92
9.00353742	1239.56
9.00361224	1232.11
9.00372109	1221.34
9.00386395	1214.66
9.00404762	1204.04
9.00419048	1193.52
9.00437415	1186.34
9.00455102	1183.09
9.00484354	1179.21
9.005	1179.21
10.0	1247.06
10.000040816	1251.17
10.000122449	1260.13
10.000251701	1276.83
10.000292517	1294.46
10.000333333	1307.3
10.00037415	1321.0
10.000414966	1356.98
10.000462585	1384.8
10.000503401	1407.78
10.00052381	1436.64
10.000544218	1638.78
10.000585034	1677.9
10.00062585	1777.37
10.000639456	1901.43
10.000646259	2055.45
10.000659864	2095.29
10.000680272	2197.7
10.00070068	2297.55
10.000734694	2561.13
10.000755102	2665.77
10.00077551	2796.07
10.000789116	3025.88
10.000809524	3154.68
10.000829932	3212.31
10.000843537	3634.26
10.000863946	4324.46
10.000870748	4563.28
10.000891156	5335.43
10.000911565	6082.81
10.000931973	7084.83
10.000952381	8320.08
10.000972789	9738.6
10.0010068	10784.6
10.0010136	11005.7
10.00104082	11237.6
10.00105442	11399.0
10.00107483	11467.9
10.00111565	11537.4
10.00122449	11467.9
10.0012585	11170.0
10.00129252	11042.0
10.00133333	10820.2
10.00136735	10025.9
10.00140136	9188.51
10.00144218	8393.42
10.00147619	7824.33
10.0015102	7003.69
10.00155102	6493.1
10.00158503	5983.53
10.00161905	5742.37
10.00165986	5277.22
10.00169388	4791.58
10.00172789	4493.73
10.00176871	4239.9
10.00180272	3976.35
10.00183673	3784.81
10.00187075	3457.31
10.00191157	3279.97
10.00194558	3147.77
10.00197959	3014.28
10.00202041	2867.51
10.00205442	2720.42
10.00208843	2612.21
10.00212925	2478.22
10.00216327	2324.17
10.00219728	2160.65
10.00223809	2086.12
10.00227211	1968.28
10.00230612	1867.32
10.00238095	1741.66
10.0024898	1620.9
10.00256463	1547.07
10.00263265	1493.7
10.0027415	1430.35
10.00285034	1384.8
10.00295918	1348.82
10.00306803	1313.77
10.00321088	1287.38
10.00331973	1268.45
10.00342857	1253.92
10.00353742	1239.56
10.00361224	1232.11
10.00372109	1221.34
10.00386395	1214.66
10.00404762	1204.04
10.00419048	1193.52
10.00437415	1186.34
10.00455102	1183.09
10.00484354	1179.21
10.005	1179.21
11.0	1247.06
11.000040816	1251.17
11.000122449	1260.13
11.000251701	1276.83
11.000292517	1294.46
11.000333333	1307.3
11.00037415	1321.0
11.000414966	1356.98
11.000462585	1384.8
11.000503401	1407.78
11.00052381	1436.64
11.000544218	1638.78
11.000585034	1677.9
11.00062585	1777.37
11.000639456	1901.43
11.000646259	2055.45
11.000659864	2095.29
11.000680272	2197.7
11.00070068	2297.55
11.000734694	2561.13
11.000755102	2665.77
11.00077551	2796.07
11.000789116	3025.88
11.000809524	3154.68
11.000829932	3212.31
11.000843537	3634.26
11.000863946	4324.46
11.000870748	4563.28
11.000891156	5335.43
11.000911565	6082.81
11.000931973	7084.83
11.000952381	8320.08
11.000972789	9738.6
11.0010068	10784.6
11.0010136	11005.7
11.00104082	11237.6
11.00105442	11399.0
11.00107483	11467.9
11.00111565	11537.4
11.00122449	11467.9
11.0012585	11170.0
11.00129252	11042.0
11.00133333	10820.2
11.00136735	10025.9
11.00140136	9188.51
11.00144218	8393.42
11.00147619	7824.33
11.0015102	7003.69
11.00155102	6493.1
11.00158503	5983.53
11.00161905	5742.37
11.00165986	5277.22
11.00169388	4791.58
11.00172789	4493.73
11.00176871	4239.9
11.00180272	3976.35
11.00183673	3784.81
11.00187075	3457.31
11.00191157	3279.97
11.00194558	3147.77
11.00197959	3014.28
11.00202041	2867.51
11.00205442	2720.42
11.00208843	2612.21
11.00212925	2478.22
11.00216327	2324.17
11.00219728	2160.65
11.00223809	2086.12
11.00227211	1968.28
11.00230612	1867.32
11.00238095	1741.66
11.0024898	1620.9
11.00256463	1547.07
11.00263265	1493.7
11.0027415	1430.35
11.00285034	1384.8
11.00295918	1348.82
11.00306803	1313.77
11.00321088	1287.38
11.00331973	1268.45
11.00342857	1253.92
11.00353742	1239.56
11.00361224	1232.11
11.00372109	1221.34
11.00386395	1214.66
11.00404762	1204.04
11.00419048	1193.52
11.00437415	1186.34
11.00455102	1183.09
11.00484354	1179.21
11.005	1179.21
12.0	1247.06
12.000040816	1251.17
12.000122449	1260.13
12.000251701	1276.83
12.000292517	1294.46
12.000333333	1307.3
12.00037415	1321.0
12.000414966	1356.98
12.000462585	1384.8
12.000503401	1407.78
12.00052381	1436.64
12.000544218	1638.78
12.000585034	1677.9
12.00062585	1777.37
12.000639456	1901.43
12.000646259	2055.45
12.000659864	2095.29
12.000680272	2197.7
12.00070068	2297.55
12.000734694	2561.13
12.000755102	2665.77
12.00077551	2796.07
12.000789116	3025.88
12.000809524	3154.68
12.000829932	3212.31
12.000843537	3634.26
12.000863946	4324.46
12.000870748	4563.28
12.000891156	5335.43
12.000911565	6082.81
12.000931973	7084.83
12.000952381	8320.08
12.000972789	9738.6
12.0010068	10784.6
12.0010136	11005.7
12.00104082	11237.6
12.00105442	11399.0
12.00107483	11467.9
12.00111565	11537.4
12.00122449	11467.9
12.0012585	11170.0
12.00129252	11042.0
12.00133333	10820.2
12.00136735	10025.9
12.00140136	9188.51
12.00144218	8393.42
12.00147619	7824.33
12.0015102	7003.69
12.00155102	6493.1
12.00158503	5983.53
12.00161905	5742.37
12.00165986	5277.22
12.00169388	4791.58
12.00172789	4493.73
12.00176871	4239.9
12.00180272	3976.35
12.00183673	3784.81
12.00187075	3457.31
12.00191157	3279.97
12.00194558	3147.77
12.00197959	3014.28
12.00202041	2867.51
12.00205442	2720.42
12.00208843	2612.21
12.00212925	2478.22
12.00216327	2324.17
12.00219728	2160.65
12.00223809	2086.12
12.00227211	1968.28
12.00230612	1867.32
12.00238095	1741.66
12.0024898	1620.9
12.00256463	1547.07
12.00263265	1493.7
12.0027415	1430.35
12.00285034	1384.8
12.00295918	1348.82
12.00306803	1313.77
12.00321088	1287.38
12.00331973	1268.45
12.00342857	1253.92
12.00353742	1239.56
12.00361224	1232.11
12.00372109	1221.34
12.00386395	1214.66
12.00404762	1204.04
12.00419048	1193.52
12.00437415	1186.34
12.00455102	1183.09
12.00484354	1179.21
12.005	1179.21
13.0	1247.06
13.000040816	1251.17
13.000122449	1260.13
13.000251701	1276.83
13.000292517	1294.46
13.000333333	1307.3
13.00037415	1321.0
13.000414966	1356.98
13.000462585	1384.8
13.000503401	1407.78
13.00052381	1436.64
13.000544218	1638.78
13.000585034	1677.9
13.00062585	1777.37
13.000639456	1901.43
13.000646259	2055.45
13.000659864	2095.29
13.000680272	2197.7
13.00070068	2297.55
13.000734694	2561.13
13.000755102	2665.77
13.00077551	2796.07
13.000789116	3025.88
13.000809524	3154.68
13.000829932	3212.31
13.000843537	3634.26
13.000863946	4324.46
13.000870748	4563.28
13.000891156	5335.43
13.000911565	6082.81
13.000931973	7084.83
13.000952381	8320.08
13.000972789	9738.6
13.0010068	10784.6
13.0010136	11005.7
13.00104082	11237.6
13.00105442	11399.0
13.00107483	11467.9
13.00111565	11537.4
13.00122449	11467.9
13.0012585	11170.0
13.00129252	11042.0
13.00133333	10820.2
13.00136735	10025.9
13.00140136	9188.51
13.00144218	8393.42
13.00147619	7824.33
13.0015102	7003.69
13.00155102	6493.1
13.00158503	5983.53
13.00161905	5742.37
13.00165986	5277.22
13.00169388	4791.58
13.00172789	4493.73
13.00176871	4239.9
13.00180272	3976.35
13.00183673	3784.81
13.00187075	3457.31
13.00191157	3279.97
13.00194558	3147.77
13.00197959	3014.28
13.00202041	2867.51
13.00205442	2720.42
13.00208843	2612.21
13.00212925	2478.22
13.00216327	2324.17
13.00219728	2160.65
13.00223809	2086.12
13.00227211	1968.28
13.00230612	1867.32
13.00238095	1741.66
13.0024898	1620.9
13.00256463	1547.07
13.00263265	1493.7
13.0027415	1430.35
13.00285034	1384.8
13.00295918	1348.82
13.00306803	1313.77
13.00321088	1287.38
13.00331973	1268.45
13.00342857	1253.92
13.00353742	1239.56
13.00361224	1232.11
13.00372109	1221.34
13.00386395	1214.66
13.00404762	1204.04
13.00419048	1193.52
13.00437415	1186.34
13.00455102	1183.09
13.00484354	1179.21
13.005	1179.21
14.0	1247.06
14.000040816	1251.17
14.000122449	1260.13
14.000251701	1276.83
14.000292517	1294.46
14.000333333	1307.3
14.00037415	1321.0
14.000414966	1356.98
14.000462585	1384.8
14.000503401	1407.78
14.00052381	1436.64
14.000544218	1638.78
14.000585034	1677.9
14.00062585	1777.37
14.000639456	1901.43
14.000646259	2055.45
14.000659864	2095.29
14.000680272	2197.7
14.00070068	2297.55
14.000734694	2561.13
14.000755102	2665.77
14.00077551	2796.07
14.000789116	3025.88
14.000809524	3154.68
14.000829932	3212.31
14.000843537	3634.26
14.000863946	4324.46
14.000870748	4563.28
14.000891156	5335.43
14.000911565	6082.81
14.000931973	7084.83
14.000952381	8320.08
14.000972789	9738.6
14.0010068	10784.6
14.0010136	11005.7
14.00104082	11237.6
14.00105442	11399.0
14.00107483	11467.9
14.00111565	11537.4
14.00122449	11467.9
14.0012585	11170.0
14.00129252	11042.0
14.00133333	10820.2
14.00136735	10025.9
14.00140136	9188.51
14.00144218	8393.42
14.00147619	7824.33
14.0015102	7003.69
14.00155102	6493.1
14.00158503	5983.53
14.00161905	5742.37
14.00165986	5277.22
14.00169388	4791.58
14.00172789	4493.73
14.00176871	4239.9
14.00180272	3976.35
14.00183673	3784.81
14.00187075	3457.31
14.00191157	3279.97
14.00194558	3147.77
14.00197959	3014.28
14.00202041	2867.51
14.00205442	2720.42
14.00208843	2612.21
14.00212925	2478.22
14.00216327	2324.17
14.00219728	2160.65
14.00223809	2086.12
14.00227211	1968.28
14.00230612	1867.32
14.00238095	1741.66
14.0024898	1620.9
14.00256463	1547.07
14.00263265	1493.7
14.0027415	1430.35
14.00285034	1384.8
14.00295918	1348.82
14.00306803	1313.77
14.00321088	1287.38
14.00331973	1268.45
14.00342857	1253.92
14.00353742	1239.56
14.00361224	1232.11
14.00372109	1221.34
14.00386395	1214.66
14.00404762	1204.04
14.00419048	1193.52
14.00437415	1186.34
14.00455102	1183.09
14.00484354	1179.21
14.005	1179.21
15.0	1247.06
15.000040816	1251.17
15.000122449	1260.13
15.000251701	1276.83
15.000292517	1294.46
15.000333333	1307.3
15.00037415	1321.0
15.000414966	1356.98
15.000462585	1384.8
15.000503401	1407.78
15.00052381	1436.64
15.000544218	1638.78
15.000585034	1677.9
15.00062585	1777.37
15.000639456	1901.43
15.000646259	2055.45
15.000659864	2095.29
15.000680272	2197.7
15.00070068	2297.55
15.000734694	2561.13
15.000755102	2665.77
15.00077551	2796.07
15.000789116	3025.88
15.000809524	3154.68
15.000829932	3212.31
15.000843537	3634.26
15.000863946	4324.46
15.000870748	4563.28
15.000891156	5335.43
15.000911565	6082.81
15.000931973	7084.83
15.000952381	8320.08
15.000972789	9738.6
15.0010068	10784.6
15.0010136	11005.7
15.00104082	11237.6
15.00105442	11399.0
15.00107483	11467.9
15.00111565	11537.4
15.00122449	11467.9
15.0012585	11170.0
15.00129252	11042.0
15.00133333	10820.2
15.00136735	10025.9
15.00140136	9188.51
15.00144218	8393.42
15.00147619	7824.33
15.0015102	7003.69
15.00155102	6493.1
15.00158503	5983.53
15.00161905	5742.37
15.00165986	5277.22
15.00169388	4791.58
15.00172789	4493.73
15.00176871	4239.9
15.00180272	3976.35
15.00183673	3784.81
15.00187075	3457.31
15.00191157	3279.97
15.00194558	3147.77
15.00197959	3014.28
15.00202041	2867.51
15.00205442	2720.42
15.00208843	2612.21
15.00212925	2478.22
15.00216327	2324.17
15.00219728	2160.65
15.00223809	2086.12
15.00227211	1968.28
15.00230612	1867.32
15.00238095	1741.66
15.0024898	1620.9
15.00256463	1547.07
15.00263265	1493.7
15.0027415	1430.35
15.00285034	1384.8
15.00295918	1348.82
15.00306803	1313.77
15.00321088	1287.38
15.00331973	1268.45
15.00342857	1253.92
15.00353742	1239.56
15.00361224	1232.11
15.00372109	1221.34
15.00386395	1214.66
15.00404762	1204.04
15.00419048	1193.52
15.00437415	1186.34
15.00455102	1183.09
15.00484354	1179.21
15.005	1179.21
16.0	1247.06
16.000040816	1251.17
16.000122449	1260.13
16.000251701	1276.83
16.000292517	1294.46
16.000333333	1307.3
16.00037415	1321.0
16.000414966	1356.98
16.000462585	1384.8
16.000503401	1407.78
16.00052381	1436.64
16.000544218	1638.78
16.000585034	1677.9
16.00062585	1777.37
16.000639456	1901.43
16.000646259	2055.45
16.000659864	2095.29
16.000680272	2197.7
16.00070068	2297.55
16.000734694	2561.13
16.000755102	2665.77
16.00077551	2796.07
16.000789116	3025.88
16.000809524	3154.68
16.000829932	3212.31
16.000843537	3634.26
16.000863946	4324.46
16.000870748	4563.28
16.000891156	5335.43
16.000911565	6082.81
16.000931973	7084.83
16.000952381	8320.08
16.000972789	9738.6
16.0010068	10784.6
16.0010136	11005.7
16.00104082	11237.6
16.00105442	11399.0
16.00107483	11467.9
16.00111565	11537.4
16.00122449	11467.9
16.0012585	11170.0
16.00129252	11042.0
16.00133333	10820.2
16.00136735	10025.9
16.00140136	9188.51
16.00144218	8393.42
16.00147619	7824.33
16.0015102	7003.69
16.00155102	6493.1
16.00158503	5983.53
16.00161905	5742.37
16.00165986	5277.22
16.00169388	4791.58
16.00172789	4493.73
16.00176871	4239.9
16.00180272	3976.35
16.00183673	3784.81
16.00187075	3457.31
16.00191157	3279.97
16.00194558	3147.77
16.00197959	3014.28
16.00202041	2867.51
16.00205442	2720.42
16.00208843	2612.21
16.00212925	2478.22
16.00216327	2324.17
16.00219728	2160.65
16.00223809	2086.12
16.00227211	1968.28
16.00230612	1867.32
16.00238095	1741.66
16.0024898	1620.9
16.00256463	1547.07
16.00263265	1493.7
16.0027415	1430.35
16.00285034	1384.8
16.00295918	1348.82
16.00306803	1313.77
16.00321088	1287.38
16.00331973	1268.45
16.00342857	1253.92
16.00353742	1239.56
16.00361224	1232.11
16.00372109	1221.34
16.00386395	1214.66
16.00404762	1204.04
16.00419048	1193.52
16.00437415	1186.34
16.00455102	1183.09
16.00484354	1179.21
16.005	1179.21
17.0	1247.06
17.000040816	1251.17
17.000122449	1260.13
17.000251701	1276.83
17.000292517	1294.46
17.000333333	1307.3
17.00037415	1321.0
17.000414966	1356.98
17.000462585	1384.8
17.000503401	1407.78
17.00052381	1436.64
17.000544218	1638.78
17.000585034	1677.9
17.00062585	1777.37
17.000639456	1901.43
17.000646259	2055.45
17.000659864	2095.29
17.000680272	2197.7
17.00070068	2297.55
17.000734694	2561.13
17.000755102	2665.77
17.00077551	2796.07
17.000789116	3025.88
17.000809524	3154.68
17.000829932	3212.31
17.000843537	3634.26
17.000863946	4324.46
17.000870748	4563.28
17.000891156	5335.43
17.000911565	6082.81
17.000931973	7084.83
17.000952381	8320.08
17.000972789	9738.6
17.0010068	10784.6
17.0010136	11005.7
17.00104082	11237.6
17.00105442	11399.0
17.00107483	11467.9
17.00111565	11537.4
17.00122449	11467.9
17.0012585	11170.0
17.00129252	11042.0
17.00133333	10820.2
17.00136735	10025.9
17.00140136	9188.51
17.00144218	8393.42
17.00147619	7824.33
17.0015102	7003.69
17.00155102	6493.1
17.00158503	5983.53
17.00161905	5742.37
17.00165986	5277.22
17.00169388	4791.58
17.00172789	4493.73
17.00176871	4239.9
17.00180272	3976.35
17.00183673	3784.81
17.00187075	3457.31
17.00191157	3279.97
17.00194558	3147.77
17.00197959	3014.28
17.00202041	2867.51
17.00205442	2720.42
17.00208843	2612.21
17.00212925	2478.22
17.00216327	2324.17
17.00219728	2160.65
17.00223809	2086.12
17.00227211	1968.28
17.00230612	1867.32
17.00238095	1741.66
17.0024898	1620.9
17.00256463	1547.07
17.00263265	1493.7
17.0027415	1430.35
17.00285034	1384.8
17.00295918	1348.82
17.00306803	1313.77
17.00321088	1287.38
17.00331973	1268.45
17.00342857	1253.92
17.00353742	1239.56
17.00361224	1232.11
17.00372109	1221.34
17.00386395	1214.66
17.00404762	1204.04
17.00419048	1193.52
17.00437415	1186.34
17.00455102	1183.09
17.00484354	1179.21
17.005	1179.21
18.0	1247.06
18.000040816	1251.17
18.000122449	1260.13
18.000251701	1276.83
18.000292517	1294.46
18.000333333	1307.3
18.00037415	1321.0
18.000414966	1356.98
18.000462585	1384.8
18.000503401	1407.78
18.00052381	1436.64
18.000544218	1638.78
18.000585034	1677.9
18.00062585	1777.37
18.000639456	1901.43
18.000646259	2055.45
18.000659864	2095.29
18.000680272	2197.7
18.00070068	2297.55
18.000734694	2561.13
18.000755102	2665.77
18.00077551	2796.07
18.000789116	3025.88
18.000809524	3154.68
18.000829932	3212.31
18.000843537	3634.26
18.000863946	4324.46
18.000870748	4563.28
18.000891156	5335.43
18.000911565	6082.81
18.000931973	7084.83
18.000952381	8320.08
18.000972789	9738.6
18.0010068	10784.6
18.0010136	11005.7
18.00104082	11237.6
18.00105442	11399.0
18.00107483	11467.9
18.00111565	11537.4
18.00122449	11467.9
18.0012585	11170.0
18.00129252	11042.0
18.00133333	10820.2
18.00136735	10025.9
18.00140136	9188.51
18.00144218	8393.42
18.00147619	7824.33
18.0015102	7003.69
18.00155102	6493.1
18.00158503	5983.53
18.00161905	5742.37
18.00165986	5277.22
18.00169388	4791.58
18.00172789	4493.73
18.00176871	4239.9
18.00180272	3976.35
18.00183673	3784.81
18.00187075	3457.31
18.00191157	3279.97
18.00194558	3147.77
18.00197959	3014.28
18.00202041	2867.51
18.00205442	2720.42
18.00208843	2612.21
18.00212925	2478.22
18.00216327	2324.17
18.00219728	2160.65
18.00223809	2086.12
18.00227211	1968.28
18.00230612	1867.32
18.00238095	1741.66
18.0024898	1620.9
18.00256463	1547.07
18.00263265	1493.7
18.0027415	1430.35
18.00285034	1384.8
18.00295918	1348.82
18.00306803	1313.77
18.00321088	1287.38
18.00331973	1268.45
18.00342857	1253.92
18.00353742	1239.56
18.00361224	1232.11
18.00372109	1221.34
18.00386395	1214.66
18.00404762	1204.04
18.00419048	1193.52
18.00437415	1186.34
18.00455102	1183.09
18.00484354	1179.21
18.005	1179.21
19.0	1247.06
19.000040816	1251.17
19.000122449	1260.13
19.000251701	1276.83
19.000292517	1294.46
19.000333333	1307.3
19.00037415	1321.0
19.000414966	1356.98
19.000462585	1384.8
19.000503401	1407.78
19.00052381	1436.64
19.000544218	1638.78
19.000585034	1677.9
19.00062585	1777.37
19.000639456	1901.43
19.000646259	2055.45
19.000659864	2095.29
19.000680272	2197.7
19.00070068	2297.55
19.000734694	2561.13
19.000755102	2665.77
19.00077551	2796.07
19.000789116	3025.88
19.000809524	3154.68
19.000829932	3212.31
19.000843537	3634.26
19.000863946	4324.46
19.000870748	4563.28
19.000891156	5335.43
19.000911565	6082.81
19.000931973	7084.83
19.000952381	8320.08
19.000972789	9738.6
19.0010068	10784.6
19.0010136	11005.7
19.00104082	11237.6
19.00105442	11399.0
19.00107483	11467.9
19.00111565	11537.4
19.00122449	11467.9
19.0012585	11170.0
19.00129252	11042.0
19.00133333	10820.2
19.00136735	10025.9
19.00140136	9188.51
19.00144218	8393.42
19.00147619	7824.33
19.0015102	7003.69
19.00155102	6493.1
19.00158503	5983.53
19.00161905	5742.37
19.00165986	5277.22
19.00169388	4791.58
19.00172789	4493.73
19.00176871	4239.9
19.00180272	3976.35
19.00183673	3784.81
19.00187075	3457.31
19.00191157	3279.97
19.00194558	3147.77
19.00197959	3014.28
19.00202041	2867.51
19.00205442	2720.42
19.00208843	2612.21
19.00212925	2478.22
19.00216327	2324.17
19.00219728	2160.65
19.00223809	2086.12
19.00227211	1968.28
19.00230612	1867.32
19.00238095	1741.66
19.0024898	1620.9
19.00256463	1547.07
19.00263265	1493.7
19.0027415	1430.35
19.00285034	1384.8
19.00295918	1348.82
19.00306803	1313.77
19.00321088	1287.38
19.00331973	1268.45
19.00342857	1253.92
19.00353742	1239.56
19.00361224	1232.11
19.00372109	1221.34
19.00386395	1214.66
19.00404762	1204.04
19.00419048	1193.52
19.00437415	1186.34
19.00455102	1183.09
19.00484354	1179.21
19.005	1179.21
