0.0	11866.0
4.0816e-05	11822.1
0.000122449	11727.6
0.000251701	11555.1
0.000292517	11378.1
0.000333333	11252.4
0.00037415	11121.2
0.000414966	10789.8
0.000462585	10546.1
0.000503401	10352.6
0.00052381	10118.8
0.000544218	8725.26
0.000585034	8496.67
0.00062585	7963.35
0.000639456	7381.03
0.000646259	6761.51
0.000659864	6616.97
0.000680272	6270.94
0.00070068	5965.06
0.000734694	5278.69
0.000755102	5046.07
0.00077551	4782.19
0.000789116	4375.39
0.000809524	4174.84
0.000829932	4090.64
0.000843537	3560.11
0.000863946	2927.31
0.000870748	2755.45
0.000891156	2310.88
0.000911565	1993.87
0.000931973	1679.42
0.000952381	1401.52
0.000972789	1173.94
0.0010068	1046.59
0.0010136	1022.95
0.00104082	999.234
0.00105442	983.323
0.00107483	976.667
0.00111565	970.057
0.00122449	976.667
0.0012585	1006.04
0.00129252	1019.17
0.00133333	1042.72
0.00136735	1136.15
0.00140136	1253.34
0.00144218	1387.74
0.00147619	1501.86
0.0015102	1701.33
0.00155102	1852.64
0.00158503	2031.14
0.00161905	2127.4
0.00165986	2339.59
0.00169388	2608.13
0.00172789	2803.5
0.00176871	2993.1
0.00180272	3217.3
0.00183673	3401.13
0.00187075	3765.85
0.00191157	3995.79
0.00194558	4185.16
0.00197959	4394.34
0.00202041	4648.29
0.00205442	4932.11
0.00208843	5162.66
0.00212925	5477.89
0.00216327	5888.22
0.00219728	6392.11
0.00223809	6649.73
0.00227211	7099.46
0.00230612	7532.95
0.00238095	8147.35
0.0024898	8833.66
0.00256463	9309.6
0.00263265	9684.81
0.0027415	10168.9
0.00285034	10546.1
0.00295918	10863.3
0.00306803	11190.0
0.00321088	11448.6
0.00331973	11641.0
0.00342857	11792.9
0.00353742	11946.8
0.00361224	12028.2
0.00372109	12147.6
0.00386395	12222.9
0.00404762	12344.2
0.00419048	12466.7
0.00437415	12551.7
0.00455102	12590.5
0.00484354	12637.2
0.005	12637.2
0.05	11866.0
0.050040816	11822.1
0.050122449	11727.6
0.050251701	11555.1
0.050292517	11378.1
0.050333333	11252.4
0.05037415	11121.2
0.050414966	10789.8
0.050462585	10546.1
0.050503401	10352.6
0.05052381	10118.8
0.050544218	8725.26
0.050585034	8496.67
0.05062585	7963.35
0.050639456	7381.03
0.050646259	6761.51
0.050659864	6616.97
0.050680272	6270.94
0.05070068	5965.06
0.050734694	5278.69
0.050755102	5046.07
0.05077551	4782.19
0.050789116	4375.39
0.050809524	4174.84
0.050829932	4090.64
0.050843537	3560.11
0.050863946	2927.31
0.050870748	2755.45
0.050891156	2310.88
0.050911565	1993.87
0.050931973	1679.42
0.050952381	1401.52
0.050972789	1173.94
0.0510068	1046.59
0.0510136	1022.95
0.05104082	999.234
0.05105442	983.323
0.05107483	976.667
0.05111565	970.057
0.05122449	976.667
0.0512585	1006.04
0.05129252	1019.17
0.05133333	1042.72
0.05136735	1136.15
0.05140136	1253.34
0.05144218	1387.74
0.05147619	1501.86
0.0515102	1701.33
0.05155102	1852.64
0.05158503	2031.14
0.05161905	2127.4
0.05165986	2339.59
0.05169388	2608.13
0.05172789	2803.5
0.05176871	2993.1
0.05180272	3217.3
0.05183673	3401.13
0.05187075	3765.85
0.05191157	3995.79
0.05194558	4185.16
0.05197959	4394.34
0.05202041	4648.29
0.05205442	4932.11
0.05208843	5162.66
0.05212925	5477.89
0.05216327	5888.22
0.05219728	6392.11
0.05223809	6649.73
0.05227211	7099.46
0.05230612	7532.95
0.05238095	8147.35
0.0524898	8833.66
0.05256463	9309.6
0.05263265	9684.81
0.0527415	10168.9
0.05285034	10546.1
0.05295918	10863.3
0.05306803	11190.0
0.05321088	11448.6
0.05331973	11641.0
0.05342857	11792.9
0.05353742	11946.8
0.05361224	12028.2
0.05372109	12147.6
0.05386395	12222.9
0.05404762	12344.2
0.05419048	12466.7
0.05437415	12551.7
0.05455102	12590.5
0.05484354	12637.2
0.055	12637.2
0.1	11866.0
0.100040816	11822.1
0.100122449	11727.6
0.100251701	11555.1
0.100292517	11378.1
0.100333333	11252.4
0.10037415	11121.2
0.100414966	10789.8
0.100462585	10546.1
0.100503401	10352.6
0.10052381	10118.8
0.100544218	8725.26
0.100585034	8496.67
0.10062585	7963.35
0.100639456	7381.03
0.100646259	6761.51
0.100659864	6616.97
0.100680272	6270.94
0.10070068	5965.06
0.100734694	5278.69
0.100755102	5046.07
0.10077551	4782.19
0.100789116	4375.39
0.100809524	4174.84
0.100829932	4090.64
0.100843537	3560.11
0.100863946	2927.31
0.100870748	2755.45
0.100891156	2310.88
0.100911565	1993.87
0.100931973	1679.42
0.100952381	1401.52
0.100972789	1173.94
0.1010068	1046.59
0.1010136	1022.95
0.10104082	999.234
0.10105442	983.323
0.10107483	976.667
0.10111565	970.057
0.10122449	976.667
0.1012585	1006.04
0.10129252	1019.17
0.10133333	1042.72
0.10136735	1136.15
0.10140136	1253.34
0.10144218	1387.74
0.10147619	1501.86
0.1015102	1701.33
0.10155102	1852.64
0.10158503	2031.14
0.10161905	2127.4
0.10165986	2339.59
0.10169388	2608.13
0.10172789	2803.5
0.10176871	2993.1
0.10180272	3217.3
0.10183673	3401.13
0.10187075	3765.85
0.10191157	3995.79
0.10194558	4185.16
0.10197959	4394.34
0.10202041	4648.29
0.10205442	4932.11
0.10208843	5162.66
0.10212925	5477.89
0.10216327	5888.22
0.10219728	6392.11
0.10223809	6649.73
0.10227211	7099.46
0.10230612	7532.95
0.10238095	8147.35
0.1024898	8833.66
0.10256463	9309.6
0.10263265	9684.81
0.1027415	10168.9
0.10285034	10546.1
0.10295918	10863.3
0.10306803	11190.0
0.10321088	11448.6
0.10331973	11641.0
0.10342857	11792.9
0.10353742	11946.8
0.10361224	12028.2
0.10372109	12147.6
0.10386395	12222.9
0.10404762	12344.2
0.10419048	12466.7
0.10437415	12551.7
0.10455102	12590.5
0.10484354	12637.2
0.105	12637.2
0.15	11866.0
0.150040816	11822.1
0.150122449	11727.6
0.150251701	11555.1
0.150292517	11378.1
0.150333333	11252.4
0.15037415	11121.2
0.150414966	10789.8
0.150462585	10546.1
0.150503401	10352.6
0.15052381	10118.8
0.150544218	8725.26
0.150585034	8496.67
0.15062585	7963.35
0.150639456	7381.03
0.150646259	6761.51
0.150659864	6616.97
0.150680272	6270.94
0.15070068	5965.06
0.150734694	5278.69
0.150755102	5046.07
0.15077551	4782.19
0.150789116	4375.39
0.150809524	4174.84
0.150829932	4090.64
0.150843537	3560.11
0.150863946	2927.31
0.150870748	2755.45
0.150891156	2310.88
0.150911565	1993.87
0.150931973	1679.42
0.150952381	1401.52
0.150972789	1173.94
0.1510068	1046.59
0.1510136	1022.95
0.15104082	999.234
0.15105442	983.323
0.15107483	976.667
0.15111565	970.057
0.15122449	976.667
0.1512585	1006.04
0.15129252	1019.17
0.15133333	1042.72
0.15136735	1136.15
0.15140136	1253.34
0.15144218	1387.74
0.15147619	1501.86
0.1515102	1701.33
0.15155102	1852.64
0.15158503	2031.14
0.15161905	2127.4
0.15165986	2339.59
0.15169388	2608.13
0.15172789	2803.5
0.15176871	2993.1
0.15180272	3217.3
0.15183673	3401.13
0.15187075	3765.85
0.15191157	3995.79
0.15194558	4185.16
0.15197959	4394.34
0.15202041	4648.29
0.15205442	4932.11
0.15208843	5162.66
0.15212925	5477.89
0.15216327	5888.22
0.15219728	6392.11
0.15223809	6649.73
0.15227211	7099.46
0.15230612	7532.95
0.15238095	8147.35
0.1524898	8833.66
0.15256463	9309.6
0.15263265	9684.81
0.1527415	10168.9
0.15285034	10546.1
0.15295918	10863.3
0.15306803	11190.0
0.15321088	11448.6
0.15331973	11641.0
0.15342857	11792.9
0.15353742	11946.8
0.15361224	12028.2
0.15372109	12147.6
0.15386395	12222.9
0.15404762	12344.2
0.15419048	12466.7
0.15437415	12551.7
0.15455102	12590.5
0.15484354	12637.2
0.155	12637.2
0.2	11866.0
0.200040816	11822.1
0.200122449	11727.6
0.200251701	11555.1
0.200292517	11378.1
0.200333333	11252.4
0.20037415	11121.2
0.200414966	10789.8
0.200462585	10546.1
0.200503401	10352.6
0.20052381	10118.8
0.200544218	8725.26
0.200585034	8496.67
0.20062585	7963.35
0.200639456	7381.03
0.200646259	6761.51
0.200659864	6616.97
0.200680272	6270.94
0.20070068	5965.06
0.200734694	5278.69
0.200755102	5046.07
0.20077551	4782.19
0.200789116	4375.39
0.200809524	4174.84
0.200829932	4090.64
0.200843537	3560.11
0.200863946	2927.31
0.200870748	2755.45
0.200891156	2310.88
0.200911565	1993.87
0.200931973	1679.42
0.200952381	1401.52
0.200972789	1173.94
0.2010068	1046.59
0.2010136	1022.95
0.20104082	999.234
0.20105442	983.323
0.20107483	976.667
0.20111565	970.057
0.20122449	976.667
0.2012585	1006.04
0.20129252	1019.17
0.20133333	1042.72
0.20136735	1136.15
0.20140136	1253.34
0.20144218	1387.74
0.20147619	1501.86
0.2015102	1701.33
0.20155102	1852.64
0.20158503	2031.14
0.20161905	2127.4
0.20165986	2339.59
0.20169388	2608.13
0.20172789	2803.5
0.20176871	2993.1
0.20180272	3217.3
0.20183673	3401.13
0.20187075	3765.85
0.20191157	3995.79
0.20194558	4185.16
0.20197959	4394.34
0.20202041	4648.29
0.20205442	4932.11
0.20208843	5162.66
0.20212925	5477.89
0.20216327	5888.22
0.20219728	6392.11
0.20223809	6649.73
0.20227211	7099.46
0.20230612	7532.95
0.20238095	8147.35
0.2024898	8833.66
0.20256463	9309.6
0.20263265	9684.81
0.2027415	10168.9
0.20285034	10546.1
0.20295918	10863.3
0.20306803	11190.0
0.20321088	11448.6
0.20331973	11641.0
0.20342857	11792.9
0.20353742	11946.8
0.20361224	12028.2
0.20372109	12147.6
0.20386395	12222.9
0.20404762	12344.2
0.20419048	12466.7
0.20437415	12551.7
0.20455102	12590.5
0.20484354	12637.2
0.205	12637.2
0.25	11866.0
0.250040816	11822.1
0.250122449	11727.6
0.250251701	11555.1
0.250292517	11378.1
0.250333333	11252.4
0.25037415	11121.2
0.250414966	10789.8
0.250462585	10546.1
0.250503401	10352.6
0.25052381	10118.8
0.250544218	8725.26
0.250585034	8496.67
0.25062585	7963.35
0.250639456	7381.03
0.250646259	6761.51
0.250659864	6616.97
0.250680272	6270.94
0.25070068	5965.06
0.250734694	5278.69
0.250755102	5046.07
0.25077551	4782.19
0.250789116	4375.39
0.250809524	4174.84
0.250829932	4090.64
0.250843537	3560.11
0.250863946	2927.31
0.250870748	2755.45
0.250891156	2310.88
0.250911565	1993.87
0.250931973	1679.42
0.250952381	1401.52
0.250972789	1173.94
0.2510068	1046.59
0.2510136	1022.95
0.25104082	999.234
0.25105442	983.323
0.25107483	976.667
0.25111565	970.057
0.25122449	976.667
0.2512585	1006.04
0.25129252	1019.17
0.25133333	1042.72
0.25136735	1136.15
0.25140136	1253.34
0.25144218	1387.74
0.25147619	1501.86
0.2515102	1701.33
0.25155102	1852.64
0.25158503	2031.14
0.25161905	2127.4
0.25165986	2339.59
0.25169388	2608.13
0.25172789	2803.5
0.25176871	2993.1
0.25180272	3217.3
0.25183673	3401.13
0.25187075	3765.85
0.25191157	3995.79
0.25194558	4185.16
0.25197959	4394.34
0.25202041	4648.29
0.25205442	4932.11
0.25208843	5162.66
0.25212925	5477.89
0.25216327	5888.22
0.25219728	6392.11
0.25223809	6649.73
0.25227211	7099.46
0.25230612	7532.95
0.25238095	8147.35
0.2524898	8833.66
0.25256463	9309.6
0.25263265	9684.81
0.2527415	10168.9
0.25285034	10546.1
0.25295918	10863.3
0.25306803	11190.0
0.25321088	11448.6
0.25331973	11641.0
0.25342857	11792.9
0.25353742	11946.8
0.25361224	12028.2
0.25372109	12147.6
0.25386395	12222.9
0.25404762	12344.2
0.25419048	12466.7
0.25437415	12551.7
0.25455102	12590.5
0.25484354	12637.2
0.255	12637.2
0.3	11866.0
0.300040816	11822.1
0.300122449	11727.6
0.300251701	11555.1
0.300292517	11378.1
0.300333333	11252.4
0.30037415	11121.2
0.300414966	10789.8
0.300462585	10546.1
0.300503401	10352.6
0.30052381	10118.8
0.300544218	8725.26
0.300585034	8496.67
0.30062585	7963.35
0.300639456	7381.03
0.300646259	6761.51
0.300659864	6616.97
0.300680272	6270.94
0.30070068	5965.06
0.300734694	5278.69
0.300755102	5046.07
0.30077551	4782.19
0.300789116	4375.39
0.300809524	4174.84
0.300829932	4090.64
0.300843537	3560.11
0.300863946	2927.31
0.300870748	2755.45
0.300891156	2310.88
0.300911565	1993.87
0.300931973	1679.42
0.300952381	1401.52
0.300972789	1173.94
0.3010068	1046.59
0.3010136	1022.95
0.30104082	999.234
0.30105442	983.323
0.30107483	976.667
0.30111565	970.057
0.30122449	976.667
0.3012585	1006.04
0.30129252	1019.17
0.30133333	1042.72
0.30136735	1136.15
0.30140136	1253.34
0.30144218	1387.74
0.30147619	1501.86
0.3015102	1701.33
0.30155102	1852.64
0.30158503	2031.14
0.30161905	2127.4
0.30165986	2339.59
0.30169388	2608.13
0.30172789	2803.5
0.30176871	2993.1
0.30180272	3217.3
0.30183673	3401.13
0.30187075	3765.85
0.30191157	3995.79
0.30194558	4185.16
0.30197959	4394.34
0.30202041	4648.29
0.30205442	4932.11
0.30208843	5162.66
0.30212925	5477.89
0.30216327	5888.22
0.30219728	6392.11
0.30223809	6649.73
0.30227211	7099.46
0.30230612	7532.95
0.30238095	8147.35
0.3024898	8833.66
0.30256463	9309.6
0.30263265	9684.81
0.3027415	10168.9
0.30285034	10546.1
0.30295918	10863.3
0.30306803	11190.0
0.30321088	11448.6
0.30331973	11641.0
0.30342857	11792.9
0.30353742	11946.8
0.30361224	12028.2
0.30372109	12147.6
0.30386395	12222.9
0.30404762	12344.2
0.30419048	12466.7
0.30437415	12551.7
0.30455102	12590.5
0.30484354	12637.2
0.305	12637.2
0.35	11866.0
0.350040816	11822.1
0.350122449	11727.6
0.350251701	11555.1
0.350292517	11378.1
0.350333333	11252.4
0.35037415	11121.2
0.350414966	10789.8
0.350462585	10546.1
0.350503401	10352.6
0.35052381	10118.8
0.350544218	8725.26
0.350585034	8496.67
0.35062585	7963.35
0.350639456	7381.03
0.350646259	6761.51
0.350659864	6616.97
0.350680272	6270.94
0.35070068	5965.06
0.350734694	5278.69
0.350755102	5046.07
0.35077551	4782.19
0.350789116	4375.39
0.350809524	4174.84
0.350829932	4090.64
0.350843537	3560.11
0.350863946	2927.31
0.350870748	2755.45
0.350891156	2310.88
0.350911565	1993.87
0.350931973	1679.42
0.350952381	1401.52
0.350972789	1173.94
0.3510068	1046.59
0.3510136	1022.95
0.35104082	999.234
0.35105442	983.323
0.35107483	976.667
0.35111565	970.057
0.35122449	976.667
0.3512585	1006.04
0.35129252	1019.17
0.35133333	1042.72
0.35136735	1136.15
0.35140136	1253.34
0.35144218	1387.74
0.35147619	1501.86
0.3515102	1701.33
0.35155102	1852.64
0.35158503	2031.14
0.35161905	2127.4
0.35165986	2339.59
0.35169388	2608.13
0.35172789	2803.5
0.35176871	2993.1
0.35180272	3217.3
0.35183673	3401.13
0.35187075	3765.85
0.35191157	3995.79
0.35194558	4185.16
0.35197959	4394.34
0.35202041	4648.29
0.35205442	4932.11
0.35208843	5162.66
0.35212925	5477.89
0.35216327	5888.22
0.35219728	6392.11
0.35223809	6649.73
0.35227211	7099.46
0.35230612	7532.95
0.35238095	8147.35
0.3524898	8833.66
0.35256463	9309.6
0.35263265	9684.81
0.3527415	10168.9
0.35285034	10546.1
0.35295918	10863.3
0.35306803	11190.0
0.35321088	11448.6
0.35331973	11641.0
0.35342857	11792.9
0.35353742	11946.8
0.35361224	12028.2
0.35372109	12147.6
0.35386395	12222.9
0.35404762	12344.2
0.35419048	12466.7
0.35437415	12551.7
0.35455102	12590.5
0.35484354	12637.2
0.355	12637.2
0.4	11866.0
0.400040816	11822.1
0.400122449	11727.6
0.400251701	11555.1
0.400292517	11378.1
0.400333333	11252.4
0.40037415	11121.2
0.400414966	10789.8
0.400462585	10546.1
0.400503401	10352.6
0.40052381	10118.8
0.400544218	8725.26
0.400585034	8496.67
0.40062585	7963.35
0.400639456	7381.03
0.400646259	6761.51
0.400659864	6616.97
0.400680272	6270.94
0.40070068	5965.06
0.400734694	5278.69
0.400755102	5046.07
0.40077551	4782.19
0.400789116	4375.39
0.400809524	4174.84
0.400829932	4090.64
0.400843537	3560.11
0.400863946	2927.31
0.400870748	2755.45
0.400891156	2310.88
0.400911565	1993.87
0.400931973	1679.42
0.400952381	1401.52
0.400972789	1173.94
0.4010068	1046.59
0.4010136	1022.95
0.40104082	999.234
0.40105442	983.323
0.40107483	976.667
0.40111565	970.057
0.40122449	976.667
0.4012585	1006.04
0.40129252	1019.17
0.40133333	1042.72
0.40136735	1136.15
0.40140136	1253.34
0.40144218	1387.74
0.40147619	1501.86
0.4015102	1701.33
0.40155102	1852.64
0.40158503	2031.14
0.40161905	2127.4
0.40165986	2339.59
0.40169388	2608.13
0.40172789	2803.5
0.40176871	2993.1
0.40180272	3217.3
0.40183673	3401.13
0.40187075	3765.85
0.40191157	3995.79
0.40194558	4185.16
0.40197959	4394.34
0.40202041	4648.29
0.40205442	4932.11
0.40208843	5162.66
0.40212925	5477.89
0.40216327	5888.22
0.40219728	6392.11
0.40223809	6649.73
0.40227211	7099.46
0.40230612	7532.95
0.40238095	8147.35
0.4024898	8833.66
0.40256463	9309.6
0.40263265	9684.81
0.4027415	10168.9
0.40285034	10546.1
0.40295918	10863.3
0.40306803	11190.0
0.40321088	11448.6
0.40331973	11641.0
0.40342857	11792.9
0.40353742	11946.8
0.40361224	12028.2
0.40372109	12147.6
0.40386395	12222.9
0.40404762	12344.2
0.40419048	12466.7
0.40437415	12551.7
0.40455102	12590.5
0.40484354	12637.2
0.405	12637.2
0.45	11866.0
0.450040816	11822.1
0.450122449	11727.6
0.450251701	11555.1
0.450292517	11378.1
0.450333333	11252.4
0.45037415	11121.2
0.450414966	10789.8
0.450462585	10546.1
0.450503401	10352.6
0.45052381	10118.8
0.450544218	8725.26
0.450585034	8496.67
0.45062585	7963.35
0.450639456	7381.03
0.450646259	6761.51
0.450659864	6616.97
0.450680272	6270.94
0.45070068	5965.06
0.450734694	5278.69
0.450755102	5046.07
0.45077551	4782.19
0.450789116	4375.39
0.450809524	4174.84
0.450829932	4090.64
0.450843537	3560.11
0.450863946	2927.31
0.450870748	2755.45
0.450891156	2310.88
0.450911565	1993.87
0.450931973	1679.42
0.450952381	1401.52
0.450972789	1173.94
0.4510068	1046.59
0.4510136	1022.95
0.45104082	999.234
0.45105442	983.323
0.45107483	976.667
0.45111565	970.057
0.45122449	976.667
0.4512585	1006.04
0.45129252	1019.17
0.45133333	1042.72
0.45136735	1136.15
0.45140136	1253.34
0.45144218	1387.74
0.45147619	1501.86
0.4515102	1701.33
0.45155102	1852.64
0.45158503	2031.14
0.45161905	2127.4
0.45165986	2339.59
0.45169388	2608.13
0.45172789	2803.5
0.45176871	2993.1
0.45180272	3217.3
0.45183673	3401.13
0.45187075	3765.85
0.45191157	3995.79
0.45194558	4185.16
0.45197959	4394.34
0.45202041	4648.29
0.45205442	4932.11
0.45208843	5162.66
0.45212925	5477.89
0.45216327	5888.22
0.45219728	6392.11
0.45223809	6649.73
0.45227211	7099.46
0.45230612	7532.95
0.45238095	8147.35
0.4524898	8833.66
0.45256463	9309.6
0.45263265	9684.81
0.4527415	10168.9
0.45285034	10546.1
0.45295918	10863.3
0.45306803	11190.0
0.45321088	11448.6
0.45331973	11641.0
0.45342857	11792.9
0.45353742	11946.8
0.45361224	12028.2
0.45372109	12147.6
0.45386395	12222.9
0.45404762	12344.2
0.45419048	12466.7
0.45437415	12551.7
0.45455102	12590.5
0.45484354	12637.2
0.455	12637.2
0.5	11866.0
0.500040816	11822.1
0.500122449	11727.6
0.500251701	11555.1
0.500292517	11378.1
0.500333333	11252.4
0.50037415	11121.2
0.500414966	10789.8
0.500462585	10546.1
0.500503401	10352.6
0.50052381	10118.8
0.500544218	8725.26
0.500585034	8496.67
0.50062585	7963.35
0.500639456	7381.03
0.500646259	6761.51
0.500659864	6616.97
0.500680272	6270.94
0.50070068	5965.06
0.500734694	5278.69
0.500755102	5046.07
0.50077551	4782.19
0.500789116	4375.39
0.500809524	4174.84
0.500829932	4090.64
0.500843537	3560.11
0.500863946	2927.31
0.500870748	2755.45
0.500891156	2310.88
0.500911565	1993.87
0.500931973	1679.42
0.500952381	1401.52
0.500972789	1173.94
0.5010068	1046.59
0.5010136	1022.95
0.50104082	999.234
0.50105442	983.323
0.50107483	976.667
0.50111565	970.057
0.50122449	976.667
0.5012585	1006.04
0.50129252	1019.17
0.50133333	1042.72
0.50136735	1136.15
0.50140136	1253.34
0.50144218	1387.74
0.50147619	1501.86
0.5015102	1701.33
0.50155102	1852.64
0.50158503	2031.14
0.50161905	2127.4
0.50165986	2339.59
0.50169388	2608.13
0.50172789	2803.5
0.50176871	2993.1
0.50180272	3217.3
0.50183673	3401.13
0.50187075	3765.85
0.50191157	3995.79
0.50194558	4185.16
0.50197959	4394.34
0.50202041	4648.29
0.50205442	4932.11
0.50208843	5162.66
0.50212925	5477.89
0.50216327	5888.22
0.50219728	6392.11
0.50223809	6649.73
0.50227211	7099.46
0.50230612	7532.95
0.50238095	8147.35
0.5024898	8833.66
0.50256463	9309.6
0.50263265	9684.81
0.5027415	10168.9
0.50285034	10546.1
0.50295918	10863.3
0.50306803	11190.0
0.50321088	11448.6
0.50331973	11641.0
0.50342857	11792.9
0.50353742	11946.8
0.50361224	12028.2
0.50372109	12147.6
0.50386395	12222.9
0.50404762	12344.2
0.50419048	12466.7
0.50437415	12551.7
0.50455102	12590.5
0.50484354	12637.2
0.505	12637.2
0.55	11866.0
0.550040816	11822.1
0.550122449	11727.6
0.550251701	11555.1
0.550292517	11378.1
0.550333333	11252.4
0.55037415	11121.2
0.550414966	10789.8
0.550462585	10546.1
0.550503401	10352.6
0.55052381	10118.8
0.550544218	8725.26
0.550585034	8496.67
0.55062585	7963.35
0.550639456	7381.03
0.550646259	6761.51
0.550659864	6616.97
0.550680272	6270.94
0.55070068	5965.06
0.550734694	5278.69
0.550755102	5046.07
0.55077551	4782.19
0.550789116	4375.39
0.550809524	4174.84
0.550829932	4090.64
0.550843537	3560.11
0.550863946	2927.31
0.550870748	2755.45
0.550891156	2310.88
0.550911565	1993.87
0.550931973	1679.42
0.550952381	1401.52
0.550972789	1173.94
0.5510068	1046.59
0.5510136	1022.95
0.55104082	999.234
0.55105442	983.323
0.55107483	976.667
0.55111565	970.057
0.55122449	976.667
0.5512585	1006.04
0.55129252	1019.17
0.55133333	1042.72
0.55136735	1136.15
0.55140136	1253.34
0.55144218	1387.74
0.55147619	1501.86
0.5515102	1701.33
0.55155102	1852.64
0.55158503	2031.14
0.55161905	2127.4
0.55165986	2339.59
0.55169388	2608.13
0.55172789	2803.5
0.55176871	2993.1
0.55180272	3217.3
0.55183673	3401.13
0.55187075	3765.85
0.55191157	3995.79
0.55194558	4185.16
0.55197959	4394.34
0.55202041	4648.29
0.55205442	4932.11
0.55208843	5162.66
0.55212925	5477.89
0.55216327	5888.22
0.55219728	6392.11
0.55223809	6649.73
0.55227211	7099.46
0.55230612	7532.95
0.55238095	8147.35
0.5524898	8833.66
0.55256463	9309.6
0.55263265	9684.81
0.5527415	10168.9
0.55285034	10546.1
0.55295918	10863.3
0.55306803	11190.0
0.55321088	11448.6
0.55331973	11641.0
0.55342857	11792.9
0.55353742	11946.8
0.55361224	12028.2
0.55372109	12147.6
0.55386395	12222.9
0.55404762	12344.2
0.55419048	12466.7
0.55437415	12551.7
0.55455102	12590.5
0.55484354	12637.2
0.555	12637.2
0.6	11866.0
0.600040816	11822.1
0.600122449	11727.6
0.600251701	11555.1
0.600292517	11378.1
0.600333333	11252.4
0.60037415	11121.2
0.600414966	10789.8
0.600462585	10546.1
0.600503401	10352.6
0.60052381	10118.8
0.600544218	8725.26
0.600585034	8496.67
0.60062585	7963.35
0.600639456	7381.03
0.600646259	6761.51
0.600659864	6616.97
0.600680272	6270.94
0.60070068	5965.06
0.600734694	5278.69
0.600755102	5046.07
0.60077551	4782.19
0.600789116	4375.39
0.600809524	4174.84
0.600829932	4090.64
0.600843537	3560.11
0.600863946	2927.31
0.600870748	2755.45
0.600891156	2310.88
0.600911565	1993.87
0.600931973	1679.42
0.600952381	1401.52
0.600972789	1173.94
0.6010068	1046.59
0.6010136	1022.95
0.60104082	999.234
0.60105442	983.323
0.60107483	976.667
0.60111565	970.057
0.60122449	976.667
0.6012585	1006.04
0.60129252	1019.17
0.60133333	1042.72
0.60136735	1136.15
0.60140136	1253.34
0.60144218	1387.74
0.60147619	1501.86
0.6015102	1701.33
0.60155102	1852.64
0.60158503	2031.14
0.60161905	2127.4
0.60165986	2339.59
0.60169388	2608.13
0.60172789	2803.5
0.60176871	2993.1
0.60180272	3217.3
0.60183673	3401.13
0.60187075	3765.85
0.60191157	3995.79
0.60194558	4185.16
0.60197959	4394.34
0.60202041	4648.29
0.60205442	4932.11
0.60208843	5162.66
0.60212925	5477.89
0.60216327	5888.22
0.60219728	6392.11
0.60223809	6649.73
0.60227211	7099.46
0.60230612	7532.95
0.60238095	8147.35
0.6024898	8833.66
0.60256463	9309.6
0.60263265	9684.81
0.6027415	10168.9
0.60285034	10546.1
0.60295918	10863.3
0.60306803	11190.0
0.60321088	11448.6
0.60331973	11641.0
0.60342857	11792.9
0.60353742	11946.8
0.60361224	12028.2
0.60372109	12147.6
0.60386395	12222.9
0.60404762	12344.2
0.60419048	12466.7
0.60437415	12551.7
0.60455102	12590.5
0.60484354	12637.2
0.605	12637.2
0.65	11866.0
0.650040816	11822.1
0.650122449	11727.6
0.650251701	11555.1
0.650292517	11378.1
0.650333333	11252.4
0.65037415	11121.2
0.650414966	10789.8
0.650462585	10546.1
0.650503401	10352.6
0.65052381	10118.8
0.650544218	8725.26
0.650585034	8496.67
0.65062585	7963.35
0.650639456	7381.03
0.650646259	6761.51
0.650659864	6616.97
0.650680272	6270.94
0.65070068	5965.06
0.650734694	5278.69
0.650755102	5046.07
0.65077551	4782.19
0.650789116	4375.39
0.650809524	4174.84
0.650829932	4090.64
0.650843537	3560.11
0.650863946	2927.31
0.650870748	2755.45
0.650891156	2310.88
0.650911565	1993.87
0.650931973	1679.42
0.650952381	1401.52
0.650972789	1173.94
0.6510068	1046.59
0.6510136	1022.95
0.65104082	999.234
0.65105442	983.323
0.65107483	976.667
0.65111565	970.057
0.65122449	976.667
0.6512585	1006.04
0.65129252	1019.17
0.65133333	1042.72
0.65136735	1136.15
0.65140136	1253.34
0.65144218	1387.74
0.65147619	1501.86
0.6515102	1701.33
0.65155102	1852.64
0.65158503	2031.14
0.65161905	2127.4
0.65165986	2339.59
0.65169388	2608.13
0.65172789	2803.5
0.65176871	2993.1
0.65180272	3217.3
0.65183673	3401.13
0.65187075	3765.85
0.65191157	3995.79
0.65194558	4185.16
0.65197959	4394.34
0.65202041	4648.29
0.65205442	4932.11
0.65208843	5162.66
0.65212925	5477.89
0.65216327	5888.22
0.65219728	6392.11
0.65223809	6649.73
0.65227211	7099.46
0.65230612	7532.95
0.65238095	8147.35
0.6524898	8833.66
0.65256463	9309.6
0.65263265	9684.81
0.6527415	10168.9
0.65285034	10546.1
0.65295918	10863.3
0.65306803	11190.0
0.65321088	11448.6
0.65331973	11641.0
0.65342857	11792.9
0.65353742	11946.8
0.65361224	12028.2
0.65372109	12147.6
0.65386395	12222.9
0.65404762	12344.2
0.65419048	12466.7
0.65437415	12551.7
0.65455102	12590.5
0.65484354	12637.2
0.655	12637.2
0.7	11866.0
0.700040816	11822.1
0.700122449	11727.6
0.700251701	11555.1
0.700292517	11378.1
0.700333333	11252.4
0.70037415	11121.2
0.700414966	10789.8
0.700462585	10546.1
0.700503401	10352.6
0.70052381	10118.8
0.700544218	8725.26
0.700585034	8496.67
0.70062585	7963.35
0.700639456	7381.03
0.700646259	6761.51
0.700659864	6616.97
0.700680272	6270.94
0.70070068	5965.06
0.700734694	5278.69
0.700755102	5046.07
0.70077551	4782.19
0.700789116	4375.39
0.700809524	4174.84
0.700829932	4090.64
0.700843537	3560.11
0.700863946	2927.31
0.700870748	2755.45
0.700891156	2310.88
0.700911565	1993.87
0.700931973	1679.42
0.700952381	1401.52
0.700972789	1173.94
0.7010068	1046.59
0.7010136	1022.95
0.70104082	999.234
0.70105442	983.323
0.70107483	976.667
0.70111565	970.057
0.70122449	976.667
0.7012585	1006.04
0.70129252	1019.17
0.70133333	1042.72
0.70136735	1136.15
0.70140136	1253.34
0.70144218	1387.74
0.70147619	1501.86
0.7015102	1701.33
0.70155102	1852.64
0.70158503	2031.14
0.70161905	2127.4
0.70165986	2339.59
0.70169388	2608.13
0.70172789	2803.5
0.70176871	2993.1
0.70180272	3217.3
0.70183673	3401.13
0.70187075	3765.85
0.70191157	3995.79
0.70194558	4185.16
0.70197959	4394.34
0.70202041	4648.29
0.70205442	4932.11
0.70208843	5162.66
0.70212925	5477.89
0.70216327	5888.22
0.70219728	6392.11
0.70223809	6649.73
0.70227211	7099.46
0.70230612	7532.95
0.70238095	8147.35
0.7024898	8833.66
0.70256463	9309.6
0.70263265	9684.81
0.7027415	10168.9
0.70285034	10546.1
0.70295918	10863.3
0.70306803	11190.0
0.70321088	11448.6
0.70331973	11641.0
0.70342857	11792.9
0.70353742	11946.8
0.70361224	12028.2
0.70372109	12147.6
0.70386395	12222.9
0.70404762	12344.2
0.70419048	12466.7
0.70437415	12551.7
0.70455102	12590.5
0.70484354	12637.2
0.705	12637.2
0.75	11866.0
0.750040816	11822.1
0.750122449	11727.6
0.750251701	11555.1
0.750292517	11378.1
0.750333333	11252.4
0.75037415	11121.2
0.750414966	10789.8
0.750462585	10546.1
0.750503401	10352.6
0.75052381	10118.8
0.750544218	8725.26
0.750585034	8496.67
0.75062585	7963.35
0.750639456	7381.03
0.750646259	6761.51
0.750659864	6616.97
0.750680272	6270.94
0.75070068	5965.06
0.750734694	5278.69
0.750755102	5046.07
0.75077551	4782.19
0.750789116	4375.39
0.750809524	4174.84
0.750829932	4090.64
0.750843537	3560.11
0.750863946	2927.31
0.750870748	2755.45
0.750891156	2310.88
0.750911565	1993.87
0.750931973	1679.42
0.750952381	1401.52
0.750972789	1173.94
0.7510068	1046.59
0.7510136	1022.95
0.75104082	999.234
0.75105442	983.323
0.75107483	976.667
0.75111565	970.057
0.75122449	976.667
0.7512585	1006.04
0.75129252	1019.17
0.75133333	1042.72
0.75136735	1136.15
0.75140136	1253.34
0.75144218	1387.74
0.75147619	1501.86
0.7515102	1701.33
0.75155102	1852.64
0.75158503	2031.14
0.75161905	2127.4
0.75165986	2339.59
0.75169388	2608.13
0.75172789	2803.5
0.75176871	2993.1
0.75180272	3217.3
0.75183673	3401.13
0.75187075	3765.85
0.75191157	3995.79
0.75194558	4185.16
0.75197959	4394.34
0.75202041	4648.29
0.75205442	4932.11
0.75208843	5162.66
0.75212925	5477.89
0.75216327	5888.22
0.75219728	6392.11
0.75223809	6649.73
0.75227211	7099.46
0.75230612	7532.95
0.75238095	8147.35
0.7524898	8833.66
0.75256463	9309.6
0.75263265	9684.81
0.7527415	10168.9
0.75285034	10546.1
0.75295918	10863.3
0.75306803	11190.0
0.75321088	11448.6
0.75331973	11641.0
0.75342857	11792.9
0.75353742	11946.8
0.75361224	12028.2
0.75372109	12147.6
0.75386395	12222.9
0.75404762	12344.2
0.75419048	12466.7
0.75437415	12551.7
0.75455102	12590.5
0.75484354	12637.2
0.755	12637.2
0.8	11866.0
0.800040816	11822.1
0.800122449	11727.6
0.800251701	11555.1
0.800292517	11378.1
0.800333333	11252.4
0.80037415	11121.2
0.800414966	10789.8
0.800462585	10546.1
0.800503401	10352.6
0.80052381	10118.8
0.800544218	8725.26
0.800585034	8496.67
0.80062585	7963.35
0.800639456	7381.03
0.800646259	6761.51
0.800659864	6616.97
0.800680272	6270.94
0.80070068	5965.06
0.800734694	5278.69
0.800755102	5046.07
0.80077551	4782.19
0.800789116	4375.39
0.800809524	4174.84
0.800829932	4090.64
0.800843537	3560.11
0.800863946	2927.31
0.800870748	2755.45
0.800891156	2310.88
0.800911565	1993.87
0.800931973	1679.42
0.800952381	1401.52
0.800972789	1173.94
0.8010068	1046.59
0.8010136	1022.95
0.80104082	999.234
0.80105442	983.323
0.80107483	976.667
0.80111565	970.057
0.80122449	976.667
0.8012585	1006.04
0.80129252	1019.17
0.80133333	1042.72
0.80136735	1136.15
0.80140136	1253.34
0.80144218	1387.74
0.80147619	1501.86
0.8015102	1701.33
0.80155102	1852.64
0.80158503	2031.14
0.80161905	2127.4
0.80165986	2339.59
0.80169388	2608.13
0.80172789	2803.5
0.80176871	2993.1
0.80180272	3217.3
0.80183673	3401.13
0.80187075	3765.85
0.80191157	3995.79
0.80194558	4185.16
0.80197959	4394.34
0.80202041	4648.29
0.80205442	4932.11
0.80208843	5162.66
0.80212925	5477.89
0.80216327	5888.22
0.80219728	6392.11
0.80223809	6649.73
0.80227211	7099.46
0.80230612	7532.95
0.80238095	8147.35
0.8024898	8833.66
0.80256463	9309.6
0.80263265	9684.81
0.8027415	10168.9
0.80285034	10546.1
0.80295918	10863.3
0.80306803	11190.0
0.80321088	11448.6
0.80331973	11641.0
0.80342857	11792.9
0.80353742	11946.8
0.80361224	12028.2
0.80372109	12147.6
0.80386395	12222.9
0.80404762	12344.2
0.80419048	12466.7
0.80437415	12551.7
0.80455102	12590.5
0.80484354	12637.2
0.805	12637.2
0.85	11866.0
0.850040816	11822.1
0.850122449	11727.6
0.850251701	11555.1
0.850292517	11378.1
0.850333333	11252.4
0.85037415	11121.2
0.850414966	10789.8
0.850462585	10546.1
0.850503401	10352.6
0.85052381	10118.8
0.850544218	8725.26
0.850585034	8496.67
0.85062585	7963.35
0.850639456	7381.03
0.850646259	6761.51
0.850659864	6616.97
0.850680272	6270.94
0.85070068	5965.06
0.850734694	5278.69
0.850755102	5046.07
0.85077551	4782.19
0.850789116	4375.39
0.850809524	4174.84
0.850829932	4090.64
0.850843537	3560.11
0.850863946	2927.31
0.850870748	2755.45
0.850891156	2310.88
0.850911565	1993.87
0.850931973	1679.42
0.850952381	1401.52
0.850972789	1173.94
0.8510068	1046.59
0.8510136	1022.95
0.85104082	999.234
0.85105442	983.323
0.85107483	976.667
0.85111565	970.057
0.85122449	976.667
0.8512585	1006.04
0.85129252	1019.17
0.85133333	1042.72
0.85136735	1136.15
0.85140136	1253.34
0.85144218	1387.74
0.85147619	1501.86
0.8515102	1701.33
0.85155102	1852.64
0.85158503	2031.14
0.85161905	2127.4
0.85165986	2339.59
0.85169388	2608.13
0.85172789	2803.5
0.85176871	2993.1
0.85180272	3217.3
0.85183673	3401.13
0.85187075	3765.85
0.85191157	3995.79
0.85194558	4185.16
0.85197959	4394.34
0.85202041	4648.29
0.85205442	4932.11
0.85208843	5162.66
0.85212925	5477.89
0.85216327	5888.22
0.85219728	6392.11
0.85223809	6649.73
0.85227211	7099.46
0.85230612	7532.95
0.85238095	8147.35
0.8524898	8833.66
0.85256463	9309.6
0.85263265	9684.81
0.8527415	10168.9
0.85285034	10546.1
0.85295918	10863.3
0.85306803	11190.0
0.85321088	11448.6
0.85331973	11641.0
0.85342857	11792.9
0.85353742	11946.8
0.85361224	12028.2
0.85372109	12147.6
0.85386395	12222.9
0.85404762	12344.2
0.85419048	12466.7
0.85437415	12551.7
0.85455102	12590.5
0.85484354	12637.2
0.855	12637.2
0.9	11866.0
0.900040816	11822.1
0.900122449	11727.6
0.900251701	11555.1
0.900292517	11378.1
0.900333333	11252.4
0.90037415	11121.2
0.900414966	10789.8
0.900462585	10546.1
0.900503401	10352.6
0.90052381	10118.8
0.900544218	8725.26
0.900585034	8496.67
0.90062585	7963.35
0.900639456	7381.03
0.900646259	6761.51
0.900659864	6616.97
0.900680272	6270.94
0.90070068	5965.06
0.900734694	5278.69
0.900755102	5046.07
0.90077551	4782.19
0.900789116	4375.39
0.900809524	4174.84
0.900829932	4090.64
0.900843537	3560.11
0.900863946	2927.31
0.900870748	2755.45
0.900891156	2310.88
0.900911565	1993.87
0.900931973	1679.42
0.900952381	1401.52
0.900972789	1173.94
0.9010068	1046.59
0.9010136	1022.95
0.90104082	999.234
0.90105442	983.323
0.90107483	976.667
0.90111565	970.057
0.90122449	976.667
0.9012585	1006.04
0.90129252	1019.17
0.90133333	1042.72
0.90136735	1136.15
0.90140136	1253.34
0.90144218	1387.74
0.90147619	1501.86
0.9015102	1701.33
0.90155102	1852.64
0.90158503	2031.14
0.90161905	2127.4
0.90165986	2339.59
0.90169388	2608.13
0.90172789	2803.5
0.90176871	2993.1
0.90180272	3217.3
0.90183673	3401.13
0.90187075	3765.85
0.90191157	3995.79
0.90194558	4185.16
0.90197959	4394.34
0.90202041	4648.29
0.90205442	4932.11
0.90208843	5162.66
0.90212925	5477.89
0.90216327	5888.22
0.90219728	6392.11
0.90223809	6649.73
0.90227211	7099.46
0.90230612	7532.95
0.90238095	8147.35
0.9024898	8833.66
0.90256463	9309.6
0.90263265	9684.81
0.9027415	10168.9
0.90285034	10546.1
0.90295918	10863.3
0.90306803	11190.0
0.90321088	11448.6
0.90331973	11641.0
0.90342857	11792.9
0.90353742	11946.8
0.90361224	12028.2
0.90372109	12147.6
0.90386395	12222.9
0.90404762	12344.2
0.90419048	12466.7
0.90437415	12551.7
0.90455102	12590.5
0.90484354	12637.2
0.905	12637.2
0.95	11866.0
0.950040816	11822.1
0.950122449	11727.6
0.950251701	11555.1
0.950292517	11378.1
0.950333333	11252.4
0.95037415	11121.2
0.950414966	10789.8
0.950462585	10546.1
0.950503401	10352.6
0.95052381	10118.8
0.950544218	8725.26
0.950585034	8496.67
0.95062585	7963.35
0.950639456	7381.03
0.950646259	6761.51
0.950659864	6616.97
0.950680272	6270.94
0.95070068	5965.06
0.950734694	5278.69
0.950755102	5046.07
0.95077551	4782.19
0.950789116	4375.39
0.950809524	4174.84
0.950829932	4090.64
0.950843537	3560.11
0.950863946	2927.31
0.950870748	2755.45
0.950891156	2310.88
0.950911565	1993.87
0.950931973	1679.42
0.950952381	1401.52
0.950972789	1173.94
0.9510068	1046.59
0.9510136	1022.95
0.95104082	999.234
0.95105442	983.323
0.95107483	976.667
0.95111565	970.057
0.95122449	976.667
0.9512585	1006.04
0.95129252	1019.17
0.95133333	1042.72
0.95136735	1136.15
0.95140136	1253.34
0.95144218	1387.74
0.95147619	1501.86
0.9515102	1701.33
0.95155102	1852.64
0.95158503	2031.14
0.95161905	2127.4
0.95165986	2339.59
0.95169388	2608.13
0.95172789	2803.5
0.95176871	2993.1
0.95180272	3217.3
0.95183673	3401.13
0.95187075	3765.85
0.95191157	3995.79
0.95194558	4185.16
0.95197959	4394.34
0.95202041	4648.29
0.95205442	4932.11
0.95208843	5162.66
0.95212925	5477.89
0.95216327	5888.22
0.95219728	6392.11
0.95223809	6649.73
0.95227211	7099.46
0.95230612	7532.95
0.95238095	8147.35
0.9524898	8833.66
0.95256463	9309.6
0.95263265	9684.81
0.9527415	10168.9
0.95285034	10546.1
0.95295918	10863.3
0.95306803	11190.0
0.95321088	11448.6
0.95331973	11641.0
0.95342857	11792.9
0.95353742	11946.8
0.95361224	12028.2
0.95372109	12147.6
0.95386395	12222.9
0.95404762	12344.2
0.95419048	12466.7
0.95437415	12551.7
0.95455102	12590.5
0.95484354	12637.2
0.955	12637.2
