0.0	28736.2
4.0816e-05	28641.8
0.000122449	28438.3
0.000251701	28066.4
0.000292517	27684.1
0.000333333	27412.1
0.00037415	27127.9
0.000414966	26408.5
0.000462585	25877.9
0.000503401	25455.6
0.00052381	24944.2
0.000544218	21867.4
0.000585034	21357.6
0.00062585	20162.3
0.000639456	18846.8
0.000646259	17434.6
0.000659864	17103.1
0.000680272	16306.1
0.00070068	15597.4
0.000734694	13992.2
0.000755102	13443.0
0.00077551	12816.5
0.000789116	11843.1
0.000809524	11359.6
0.000829932	11155.8
0.000843537	9860.56
0.000863946	8286.79
0.000870748	7853.09
0.000891156	6716.58
0.000911565	5891.34
0.000931973	5058.12
0.000952381	4307.16
0.000972789	3679.78
0.0010068	3322.87
0.0010136	3256.11
0.00104082	3188.94
0.00105442	3143.78
0.00107483	3124.87
0.00111565	3106.07
0.00122449	3124.87
0.0012585	3208.24
0.00129252	3245.41
0.00133333	3311.95
0.00136735	3574.34
0.00140136	3900.07
0.00144218	4269.52
0.00147619	4580.06
0.0015102	5116.72
0.00155102	5519.07
0.00158503	5989.08
0.00161905	6240.61
0.00165986	6790.67
0.00169388	7478.93
0.00172789	7974.64
0.00176871	8452.05
0.00180272	9012.26
0.00183673	9468.33
0.00187075	10365.2
0.00191157	10925.7
0.00194558	11384.5
0.00197959	11888.7
0.00202041	12497.2
0.00205442	13172.9
0.00208843	13718.6
0.00212925	14460.4
0.00216327	15418.8
0.00219728	16585.7
0.00223809	17178.3
0.00227211	18206.7
0.00230612	19191.1
0.00238095	20575.7
0.0024898	22108.6
0.00256463	23163.8
0.00263265	23991.4
0.0027415	25053.9
0.00285034	25877.9
0.00295918	26568.3
0.00306803	27277.1
0.00321088	27836.4
0.00331973	28251.7
0.00342857	28579.0
0.00353742	28910.1
0.00361224	29085.1
0.00372109	29341.5
0.00386395	29502.8
0.00404762	29762.9
0.00419048	30025.3
0.00437415	30207.0
0.00455102	30289.9
0.00484354	30389.8
0.005	30389.8
1.0	28736.2
1.000040816	28641.8
1.000122449	28438.3
1.000251701	28066.4
1.000292517	27684.1
1.000333333	27412.1
1.00037415	27127.9
1.000414966	26408.5
1.000462585	25877.9
1.000503401	25455.6
1.00052381	24944.2
1.000544218	21867.4
1.000585034	21357.6
1.00062585	20162.3
1.000639456	18846.8
1.000646259	17434.6
1.000659864	17103.1
1.000680272	16306.1
1.00070068	15597.4
1.000734694	13992.2
1.000755102	13443.0
1.00077551	12816.5
1.000789116	11843.1
1.000809524	11359.6
1.000829932	11155.8
1.000843537	9860.56
1.000863946	8286.79
1.000870748	7853.09
1.000891156	6716.58
1.000911565	5891.34
1.000931973	5058.12
1.000952381	4307.16
1.000972789	3679.78
1.0010068	3322.87
1.0010136	3256.11
1.00104082	3188.94
1.00105442	3143.78
1.00107483	3124.87
1.00111565	3106.07
1.00122449	3124.87
1.0012585	3208.24
1.00129252	3245.41
1.00133333	3311.95
1.00136735	3574.34
1.00140136	3900.07
1.00144218	4269.52
1.00147619	4580.06
1.0015102	5116.72
1.00155102	5519.07
1.00158503	5989.08
1.00161905	6240.61
1.00165986	6790.67
1.00169388	7478.93
1.00172789	7974.64
1.00176871	8452.05
1.00180272	9012.26
1.00183673	9468.33
1.00187075	10365.2
1.00191157	10925.7
1.00194558	11384.5
1.00197959	11888.7
1.00202041	12497.2
1.00205442	13172.9
1.00208843	13718.6
1.00212925	14460.4
1.00216327	15418.8
1.00219728	16585.7
1.00223809	17178.3
1.00227211	18206.7
1.00230612	19191.1
1.00238095	20575.7
1.0024898	22108.6
1.00256463	23163.8
1.00263265	23991.4
1.0027415	25053.9
1.00285034	25877.9
1.00295918	26568.3
1.00306803	27277.1
1.00321088	27836.4
1.00331973	28251.7
1.00342857	28579.0
1.00353742	28910.1
1.00361224	29085.1
1.00372109	29341.5
1.00386395	29502.8
1.00404762	29762.9
1.00419048	30025.3
1.00437415	30207.0
1.00455102	30289.9
1.00484354	30389.8
1.005	30389.8
2.0	28736.2
2.000040816	28641.8
2.000122449	28438.3
2.000251701	28066.4
2.000292517	27684.1
2.000333333	27412.1
2.00037415	27127.9
2.000414966	26408.5
2.000462585	25877.9
2.000503401	25455.6
2.00052381	24944.2
2.000544218	21867.4
2.000585034	21357.6
2.00062585	20162.3
2.000639456	18846.8
2.000646259	17434.6
2.000659864	17103.1
2.000680272	16306.1
2.00070068	15597.4
2.000734694	13992.2
2.000755102	13443.0
2.00077551	12816.5
2.000789116	11843.1
2.000809524	11359.6
2.000829932	11155.8
2.000843537	9860.56
2.000863946	8286.79
2.000870748	7853.09
2.000891156	6716.58
2.000911565	5891.34
2.000931973	5058.12
2.000952381	4307.16
2.000972789	3679.78
2.0010068	3322.87
2.0010136	3256.11
2.00104082	3188.94
2.00105442	3143.78
2.00107483	3124.87
2.00111565	3106.07
2.00122449	3124.87
2.0012585	3208.24
2.00129252	3245.41
2.00133333	3311.95
2.00136735	3574.34
2.00140136	3900.07
2.00144218	4269.52
2.00147619	4580.06
2.0015102	5116.72
2.00155102	5519.07
2.00158503	5989.08
2.00161905	6240.61
2.00165986	6790.67
2.00169388	7478.93
2.00172789	7974.64
2.00176871	8452.05
2.00180272	9012.26
2.00183673	9468.33
2.00187075	10365.2
2.00191157	10925.7
2.00194558	11384.5
2.00197959	11888.7
2.00202041	12497.2
2.00205442	13172.9
2.00208843	13718.6
2.00212925	14460.4
2.00216327	15418.8
2.00219728	16585.7
2.00223809	17178.3
2.00227211	18206.7
2.00230612	19191.1
2.00238095	20575.7
2.0024898	22108.6
2.00256463	23163.8
2.00263265	23991.4
2.0027415	25053.9
2.00285034	25877.9
2.00295918	26568.3
2.00306803	27277.1
2.00321088	27836.4
2.00331973	28251.7
2.00342857	28579.0
2.00353742	28910.1
2.00361224	29085.1
2.00372109	29341.5
2.00386395	29502.8
2.00404762	29762.9
2.00419048	30025.3
2.00437415	30207.0
2.00455102	30289.9
2.00484354	30389.8
2.005	30389.8
3.0	28736.2
3.000040816	28641.8
3.000122449	28438.3
3.000251701	28066.4
3.000292517	27684.1
3.000333333	27412.1
3.00037415	27127.9
3.000414966	26408.5
3.000462585	25877.9
3.000503401	25455.6
3.00052381	24944.2
3.000544218	21867.4
3.000585034	21357.6
3.00062585	20162.3
3.000639456	18846.8
3.000646259	17434.6
3.000659864	17103.1
3.000680272	16306.1
3.00070068	15597.4
3.000734694	13992.2
3.000755102	13443.0
3.00077551	12816.5
3.000789116	11843.1
3.000809524	11359.6
3.000829932	11155.8
3.000843537	9860.56
3.000863946	8286.79
3.000870748	7853.09
3.000891156	6716.58
3.000911565	5891.34
3.000931973	5058.12
3.000952381	4307.16
3.000972789	3679.78
3.0010068	3322.87
3.0010136	3256.11
3.00104082	3188.94
3.00105442	3143.78
3.00107483	3124.87
3.00111565	3106.07
3.00122449	3124.87
3.0012585	3208.24
3.00129252	3245.41
3.00133333	3311.95
3.00136735	3574.34
3.00140136	3900.07
3.00144218	4269.52
3.00147619	4580.06
3.0015102	5116.72
3.00155102	5519.07
3.00158503	5989.08
3.00161905	6240.61
3.00165986	6790.67
3.00169388	7478.93
3.00172789	7974.64
3.00176871	8452.05
3.00180272	9012.26
3.00183673	9468.33
3.00187075	10365.2
3.00191157	10925.7
3.00194558	11384.5
3.00197959	11888.7
3.00202041	12497.2
3.00205442	13172.9
3.00208843	13718.6
3.00212925	14460.4
3.00216327	15418.8
3.00219728	16585.7
3.00223809	17178.3
3.00227211	18206.7
3.00230612	19191.1
3.00238095	20575.7
3.0024898	22108.6
3.00256463	23163.8
3.00263265	23991.4
3.0027415	25053.9
3.00285034	25877.9
3.00295918	26568.3
3.00306803	27277.1
3.00321088	27836.4
3.00331973	28251.7
3.00342857	28579.0
3.00353742	28910.1
3.00361224	29085.1
3.00372109	29341.5
3.00386395	29502.8
3.00404762	29762.9
3.00419048	30025.3
3.00437415	30207.0
3.00455102	30289.9
3.00484354	30389.8
3.005	30389.8
4.0	28736.2
4.000040816	28641.8
4.000122449	28438.3
4.000251701	28066.4
4.000292517	27684.1
4.000333333	27412.1
4.00037415	27127.9
4.000414966	26408.5
4.000462585	25877.9
4.000503401	25455.6
4.00052381	24944.2
4.000544218	21867.4
4.000585034	21357.6
4.00062585	20162.3
4.000639456	18846.8
4.000646259	17434.6
4.000659864	17103.1
4.000680272	16306.1
4.00070068	15597.4
4.000734694	13992.2
4.000755102	13443.0
4.00077551	12816.5
4.000789116	11843.1
4.000809524	11359.6
4.000829932	11155.8
4.000843537	9860.56
4.000863946	8286.79
4.000870748	7853.09
4.000891156	6716.58
4.000911565	5891.34
4.000931973	5058.12
4.000952381	4307.16
4.000972789	3679.78
4.0010068	3322.87
4.0010136	3256.11
4.00104082	3188.94
4.00105442	3143.78
4.00107483	3124.87
4.00111565	3106.07
4.00122449	3124.87
4.0012585	3208.24
4.00129252	3245.41
4.00133333	3311.95
4.00136735	3574.34
4.00140136	3900.07
4.00144218	4269.52
4.00147619	4580.06
4.0015102	5116.72
4.00155102	5519.07
4.00158503	5989.08
4.00161905	6240.61
4.00165986	6790.67
4.00169388	7478.93
4.00172789	7974.64
4.00176871	8452.05
4.00180272	9012.26
4.00183673	9468.33
4.00187075	10365.2
4.00191157	10925.7
4.00194558	11384.5
4.00197959	11888.7
4.00202041	12497.2
4.00205442	13172.9
4.00208843	13718.6
4.00212925	14460.4
4.00216327	15418.8
4.00219728	16585.7
4.00223809	17178.3
4.00227211	18206.7
4.00230612	19191.1
4.00238095	20575.7
4.0024898	22108.6
4.00256463	23163.8
4.00263265	23991.4
4.0027415	25053.9
4.00285034	25877.9
4.00295918	26568.3
4.00306803	27277.1
4.00321088	27836.4
4.00331973	28251.7
4.00342857	28579.0
4.00353742	28910.1
4.00361224	29085.1
4.00372109	29341.5
4.00386395	29502.8
4.00404762	29762.9
4.00419048	30025.3
4.00437415	30207.0
4.00455102	30289.9
4.00484354	30389.8
4.005	30389.8
5.0	28736.2
5.000040816	28641.8
5.000122449	28438.3
5.000251701	28066.4
5.000292517	27684.1
5.000333333	27412.1
5.00037415	27127.9
5.000414966	26408.5
5.000462585	25877.9
5.000503401	25455.6
5.00052381	24944.2
5.000544218	21867.4
5.000585034	21357.6
5.00062585	20162.3
5.000639456	18846.8
5.000646259	17434.6
5.000659864	17103.1
5.000680272	16306.1
5.00070068	15597.4
5.000734694	13992.2
5.000755102	13443.0
5.00077551	12816.5
5.000789116	11843.1
5.000809524	11359.6
5.000829932	11155.8
5.000843537	9860.56
5.000863946	8286.79
5.000870748	7853.09
5.000891156	6716.58
5.000911565	5891.34
5.000931973	5058.12
5.000952381	4307.16
5.000972789	3679.78
5.0010068	3322.87
5.0010136	3256.11
5.00104082	3188.94
5.00105442	3143.78
5.00107483	3124.87
5.00111565	3106.07
5.00122449	3124.87
5.0012585	3208.24
5.00129252	3245.41
5.00133333	3311.95
5.00136735	3574.34
5.00140136	3900.07
5.00144218	4269.52
5.00147619	4580.06
5.0015102	5116.72
5.00155102	5519.07
5.00158503	5989.08
5.00161905	6240.61
5.00165986	6790.67
5.00169388	7478.93
5.00172789	7974.64
5.00176871	8452.05
5.00180272	9012.26
5.00183673	9468.33
5.00187075	10365.2
5.00191157	10925.7
5.00194558	11384.5
5.00197959	11888.7
5.00202041	12497.2
5.00205442	13172.9
5.00208843	13718.6
5.00212925	14460.4
5.00216327	15418.8
5.00219728	16585.7
5.00223809	17178.3
5.00227211	18206.7
5.00230612	19191.1
5.00238095	20575.7
5.0024898	22108.6
5.00256463	23163.8
5.00263265	23991.4
5.0027415	25053.9
5.00285034	25877.9
5.00295918	26568.3
5.00306803	27277.1
5.00321088	27836.4
5.00331973	28251.7
5.00342857	28579.0
5.00353742	28910.1
5.00361224	29085.1
5.00372109	29341.5
5.00386395	29502.8
5.00404762	29762.9
5.00419048	30025.3
5.00437415	30207.0
5.00455102	30289.9
5.00484354	30389.8
5.005	30389.8
6.0	28736.2
6.000040816	28641.8
6.000122449	28438.3
6.000251701	28066.4
6.000292517	27684.1
6.000333333	27412.1
6.00037415	27127.9
6.000414966	26408.5
6.000462585	25877.9
6.000503401	25455.6
6.00052381	24944.2
6.000544218	21867.4
6.000585034	21357.6
6.00062585	20162.3
6.000639456	18846.8
6.000646259	17434.6
6.000659864	17103.1
6.000680272	16306.1
6.00070068	15597.4
6.000734694	13992.2
6.000755102	13443.0
6.00077551	12816.5
6.000789116	11843.1
6.000809524	11359.6
6.000829932	11155.8
6.000843537	9860.56
6.000863946	8286.79
6.000870748	7853.09
6.000891156	6716.58
6.000911565	5891.34
6.000931973	5058.12
6.000952381	4307.16
6.000972789	3679.78
6.0010068	3322.87
6.0010136	3256.11
6.00104082	3188.94
6.00105442	3143.78
6.00107483	3124.87
6.00111565	3106.07
6.00122449	3124.87
6.0012585	3208.24
6.00129252	3245.41
6.00133333	3311.95
6.00136735	3574.34
6.00140136	3900.07
6.00144218	4269.52
6.00147619	4580.06
6.0015102	5116.72
6.00155102	5519.07
6.00158503	5989.08
6.00161905	6240.61
6.00165986	6790.67
6.00169388	7478.93
6.00172789	7974.64
6.00176871	8452.05
6.00180272	9012.26
6.00183673	9468.33
6.00187075	10365.2
6.00191157	10925.7
6.00194558	11384.5
6.00197959	11888.7
6.00202041	12497.2
6.00205442	13172.9
6.00208843	13718.6
6.00212925	14460.4
6.00216327	15418.8
6.00219728	16585.7
6.00223809	17178.3
6.00227211	18206.7
6.00230612	19191.1
6.00238095	20575.7
6.0024898	22108.6
6.00256463	23163.8
6.00263265	23991.4
6.0027415	25053.9
6.00285034	25877.9
6.00295918	26568.3
6.00306803	27277.1
6.00321088	27836.4
6.00331973	28251.7
6.00342857	28579.0
6.00353742	28910.1
6.00361224	29085.1
6.00372109	29341.5
6.00386395	29502.8
6.00404762	29762.9
6.00419048	30025.3
6.00437415	30207.0
6.00455102	30289.9
6.00484354	30389.8
6.005	30389.8
7.0	28736.2
7.000040816	28641.8
7.000122449	28438.3
7.000251701	28066.4
7.000292517	27684.1
7.000333333	27412.1
7.00037415	27127.9
7.000414966	26408.5
7.000462585	25877.9
7.000503401	25455.6
7.00052381	24944.2
7.000544218	21867.4
7.000585034	21357.6
7.00062585	20162.3
7.000639456	18846.8
7.000646259	17434.6
7.000659864	17103.1
7.000680272	16306.1
7.00070068	15597.4
7.000734694	13992.2
7.000755102	13443.0
7.00077551	12816.5
7.000789116	11843.1
7.000809524	11359.6
7.000829932	11155.8
7.000843537	9860.56
7.000863946	8286.79
7.000870748	7853.09
7.000891156	6716.58
7.000911565	5891.34
7.000931973	5058.12
7.000952381	4307.16
7.000972789	3679.78
7.0010068	3322.87
7.0010136	3256.11
7.00104082	3188.94
7.00105442	3143.78
7.00107483	3124.87
7.00111565	3106.07
7.00122449	3124.87
7.0012585	3208.24
7.00129252	3245.41
7.00133333	3311.95
7.00136735	3574.34
7.00140136	3900.07
7.00144218	4269.52
7.00147619	4580.06
7.0015102	5116.72
7.00155102	5519.07
7.00158503	5989.08
7.00161905	6240.61
7.00165986	6790.67
7.00169388	7478.93
7.00172789	7974.64
7.00176871	8452.05
7.00180272	9012.26
7.00183673	9468.33
7.00187075	10365.2
7.00191157	10925.7
7.00194558	11384.5
7.00197959	11888.7
7.00202041	12497.2
7.00205442	13172.9
7.00208843	13718.6
7.00212925	14460.4
7.00216327	15418.8
7.00219728	16585.7
7.00223809	17178.3
7.00227211	18206.7
7.00230612	19191.1
7.00238095	20575.7
7.0024898	22108.6
7.00256463	23163.8
7.00263265	23991.4
7.0027415	25053.9
7.00285034	25877.9
7.00295918	26568.3
7.00306803	27277.1
7.00321088	27836.4
7.00331973	28251.7
7.00342857	28579.0
7.00353742	28910.1
7.00361224	29085.1
7.00372109	29341.5
7.00386395	29502.8
7.00404762	29762.9
7.00419048	30025.3
7.00437415	30207.0
7.00455102	30289.9
7.00484354	30389.8
7.005	30389.8
8.0	28736.2
8.000040816	28641.8
8.000122449	28438.3
8.000251701	28066.4
8.000292517	27684.1
8.000333333	27412.1
8.00037415	27127.9
8.000414966	26408.5
8.000462585	25877.9
8.000503401	25455.6
8.00052381	24944.2
8.000544218	21867.4
8.000585034	21357.6
8.00062585	20162.3
8.000639456	18846.8
8.000646259	17434.6
8.000659864	17103.1
8.000680272	16306.1
8.00070068	15597.4
8.000734694	13992.2
8.000755102	13443.0
8.00077551	12816.5
8.000789116	11843.1
8.000809524	11359.6
8.000829932	11155.8
8.000843537	9860.56
8.000863946	8286.79
8.000870748	7853.09
8.000891156	6716.58
8.000911565	5891.34
8.000931973	5058.12
8.000952381	4307.16
8.000972789	3679.78
8.0010068	3322.87
8.0010136	3256.11
8.00104082	3188.94
8.00105442	3143.78
8.00107483	3124.87
8.00111565	3106.07
8.00122449	3124.87
8.0012585	3208.24
8.00129252	3245.41
8.00133333	3311.95
8.00136735	3574.34
8.00140136	3900.07
8.00144218	4269.52
8.00147619	4580.06
8.0015102	5116.72
8.00155102	5519.07
8.00158503	5989.08
8.00161905	6240.61
8.00165986	6790.67
8.00169388	7478.93
8.00172789	7974.64
8.00176871	8452.05
8.00180272	9012.26
8.00183673	9468.33
8.00187075	10365.2
8.00191157	10925.7
8.00194558	11384.5
8.00197959	11888.7
8.00202041	12497.2
8.00205442	13172.9
8.00208843	13718.6
8.00212925	14460.4
8.00216327	15418.8
8.00219728	16585.7
8.00223809	17178.3
8.00227211	18206.7
8.00230612	19191.1
8.00238095	20575.7
8.0024898	22108.6
8.00256463	23163.8
8.00263265	23991.4
8.0027415	25053.9
8.00285034	25877.9
8.00295918	26568.3
8.00306803	27277.1
8.00321088	27836.4
8.00331973	28251.7
8.00342857	28579.0
8.00353742	28910.1
8.00361224	29085.1
8.00372109	29341.5
8.00386395	29502.8
8.00404762	29762.9
8.00419048	30025.3
8.00437415	30207.0
8.00455102	30289.9
8.00484354	30389.8
8.005	30389.8
9.0	28736.2
9.000040816	28641.8
9.000122449	28438.3
9.000251701	28066.4
9.000292517	27684.1
9.000333333	27412.1
9.00037415	27127.9
9.000414966	26408.5
9.000462585	25877.9
9.000503401	25455.6
9.00052381	24944.2
9.000544218	21867.4
9.000585034	21357.6
9.00062585	20162.3
9.000639456	18846.8
9.000646259	17434.6
9.000659864	17103.1
9.000680272	16306.1
9.00070068	15597.4
9.000734694	13992.2
9.000755102	13443.0
9.00077551	12816.5
9.000789116	11843.1
9.000809524	11359.6
9.000829932	11155.8
9.000843537	9860.56
9.000863946	8286.79
9.000870748	7853.09
9.000891156	6716.58
9.000911565	5891.34
9.000931973	5058.12
9.000952381	4307.16
9.000972789	3679.78
9.0010068	3322.87
9.0010136	3256.11
9.00104082	3188.94
9.00105442	3143.78
9.00107483	3124.87
9.00111565	3106.07
9.00122449	3124.87
9.0012585	3208.24
9.00129252	3245.41
9.00133333	3311.95
9.00136735	3574.34
9.00140136	3900.07
9.00144218	4269.52
9.00147619	4580.06
9.0015102	5116.72
9.00155102	5519.07
9.00158503	5989.08
9.00161905	6240.61
9.00165986	6790.67
9.00169388	7478.93
9.00172789	7974.64
9.00176871	8452.05
9.00180272	9012.26
9.00183673	9468.33
9.00187075	10365.2
9.00191157	10925.7
9.00194558	11384.5
9.00197959	11888.7
9.00202041	12497.2
9.00205442	13172.9
9.00208843	13718.6
9.00212925	14460.4
9.00216327	15418.8
9.00219728	16585.7
9.00223809	17178.3
9.00227211	18206.7
9.00230612	19191.1
9.00238095	20575.7
9.0024898	22108.6
9.00256463	23163.8
9.00263265	23991.4
9.0027415	25053.9
9.00285034	25877.9
9.00295918	26568.3
9.00306803	27277.1
9.00321088	27836.4
9.00331973	28251.7
9.00342857	28579.0
9.00353742	28910.1
9.00361224	29085.1
9.00372109	29341.5
9.00386395	29502.8
9.00404762	29762.9
9.00419048	30025.3
9.00437415	30207.0
9.00455102	30289.9
9.00484354	30389.8
9.005	30389.8
10.0	28736.2
10.000040816	28641.8
10.000122449	28438.3
10.000251701	28066.4
10.000292517	27684.1
10.000333333	27412.1
10.00037415	27127.9
10.000414966	26408.5
10.000462585	25877.9
10.000503401	25455.6
10.00052381	24944.2
10.000544218	21867.4
10.000585034	21357.6
10.00062585	20162.3
10.000639456	18846.8
10.000646259	17434.6
10.000659864	17103.1
10.000680272	16306.1
10.00070068	15597.4
10.000734694	13992.2
10.000755102	13443.0
10.00077551	12816.5
10.000789116	11843.1
10.000809524	11359.6
10.000829932	11155.8
10.000843537	9860.56
10.000863946	8286.79
10.000870748	7853.09
10.000891156	6716.58
10.000911565	5891.34
10.000931973	5058.12
10.000952381	4307.16
10.000972789	3679.78
10.0010068	3322.87
10.0010136	3256.11
10.00104082	3188.94
10.00105442	3143.78
10.00107483	3124.87
10.00111565	3106.07
10.00122449	3124.87
10.0012585	3208.24
10.00129252	3245.41
10.00133333	3311.95
10.00136735	3574.34
10.00140136	3900.07
10.00144218	4269.52
10.00147619	4580.06
10.0015102	5116.72
10.00155102	5519.07
10.00158503	5989.08
10.00161905	6240.61
10.00165986	6790.67
10.00169388	7478.93
10.00172789	7974.64
10.00176871	8452.05
10.00180272	9012.26
10.00183673	9468.33
10.00187075	10365.2
10.00191157	10925.7
10.00194558	11384.5
10.00197959	11888.7
10.00202041	12497.2
10.00205442	13172.9
10.00208843	13718.6
10.00212925	14460.4
10.00216327	15418.8
10.00219728	16585.7
10.00223809	17178.3
10.00227211	18206.7
10.00230612	19191.1
10.00238095	20575.7
10.0024898	22108.6
10.00256463	23163.8
10.00263265	23991.4
10.0027415	25053.9
10.00285034	25877.9
10.00295918	26568.3
10.00306803	27277.1
10.00321088	27836.4
10.00331973	28251.7
10.00342857	28579.0
10.00353742	28910.1
10.00361224	29085.1
10.00372109	29341.5
10.00386395	29502.8
10.00404762	29762.9
10.00419048	30025.3
10.00437415	30207.0
10.00455102	30289.9
10.00484354	30389.8
10.005	30389.8
11.0	28736.2
11.000040816	28641.8
11.000122449	28438.3
11.000251701	28066.4
11.000292517	27684.1
11.000333333	27412.1
11.00037415	27127.9
11.000414966	26408.5
11.000462585	25877.9
11.000503401	25455.6
11.00052381	24944.2
11.000544218	21867.4
11.000585034	21357.6
11.00062585	20162.3
11.000639456	18846.8
11.000646259	17434.6
11.000659864	17103.1
11.000680272	16306.1
11.00070068	15597.4
11.000734694	13992.2
11.000755102	13443.0
11.00077551	12816.5
11.000789116	11843.1
11.000809524	11359.6
11.000829932	11155.8
11.000843537	9860.56
11.000863946	8286.79
11.000870748	7853.09
11.000891156	6716.58
11.000911565	5891.34
11.000931973	5058.12
11.000952381	4307.16
11.000972789	3679.78
11.0010068	3322.87
11.0010136	3256.11
11.00104082	3188.94
11.00105442	3143.78
11.00107483	3124.87
11.00111565	3106.07
11.00122449	3124.87
11.0012585	3208.24
11.00129252	3245.41
11.00133333	3311.95
11.00136735	3574.34
11.00140136	3900.07
11.00144218	4269.52
11.00147619	4580.06
11.0015102	5116.72
11.00155102	5519.07
11.00158503	5989.08
11.00161905	6240.61
11.00165986	6790.67
11.00169388	7478.93
11.00172789	7974.64
11.00176871	8452.05
11.00180272	9012.26
11.00183673	9468.33
11.00187075	10365.2
11.00191157	10925.7
11.00194558	11384.5
11.00197959	11888.7
11.00202041	12497.2
11.00205442	13172.9
11.00208843	13718.6
11.00212925	14460.4
11.00216327	15418.8
11.00219728	16585.7
11.00223809	17178.3
11.00227211	18206.7
11.00230612	19191.1
11.00238095	20575.7
11.0024898	22108.6
11.00256463	23163.8
11.00263265	23991.4
11.0027415	25053.9
11.00285034	25877.9
11.00295918	26568.3
11.00306803	27277.1
11.00321088	27836.4
11.00331973	28251.7
11.00342857	28579.0
11.00353742	28910.1
11.00361224	29085.1
11.00372109	29341.5
11.00386395	29502.8
11.00404762	29762.9
11.00419048	30025.3
11.00437415	30207.0
11.00455102	30289.9
11.00484354	30389.8
11.005	30389.8
12.0	28736.2
12.000040816	28641.8
12.000122449	28438.3
12.000251701	28066.4
12.000292517	27684.1
12.000333333	27412.1
12.00037415	27127.9
12.000414966	26408.5
12.000462585	25877.9
12.000503401	25455.6
12.00052381	24944.2
12.000544218	21867.4
12.000585034	21357.6
12.00062585	20162.3
12.000639456	18846.8
12.000646259	17434.6
12.000659864	17103.1
12.000680272	16306.1
12.00070068	15597.4
12.000734694	13992.2
12.000755102	13443.0
12.00077551	12816.5
12.000789116	11843.1
12.000809524	11359.6
12.000829932	11155.8
12.000843537	9860.56
12.000863946	8286.79
12.000870748	7853.09
12.000891156	6716.58
12.000911565	5891.34
12.000931973	5058.12
12.000952381	4307.16
12.000972789	3679.78
12.0010068	3322.87
12.0010136	3256.11
12.00104082	3188.94
12.00105442	3143.78
12.00107483	3124.87
12.00111565	3106.07
12.00122449	3124.87
12.0012585	3208.24
12.00129252	3245.41
12.00133333	3311.95
12.00136735	3574.34
12.00140136	3900.07
12.00144218	4269.52
12.00147619	4580.06
12.0015102	5116.72
12.00155102	5519.07
12.00158503	5989.08
12.00161905	6240.61
12.00165986	6790.67
12.00169388	7478.93
12.00172789	7974.64
12.00176871	8452.05
12.00180272	9012.26
12.00183673	9468.33
12.00187075	10365.2
12.00191157	10925.7
12.00194558	11384.5
12.00197959	11888.7
12.00202041	12497.2
12.00205442	13172.9
12.00208843	13718.6
12.00212925	14460.4
12.00216327	15418.8
12.00219728	16585.7
12.00223809	17178.3
12.00227211	18206.7
12.00230612	19191.1
12.00238095	20575.7
12.0024898	22108.6
12.00256463	23163.8
12.00263265	23991.4
12.0027415	25053.9
12.00285034	25877.9
12.00295918	26568.3
12.00306803	27277.1
12.00321088	27836.4
12.00331973	28251.7
12.00342857	28579.0
12.00353742	28910.1
12.00361224	29085.1
12.00372109	29341.5
12.00386395	29502.8
12.00404762	29762.9
12.00419048	30025.3
12.00437415	30207.0
12.00455102	30289.9
12.00484354	30389.8
12.005	30389.8
13.0	28736.2
13.000040816	28641.8
13.000122449	28438.3
13.000251701	28066.4
13.000292517	27684.1
13.000333333	27412.1
13.00037415	27127.9
13.000414966	26408.5
13.000462585	25877.9
13.000503401	25455.6
13.00052381	24944.2
13.000544218	21867.4
13.000585034	21357.6
13.00062585	20162.3
13.000639456	18846.8
13.000646259	17434.6
13.000659864	17103.1
13.000680272	16306.1
13.00070068	15597.4
13.000734694	13992.2
13.000755102	13443.0
13.00077551	12816.5
13.000789116	11843.1
13.000809524	11359.6
13.000829932	11155.8
13.000843537	9860.56
13.000863946	8286.79
13.000870748	7853.09
13.000891156	6716.58
13.000911565	5891.34
13.000931973	5058.12
13.000952381	4307.16
13.000972789	3679.78
13.0010068	3322.87
13.0010136	3256.11
13.00104082	3188.94
13.00105442	3143.78
13.00107483	3124.87
13.00111565	3106.07
13.00122449	3124.87
13.0012585	3208.24
13.00129252	3245.41
13.00133333	3311.95
13.00136735	3574.34
13.00140136	3900.07
13.00144218	4269.52
13.00147619	4580.06
13.0015102	5116.72
13.00155102	5519.07
13.00158503	5989.08
13.00161905	6240.61
13.00165986	6790.67
13.00169388	7478.93
13.00172789	7974.64
13.00176871	8452.05
13.00180272	9012.26
13.00183673	9468.33
13.00187075	10365.2
13.00191157	10925.7
13.00194558	11384.5
13.00197959	11888.7
13.00202041	12497.2
13.00205442	13172.9
13.00208843	13718.6
13.00212925	14460.4
13.00216327	15418.8
13.00219728	16585.7
13.00223809	17178.3
13.00227211	18206.7
13.00230612	19191.1
13.00238095	20575.7
13.0024898	22108.6
13.00256463	23163.8
13.00263265	23991.4
13.0027415	25053.9
13.00285034	25877.9
13.00295918	26568.3
13.00306803	27277.1
13.00321088	27836.4
13.00331973	28251.7
13.00342857	28579.0
13.00353742	28910.1
13.00361224	29085.1
13.00372109	29341.5
13.00386395	29502.8
13.00404762	29762.9
13.00419048	30025.3
13.00437415	30207.0
13.00455102	30289.9
13.00484354	30389.8
13.005	30389.8
14.0	28736.2
14.000040816	28641.8
14.000122449	28438.3
14.000251701	28066.4
14.000292517	27684.1
14.000333333	27412.1
14.00037415	27127.9
14.000414966	26408.5
14.000462585	25877.9
14.000503401	25455.6
14.00052381	24944.2
14.000544218	21867.4
14.000585034	21357.6
14.00062585	20162.3
14.000639456	18846.8
14.000646259	17434.6
14.000659864	17103.1
14.000680272	16306.1
14.00070068	15597.4
14.000734694	13992.2
14.000755102	13443.0
14.00077551	12816.5
14.000789116	11843.1
14.000809524	11359.6
14.000829932	11155.8
14.000843537	9860.56
14.000863946	8286.79
14.000870748	7853.09
14.000891156	6716.58
14.000911565	5891.34
14.000931973	5058.12
14.000952381	4307.16
14.000972789	3679.78
14.0010068	3322.87
14.0010136	3256.11
14.00104082	3188.94
14.00105442	3143.78
14.00107483	3124.87
14.00111565	3106.07
14.00122449	3124.87
14.0012585	3208.24
14.00129252	3245.41
14.00133333	3311.95
14.00136735	3574.34
14.00140136	3900.07
14.00144218	4269.52
14.00147619	4580.06
14.0015102	5116.72
14.00155102	5519.07
14.00158503	5989.08
14.00161905	6240.61
14.00165986	6790.67
14.00169388	7478.93
14.00172789	7974.64
14.00176871	8452.05
14.00180272	9012.26
14.00183673	9468.33
14.00187075	10365.2
14.00191157	10925.7
14.00194558	11384.5
14.00197959	11888.7
14.00202041	12497.2
14.00205442	13172.9
14.00208843	13718.6
14.00212925	14460.4
14.00216327	15418.8
14.00219728	16585.7
14.00223809	17178.3
14.00227211	18206.7
14.00230612	19191.1
14.00238095	20575.7
14.0024898	22108.6
14.00256463	23163.8
14.00263265	23991.4
14.0027415	25053.9
14.00285034	25877.9
14.00295918	26568.3
14.00306803	27277.1
14.00321088	27836.4
14.00331973	28251.7
14.00342857	28579.0
14.00353742	28910.1
14.00361224	29085.1
14.00372109	29341.5
14.00386395	29502.8
14.00404762	29762.9
14.00419048	30025.3
14.00437415	30207.0
14.00455102	30289.9
14.00484354	30389.8
14.005	30389.8
15.0	28736.2
15.000040816	28641.8
15.000122449	28438.3
15.000251701	28066.4
15.000292517	27684.1
15.000333333	27412.1
15.00037415	27127.9
15.000414966	26408.5
15.000462585	25877.9
15.000503401	25455.6
15.00052381	24944.2
15.000544218	21867.4
15.000585034	21357.6
15.00062585	20162.3
15.000639456	18846.8
15.000646259	17434.6
15.000659864	17103.1
15.000680272	16306.1
15.00070068	15597.4
15.000734694	13992.2
15.000755102	13443.0
15.00077551	12816.5
15.000789116	11843.1
15.000809524	11359.6
15.000829932	11155.8
15.000843537	9860.56
15.000863946	8286.79
15.000870748	7853.09
15.000891156	6716.58
15.000911565	5891.34
15.000931973	5058.12
15.000952381	4307.16
15.000972789	3679.78
15.0010068	3322.87
15.0010136	3256.11
15.00104082	3188.94
15.00105442	3143.78
15.00107483	3124.87
15.00111565	3106.07
15.00122449	3124.87
15.0012585	3208.24
15.00129252	3245.41
15.00133333	3311.95
15.00136735	3574.34
15.00140136	3900.07
15.00144218	4269.52
15.00147619	4580.06
15.0015102	5116.72
15.00155102	5519.07
15.00158503	5989.08
15.00161905	6240.61
15.00165986	6790.67
15.00169388	7478.93
15.00172789	7974.64
15.00176871	8452.05
15.00180272	9012.26
15.00183673	9468.33
15.00187075	10365.2
15.00191157	10925.7
15.00194558	11384.5
15.00197959	11888.7
15.00202041	12497.2
15.00205442	13172.9
15.00208843	13718.6
15.00212925	14460.4
15.00216327	15418.8
15.00219728	16585.7
15.00223809	17178.3
15.00227211	18206.7
15.00230612	19191.1
15.00238095	20575.7
15.0024898	22108.6
15.00256463	23163.8
15.00263265	23991.4
15.0027415	25053.9
15.00285034	25877.9
15.00295918	26568.3
15.00306803	27277.1
15.00321088	27836.4
15.00331973	28251.7
15.00342857	28579.0
15.00353742	28910.1
15.00361224	29085.1
15.00372109	29341.5
15.00386395	29502.8
15.00404762	29762.9
15.00419048	30025.3
15.00437415	30207.0
15.00455102	30289.9
15.00484354	30389.8
15.005	30389.8
16.0	28736.2
16.000040816	28641.8
16.000122449	28438.3
16.000251701	28066.4
16.000292517	27684.1
16.000333333	27412.1
16.00037415	27127.9
16.000414966	26408.5
16.000462585	25877.9
16.000503401	25455.6
16.00052381	24944.2
16.000544218	21867.4
16.000585034	21357.6
16.00062585	20162.3
16.000639456	18846.8
16.000646259	17434.6
16.000659864	17103.1
16.000680272	16306.1
16.00070068	15597.4
16.000734694	13992.2
16.000755102	13443.0
16.00077551	12816.5
16.000789116	11843.1
16.000809524	11359.6
16.000829932	11155.8
16.000843537	9860.56
16.000863946	8286.79
16.000870748	7853.09
16.000891156	6716.58
16.000911565	5891.34
16.000931973	5058.12
16.000952381	4307.16
16.000972789	3679.78
16.0010068	3322.87
16.0010136	3256.11
16.00104082	3188.94
16.00105442	3143.78
16.00107483	3124.87
16.00111565	3106.07
16.00122449	3124.87
16.0012585	3208.24
16.00129252	3245.41
16.00133333	3311.95
16.00136735	3574.34
16.00140136	3900.07
16.00144218	4269.52
16.00147619	4580.06
16.0015102	5116.72
16.00155102	5519.07
16.00158503	5989.08
16.00161905	6240.61
16.00165986	6790.67
16.00169388	7478.93
16.00172789	7974.64
16.00176871	8452.05
16.00180272	9012.26
16.00183673	9468.33
16.00187075	10365.2
16.00191157	10925.7
16.00194558	11384.5
16.00197959	11888.7
16.00202041	12497.2
16.00205442	13172.9
16.00208843	13718.6
16.00212925	14460.4
16.00216327	15418.8
16.00219728	16585.7
16.00223809	17178.3
16.00227211	18206.7
16.00230612	19191.1
16.00238095	20575.7
16.0024898	22108.6
16.00256463	23163.8
16.00263265	23991.4
16.0027415	25053.9
16.00285034	25877.9
16.00295918	26568.3
16.00306803	27277.1
16.00321088	27836.4
16.00331973	28251.7
16.00342857	28579.0
16.00353742	28910.1
16.00361224	29085.1
16.00372109	29341.5
16.00386395	29502.8
16.00404762	29762.9
16.00419048	30025.3
16.00437415	30207.0
16.00455102	30289.9
16.00484354	30389.8
16.005	30389.8
17.0	28736.2
17.000040816	28641.8
17.000122449	28438.3
17.000251701	28066.4
17.000292517	27684.1
17.000333333	27412.1
17.00037415	27127.9
17.000414966	26408.5
17.000462585	25877.9
17.000503401	25455.6
17.00052381	24944.2
17.000544218	21867.4
17.000585034	21357.6
17.00062585	20162.3
17.000639456	18846.8
17.000646259	17434.6
17.000659864	17103.1
17.000680272	16306.1
17.00070068	15597.4
17.000734694	13992.2
17.000755102	13443.0
17.00077551	12816.5
17.000789116	11843.1
17.000809524	11359.6
17.000829932	11155.8
17.000843537	9860.56
17.000863946	8286.79
17.000870748	7853.09
17.000891156	6716.58
17.000911565	5891.34
17.000931973	5058.12
17.000952381	4307.16
17.000972789	3679.78
17.0010068	3322.87
17.0010136	3256.11
17.00104082	3188.94
17.00105442	3143.78
17.00107483	3124.87
17.00111565	3106.07
17.00122449	3124.87
17.0012585	3208.24
17.00129252	3245.41
17.00133333	3311.95
17.00136735	3574.34
17.00140136	3900.07
17.00144218	4269.52
17.00147619	4580.06
17.0015102	5116.72
17.00155102	5519.07
17.00158503	5989.08
17.00161905	6240.61
17.00165986	6790.67
17.00169388	7478.93
17.00172789	7974.64
17.00176871	8452.05
17.00180272	9012.26
17.00183673	9468.33
17.00187075	10365.2
17.00191157	10925.7
17.00194558	11384.5
17.00197959	11888.7
17.00202041	12497.2
17.00205442	13172.9
17.00208843	13718.6
17.00212925	14460.4
17.00216327	15418.8
17.00219728	16585.7
17.00223809	17178.3
17.00227211	18206.7
17.00230612	19191.1
17.00238095	20575.7
17.0024898	22108.6
17.00256463	23163.8
17.00263265	23991.4
17.0027415	25053.9
17.00285034	25877.9
17.00295918	26568.3
17.00306803	27277.1
17.00321088	27836.4
17.00331973	28251.7
17.00342857	28579.0
17.00353742	28910.1
17.00361224	29085.1
17.00372109	29341.5
17.00386395	29502.8
17.00404762	29762.9
17.00419048	30025.3
17.00437415	30207.0
17.00455102	30289.9
17.00484354	30389.8
17.005	30389.8
18.0	28736.2
18.000040816	28641.8
18.000122449	28438.3
18.000251701	28066.4
18.000292517	27684.1
18.000333333	27412.1
18.00037415	27127.9
18.000414966	26408.5
18.000462585	25877.9
18.000503401	25455.6
18.00052381	24944.2
18.000544218	21867.4
18.000585034	21357.6
18.00062585	20162.3
18.000639456	18846.8
18.000646259	17434.6
18.000659864	17103.1
18.000680272	16306.1
18.00070068	15597.4
18.000734694	13992.2
18.000755102	13443.0
18.00077551	12816.5
18.000789116	11843.1
18.000809524	11359.6
18.000829932	11155.8
18.000843537	9860.56
18.000863946	8286.79
18.000870748	7853.09
18.000891156	6716.58
18.000911565	5891.34
18.000931973	5058.12
18.000952381	4307.16
18.000972789	3679.78
18.0010068	3322.87
18.0010136	3256.11
18.00104082	3188.94
18.00105442	3143.78
18.00107483	3124.87
18.00111565	3106.07
18.00122449	3124.87
18.0012585	3208.24
18.00129252	3245.41
18.00133333	3311.95
18.00136735	3574.34
18.00140136	3900.07
18.00144218	4269.52
18.00147619	4580.06
18.0015102	5116.72
18.00155102	5519.07
18.00158503	5989.08
18.00161905	6240.61
18.00165986	6790.67
18.00169388	7478.93
18.00172789	7974.64
18.00176871	8452.05
18.00180272	9012.26
18.00183673	9468.33
18.00187075	10365.2
18.00191157	10925.7
18.00194558	11384.5
18.00197959	11888.7
18.00202041	12497.2
18.00205442	13172.9
18.00208843	13718.6
18.00212925	14460.4
18.00216327	15418.8
18.00219728	16585.7
18.00223809	17178.3
18.00227211	18206.7
18.00230612	19191.1
18.00238095	20575.7
18.0024898	22108.6
18.00256463	23163.8
18.00263265	23991.4
18.0027415	25053.9
18.00285034	25877.9
18.00295918	26568.3
18.00306803	27277.1
18.00321088	27836.4
18.00331973	28251.7
18.00342857	28579.0
18.00353742	28910.1
18.00361224	29085.1
18.00372109	29341.5
18.00386395	29502.8
18.00404762	29762.9
18.00419048	30025.3
18.00437415	30207.0
18.00455102	30289.9
18.00484354	30389.8
18.005	30389.8
19.0	28736.2
19.000040816	28641.8
19.000122449	28438.3
19.000251701	28066.4
19.000292517	27684.1
19.000333333	27412.1
19.00037415	27127.9
19.000414966	26408.5
19.000462585	25877.9
19.000503401	25455.6
19.00052381	24944.2
19.000544218	21867.4
19.000585034	21357.6
19.00062585	20162.3
19.000639456	18846.8
19.000646259	17434.6
19.000659864	17103.1
19.000680272	16306.1
19.00070068	15597.4
19.000734694	13992.2
19.000755102	13443.0
19.00077551	12816.5
19.000789116	11843.1
19.000809524	11359.6
19.000829932	11155.8
19.000843537	9860.56
19.000863946	8286.79
19.000870748	7853.09
19.000891156	6716.58
19.000911565	5891.34
19.000931973	5058.12
19.000952381	4307.16
19.000972789	3679.78
19.0010068	3322.87
19.0010136	3256.11
19.00104082	3188.94
19.00105442	3143.78
19.00107483	3124.87
19.00111565	3106.07
19.00122449	3124.87
19.0012585	3208.24
19.00129252	3245.41
19.00133333	3311.95
19.00136735	3574.34
19.00140136	3900.07
19.00144218	4269.52
19.00147619	4580.06
19.0015102	5116.72
19.00155102	5519.07
19.00158503	5989.08
19.00161905	6240.61
19.00165986	6790.67
19.00169388	7478.93
19.00172789	7974.64
19.00176871	8452.05
19.00180272	9012.26
19.00183673	9468.33
19.00187075	10365.2
19.00191157	10925.7
19.00194558	11384.5
19.00197959	11888.7
19.00202041	12497.2
19.00205442	13172.9
19.00208843	13718.6
19.00212925	14460.4
19.00216327	15418.8
19.00219728	16585.7
19.00223809	17178.3
19.00227211	18206.7
19.00230612	19191.1
19.00238095	20575.7
19.0024898	22108.6
19.00256463	23163.8
19.00263265	23991.4
19.0027415	25053.9
19.00285034	25877.9
19.00295918	26568.3
19.00306803	27277.1
19.00321088	27836.4
19.00331973	28251.7
19.00342857	28579.0
19.00353742	28910.1
19.00361224	29085.1
19.00372109	29341.5
19.00386395	29502.8
19.00404762	29762.9
19.00419048	30025.3
19.00437415	30207.0
19.00455102	30289.9
19.00484354	30389.8
19.005	30389.8
