0.0	1247.06
4.0816e-05	1251.17
0.000122449	1260.13
0.000251701	1276.83
0.000292517	1294.46
0.000333333	1307.3
0.00037415	1321.0
0.000414966	1356.98
0.000462585	1384.8
0.000503401	1407.78
0.00052381	1436.64
0.000544218	1638.78
0.000585034	1677.9
0.00062585	1777.37
0.000639456	1901.43
0.000646259	2055.45
0.000659864	2095.29
0.000680272	2197.7
0.00070068	2297.55
0.000734694	2561.13
0.000755102	2665.77
0.00077551	2796.07
0.000789116	3025.88
0.000809524	3154.68
0.000829932	3212.31
0.000843537	3634.26
0.000863946	4324.46
0.000870748	4563.28
0.000891156	5335.43
0.000911565	6082.81
0.000931973	7084.83
0.000952381	8320.08
0.000972789	9738.6
0.0010068	10784.6
0.0010136	11005.7
0.00104082	11237.6
0.00105442	11399.0
0.00107483	11467.9
0.00111565	11537.4
0.00122449	11467.9
0.0012585	11170.0
0.00129252	11042.0
0.00133333	10820.2
0.00136735	10025.9
0.00140136	9188.51
0.00144218	8393.42
0.00147619	7824.33
0.0015102	7003.69
0.00155102	6493.1
0.00158503	5983.53
0.00161905	5742.37
0.00165986	5277.22
0.00169388	4791.58
0.00172789	4493.73
0.00176871	4239.9
0.00180272	3976.35
0.00183673	3784.81
0.00187075	3457.31
0.00191157	3279.97
0.00194558	3147.77
0.00197959	3014.28
0.00202041	2867.51
0.00205442	2720.42
0.00208843	2612.21
0.00212925	2478.22
0.00216327	2324.17
0.00219728	2160.65
0.00223809	2086.12
0.00227211	1968.28
0.00230612	1867.32
0.00238095	1741.66
0.0024898	1620.9
0.00256463	1547.07
0.00263265	1493.7
0.0027415	1430.35
0.00285034	1384.8
0.00295918	1348.82
0.00306803	1313.77
0.00321088	1287.38
0.00331973	1268.45
0.00342857	1253.92
0.00353742	1239.56
0.00361224	1232.11
0.00372109	1221.34
0.00386395	1214.66
0.00404762	1204.04
0.00419048	1193.52
0.00437415	1186.34
0.00455102	1183.09
0.00484354	1179.21
0.005	1179.21
0.02	1247.06
0.020040816	1251.17
0.020122449	1260.13
0.020251701	1276.83
0.020292517	1294.46
0.020333333	1307.3
0.02037415	1321.0
0.020414966	1356.98
0.020462585	1384.8
0.020503401	1407.78
0.02052381	1436.64
0.020544218	1638.78
0.020585034	1677.9
0.02062585	1777.37
0.020639456	1901.43
0.020646259	2055.45
0.020659864	2095.29
0.020680272	2197.7
0.02070068	2297.55
0.020734694	2561.13
0.020755102	2665.77
0.02077551	2796.07
0.020789116	3025.88
0.020809524	3154.68
0.020829932	3212.31
0.020843537	3634.26
0.020863946	4324.46
0.020870748	4563.28
0.020891156	5335.43
0.020911565	6082.81
0.020931973	7084.83
0.020952381	8320.08
0.020972789	9738.6
0.0210068	10784.6
0.0210136	11005.7
0.02104082	11237.6
0.02105442	11399.0
0.02107483	11467.9
0.02111565	11537.4
0.02122449	11467.9
0.0212585	11170.0
0.02129252	11042.0
0.02133333	10820.2
0.02136735	10025.9
0.02140136	9188.51
0.02144218	8393.42
0.02147619	7824.33
0.0215102	7003.69
0.02155102	6493.1
0.02158503	5983.53
0.02161905	5742.37
0.02165986	5277.22
0.02169388	4791.58
0.02172789	4493.73
0.02176871	4239.9
0.02180272	3976.35
0.02183673	3784.81
0.02187075	3457.31
0.02191157	3279.97
0.02194558	3147.77
0.02197959	3014.28
0.02202041	2867.51
0.02205442	2720.42
0.02208843	2612.21
0.02212925	2478.22
0.02216327	2324.17
0.02219728	2160.65
0.02223809	2086.12
0.02227211	1968.28
0.02230612	1867.32
0.02238095	1741.66
0.0224898	1620.9
0.02256463	1547.07
0.02263265	1493.7
0.0227415	1430.35
0.02285034	1384.8
0.02295918	1348.82
0.02306803	1313.77
0.02321088	1287.38
0.02331973	1268.45
0.02342857	1253.92
0.02353742	1239.56
0.02361224	1232.11
0.02372109	1221.34
0.02386395	1214.66
0.02404762	1204.04
0.02419048	1193.52
0.02437415	1186.34
0.02455102	1183.09
0.02484354	1179.21
0.025	1179.21
0.04	1247.06
0.040040816	1251.17
0.040122449	1260.13
0.040251701	1276.83
0.040292517	1294.46
0.040333333	1307.3
0.04037415	1321.0
0.040414966	1356.98
0.040462585	1384.8
0.040503401	1407.78
0.04052381	1436.64
0.040544218	1638.78
0.040585034	1677.9
0.04062585	1777.37
0.040639456	1901.43
0.040646259	2055.45
0.040659864	2095.29
0.040680272	2197.7
0.04070068	2297.55
0.040734694	2561.13
0.040755102	2665.77
0.04077551	2796.07
0.040789116	3025.88
0.040809524	3154.68
0.040829932	3212.31
0.040843537	3634.26
0.040863946	4324.46
0.040870748	4563.28
0.040891156	5335.43
0.040911565	6082.81
0.040931973	7084.83
0.040952381	8320.08
0.040972789	9738.6
0.0410068	10784.6
0.0410136	11005.7
0.04104082	11237.6
0.04105442	11399.0
0.04107483	11467.9
0.04111565	11537.4
0.04122449	11467.9
0.0412585	11170.0
0.04129252	11042.0
0.04133333	10820.2
0.04136735	10025.9
0.04140136	9188.51
0.04144218	8393.42
0.04147619	7824.33
0.0415102	7003.69
0.04155102	6493.1
0.04158503	5983.53
0.04161905	5742.37
0.04165986	5277.22
0.04169388	4791.58
0.04172789	4493.73
0.04176871	4239.9
0.04180272	3976.35
0.04183673	3784.81
0.04187075	3457.31
0.04191157	3279.97
0.04194558	3147.77
0.04197959	3014.28
0.04202041	2867.51
0.04205442	2720.42
0.04208843	2612.21
0.04212925	2478.22
0.04216327	2324.17
0.04219728	2160.65
0.04223809	2086.12
0.04227211	1968.28
0.04230612	1867.32
0.04238095	1741.66
0.0424898	1620.9
0.04256463	1547.07
0.04263265	1493.7
0.0427415	1430.35
0.04285034	1384.8
0.04295918	1348.82
0.04306803	1313.77
0.04321088	1287.38
0.04331973	1268.45
0.04342857	1253.92
0.04353742	1239.56
0.04361224	1232.11
0.04372109	1221.34
0.04386395	1214.66
0.04404762	1204.04
0.04419048	1193.52
0.04437415	1186.34
0.04455102	1183.09
0.04484354	1179.21
0.045	1179.21
0.06	1247.06
0.060040816	1251.17
0.060122449	1260.13
0.060251701	1276.83
0.060292517	1294.46
0.060333333	1307.3
0.06037415	1321.0
0.060414966	1356.98
0.060462585	1384.8
0.060503401	1407.78
0.06052381	1436.64
0.060544218	1638.78
0.060585034	1677.9
0.06062585	1777.37
0.060639456	1901.43
0.060646259	2055.45
0.060659864	2095.29
0.060680272	2197.7
0.06070068	2297.55
0.060734694	2561.13
0.060755102	2665.77
0.06077551	2796.07
0.060789116	3025.88
0.060809524	3154.68
0.060829932	3212.31
0.060843537	3634.26
0.060863946	4324.46
0.060870748	4563.28
0.060891156	5335.43
0.060911565	6082.81
0.060931973	7084.83
0.060952381	8320.08
0.060972789	9738.6
0.0610068	10784.6
0.0610136	11005.7
0.06104082	11237.6
0.06105442	11399.0
0.06107483	11467.9
0.06111565	11537.4
0.06122449	11467.9
0.0612585	11170.0
0.06129252	11042.0
0.06133333	10820.2
0.06136735	10025.9
0.06140136	9188.51
0.06144218	8393.42
0.06147619	7824.33
0.0615102	7003.69
0.06155102	6493.1
0.06158503	5983.53
0.06161905	5742.37
0.06165986	5277.22
0.06169388	4791.58
0.06172789	4493.73
0.06176871	4239.9
0.06180272	3976.35
0.06183673	3784.81
0.06187075	3457.31
0.06191157	3279.97
0.06194558	3147.77
0.06197959	3014.28
0.06202041	2867.51
0.06205442	2720.42
0.06208843	2612.21
0.06212925	2478.22
0.06216327	2324.17
0.06219728	2160.65
0.06223809	2086.12
0.06227211	1968.28
0.06230612	1867.32
0.06238095	1741.66
0.0624898	1620.9
0.06256463	1547.07
0.06263265	1493.7
0.0627415	1430.35
0.06285034	1384.8
0.06295918	1348.82
0.06306803	1313.77
0.06321088	1287.38
0.06331973	1268.45
0.06342857	1253.92
0.06353742	1239.56
0.06361224	1232.11
0.06372109	1221.34
0.06386395	1214.66
0.06404762	1204.04
0.06419048	1193.52
0.06437415	1186.34
0.06455102	1183.09
0.06484354	1179.21
0.065	1179.21
0.08	1247.06
0.080040816	1251.17
0.080122449	1260.13
0.080251701	1276.83
0.080292517	1294.46
0.080333333	1307.3
0.08037415	1321.0
0.080414966	1356.98
0.080462585	1384.8
0.080503401	1407.78
0.08052381	1436.64
0.080544218	1638.78
0.080585034	1677.9
0.08062585	1777.37
0.080639456	1901.43
0.080646259	2055.45
0.080659864	2095.29
0.080680272	2197.7
0.08070068	2297.55
0.080734694	2561.13
0.080755102	2665.77
0.08077551	2796.07
0.080789116	3025.88
0.080809524	3154.68
0.080829932	3212.31
0.080843537	3634.26
0.080863946	4324.46
0.080870748	4563.28
0.080891156	5335.43
0.080911565	6082.81
0.080931973	7084.83
0.080952381	8320.08
0.080972789	9738.6
0.0810068	10784.6
0.0810136	11005.7
0.08104082	11237.6
0.08105442	11399.0
0.08107483	11467.9
0.08111565	11537.4
0.08122449	11467.9
0.0812585	11170.0
0.08129252	11042.0
0.08133333	10820.2
0.08136735	10025.9
0.08140136	9188.51
0.08144218	8393.42
0.08147619	7824.33
0.0815102	7003.69
0.08155102	6493.1
0.08158503	5983.53
0.08161905	5742.37
0.08165986	5277.22
0.08169388	4791.58
0.08172789	4493.73
0.08176871	4239.9
0.08180272	3976.35
0.08183673	3784.81
0.08187075	3457.31
0.08191157	3279.97
0.08194558	3147.77
0.08197959	3014.28
0.08202041	2867.51
0.08205442	2720.42
0.08208843	2612.21
0.08212925	2478.22
0.08216327	2324.17
0.08219728	2160.65
0.08223809	2086.12
0.08227211	1968.28
0.08230612	1867.32
0.08238095	1741.66
0.0824898	1620.9
0.08256463	1547.07
0.08263265	1493.7
0.0827415	1430.35
0.08285034	1384.8
0.08295918	1348.82
0.08306803	1313.77
0.08321088	1287.38
0.08331973	1268.45
0.08342857	1253.92
0.08353742	1239.56
0.08361224	1232.11
0.08372109	1221.34
0.08386395	1214.66
0.08404762	1204.04
0.08419048	1193.52
0.08437415	1186.34
0.08455102	1183.09
0.08484354	1179.21
0.085	1179.21
0.1	1247.06
0.100040816	1251.17
0.100122449	1260.13
0.100251701	1276.83
0.100292517	1294.46
0.100333333	1307.3
0.10037415	1321.0
0.100414966	1356.98
0.100462585	1384.8
0.100503401	1407.78
0.10052381	1436.64
0.100544218	1638.78
0.100585034	1677.9
0.10062585	1777.37
0.100639456	1901.43
0.100646259	2055.45
0.100659864	2095.29
0.100680272	2197.7
0.10070068	2297.55
0.100734694	2561.13
0.100755102	2665.77
0.10077551	2796.07
0.100789116	3025.88
0.100809524	3154.68
0.100829932	3212.31
0.100843537	3634.26
0.100863946	4324.46
0.100870748	4563.28
0.100891156	5335.43
0.100911565	6082.81
0.100931973	7084.83
0.100952381	8320.08
0.100972789	9738.6
0.1010068	10784.6
0.1010136	11005.7
0.10104082	11237.6
0.10105442	11399.0
0.10107483	11467.9
0.10111565	11537.4
0.10122449	11467.9
0.1012585	11170.0
0.10129252	11042.0
0.10133333	10820.2
0.10136735	10025.9
0.10140136	9188.51
0.10144218	8393.42
0.10147619	7824.33
0.1015102	7003.69
0.10155102	6493.1
0.10158503	5983.53
0.10161905	5742.37
0.10165986	5277.22
0.10169388	4791.58
0.10172789	4493.73
0.10176871	4239.9
0.10180272	3976.35
0.10183673	3784.81
0.10187075	3457.31
0.10191157	3279.97
0.10194558	3147.77
0.10197959	3014.28
0.10202041	2867.51
0.10205442	2720.42
0.10208843	2612.21
0.10212925	2478.22
0.10216327	2324.17
0.10219728	2160.65
0.10223809	2086.12
0.10227211	1968.28
0.10230612	1867.32
0.10238095	1741.66
0.1024898	1620.9
0.10256463	1547.07
0.10263265	1493.7
0.1027415	1430.35
0.10285034	1384.8
0.10295918	1348.82
0.10306803	1313.77
0.10321088	1287.38
0.10331973	1268.45
0.10342857	1253.92
0.10353742	1239.56
0.10361224	1232.11
0.10372109	1221.34
0.10386395	1214.66
0.10404762	1204.04
0.10419048	1193.52
0.10437415	1186.34
0.10455102	1183.09
0.10484354	1179.21
0.105	1179.21
0.12	1247.06
0.120040816	1251.17
0.120122449	1260.13
0.120251701	1276.83
0.120292517	1294.46
0.120333333	1307.3
0.12037415	1321.0
0.120414966	1356.98
0.120462585	1384.8
0.120503401	1407.78
0.12052381	1436.64
0.120544218	1638.78
0.120585034	1677.9
0.12062585	1777.37
0.120639456	1901.43
0.120646259	2055.45
0.120659864	2095.29
0.120680272	2197.7
0.12070068	2297.55
0.120734694	2561.13
0.120755102	2665.77
0.12077551	2796.07
0.120789116	3025.88
0.120809524	3154.68
0.120829932	3212.31
0.120843537	3634.26
0.120863946	4324.46
0.120870748	4563.28
0.120891156	5335.43
0.120911565	6082.81
0.120931973	7084.83
0.120952381	8320.08
0.120972789	9738.6
0.1210068	10784.6
0.1210136	11005.7
0.12104082	11237.6
0.12105442	11399.0
0.12107483	11467.9
0.12111565	11537.4
0.12122449	11467.9
0.1212585	11170.0
0.12129252	11042.0
0.12133333	10820.2
0.12136735	10025.9
0.12140136	9188.51
0.12144218	8393.42
0.12147619	7824.33
0.1215102	7003.69
0.12155102	6493.1
0.12158503	5983.53
0.12161905	5742.37
0.12165986	5277.22
0.12169388	4791.58
0.12172789	4493.73
0.12176871	4239.9
0.12180272	3976.35
0.12183673	3784.81
0.12187075	3457.31
0.12191157	3279.97
0.12194558	3147.77
0.12197959	3014.28
0.12202041	2867.51
0.12205442	2720.42
0.12208843	2612.21
0.12212925	2478.22
0.12216327	2324.17
0.12219728	2160.65
0.12223809	2086.12
0.12227211	1968.28
0.12230612	1867.32
0.12238095	1741.66
0.1224898	1620.9
0.12256463	1547.07
0.12263265	1493.7
0.1227415	1430.35
0.12285034	1384.8
0.12295918	1348.82
0.12306803	1313.77
0.12321088	1287.38
0.12331973	1268.45
0.12342857	1253.92
0.12353742	1239.56
0.12361224	1232.11
0.12372109	1221.34
0.12386395	1214.66
0.12404762	1204.04
0.12419048	1193.52
0.12437415	1186.34
0.12455102	1183.09
0.12484354	1179.21
0.125	1179.21
0.14	1247.06
0.140040816	1251.17
0.140122449	1260.13
0.140251701	1276.83
0.140292517	1294.46
0.140333333	1307.3
0.14037415	1321.0
0.140414966	1356.98
0.140462585	1384.8
0.140503401	1407.78
0.14052381	1436.64
0.140544218	1638.78
0.140585034	1677.9
0.14062585	1777.37
0.140639456	1901.43
0.140646259	2055.45
0.140659864	2095.29
0.140680272	2197.7
0.14070068	2297.55
0.140734694	2561.13
0.140755102	2665.77
0.14077551	2796.07
0.140789116	3025.88
0.140809524	3154.68
0.140829932	3212.31
0.140843537	3634.26
0.140863946	4324.46
0.140870748	4563.28
0.140891156	5335.43
0.140911565	6082.81
0.140931973	7084.83
0.140952381	8320.08
0.140972789	9738.6
0.1410068	10784.6
0.1410136	11005.7
0.14104082	11237.6
0.14105442	11399.0
0.14107483	11467.9
0.14111565	11537.4
0.14122449	11467.9
0.1412585	11170.0
0.14129252	11042.0
0.14133333	10820.2
0.14136735	10025.9
0.14140136	9188.51
0.14144218	8393.42
0.14147619	7824.33
0.1415102	7003.69
0.14155102	6493.1
0.14158503	5983.53
0.14161905	5742.37
0.14165986	5277.22
0.14169388	4791.58
0.14172789	4493.73
0.14176871	4239.9
0.14180272	3976.35
0.14183673	3784.81
0.14187075	3457.31
0.14191157	3279.97
0.14194558	3147.77
0.14197959	3014.28
0.14202041	2867.51
0.14205442	2720.42
0.14208843	2612.21
0.14212925	2478.22
0.14216327	2324.17
0.14219728	2160.65
0.14223809	2086.12
0.14227211	1968.28
0.14230612	1867.32
0.14238095	1741.66
0.1424898	1620.9
0.14256463	1547.07
0.14263265	1493.7
0.1427415	1430.35
0.14285034	1384.8
0.14295918	1348.82
0.14306803	1313.77
0.14321088	1287.38
0.14331973	1268.45
0.14342857	1253.92
0.14353742	1239.56
0.14361224	1232.11
0.14372109	1221.34
0.14386395	1214.66
0.14404762	1204.04
0.14419048	1193.52
0.14437415	1186.34
0.14455102	1183.09
0.14484354	1179.21
0.145	1179.21
0.16	1247.06
0.160040816	1251.17
0.160122449	1260.13
0.160251701	1276.83
0.160292517	1294.46
0.160333333	1307.3
0.16037415	1321.0
0.160414966	1356.98
0.160462585	1384.8
0.160503401	1407.78
0.16052381	1436.64
0.160544218	1638.78
0.160585034	1677.9
0.16062585	1777.37
0.160639456	1901.43
0.160646259	2055.45
0.160659864	2095.29
0.160680272	2197.7
0.16070068	2297.55
0.160734694	2561.13
0.160755102	2665.77
0.16077551	2796.07
0.160789116	3025.88
0.160809524	3154.68
0.160829932	3212.31
0.160843537	3634.26
0.160863946	4324.46
0.160870748	4563.28
0.160891156	5335.43
0.160911565	6082.81
0.160931973	7084.83
0.160952381	8320.08
0.160972789	9738.6
0.1610068	10784.6
0.1610136	11005.7
0.16104082	11237.6
0.16105442	11399.0
0.16107483	11467.9
0.16111565	11537.4
0.16122449	11467.9
0.1612585	11170.0
0.16129252	11042.0
0.16133333	10820.2
0.16136735	10025.9
0.16140136	9188.51
0.16144218	8393.42
0.16147619	7824.33
0.1615102	7003.69
0.16155102	6493.1
0.16158503	5983.53
0.16161905	5742.37
0.16165986	5277.22
0.16169388	4791.58
0.16172789	4493.73
0.16176871	4239.9
0.16180272	3976.35
0.16183673	3784.81
0.16187075	3457.31
0.16191157	3279.97
0.16194558	3147.77
0.16197959	3014.28
0.16202041	2867.51
0.16205442	2720.42
0.16208843	2612.21
0.16212925	2478.22
0.16216327	2324.17
0.16219728	2160.65
0.16223809	2086.12
0.16227211	1968.28
0.16230612	1867.32
0.16238095	1741.66
0.1624898	1620.9
0.16256463	1547.07
0.16263265	1493.7
0.1627415	1430.35
0.16285034	1384.8
0.16295918	1348.82
0.16306803	1313.77
0.16321088	1287.38
0.16331973	1268.45
0.16342857	1253.92
0.16353742	1239.56
0.16361224	1232.11
0.16372109	1221.34
0.16386395	1214.66
0.16404762	1204.04
0.16419048	1193.52
0.16437415	1186.34
0.16455102	1183.09
0.16484354	1179.21
0.165	1179.21
0.18	1247.06
0.180040816	1251.17
0.180122449	1260.13
0.180251701	1276.83
0.180292517	1294.46
0.180333333	1307.3
0.18037415	1321.0
0.180414966	1356.98
0.180462585	1384.8
0.180503401	1407.78
0.18052381	1436.64
0.180544218	1638.78
0.180585034	1677.9
0.18062585	1777.37
0.180639456	1901.43
0.180646259	2055.45
0.180659864	2095.29
0.180680272	2197.7
0.18070068	2297.55
0.180734694	2561.13
0.180755102	2665.77
0.18077551	2796.07
0.180789116	3025.88
0.180809524	3154.68
0.180829932	3212.31
0.180843537	3634.26
0.180863946	4324.46
0.180870748	4563.28
0.180891156	5335.43
0.180911565	6082.81
0.180931973	7084.83
0.180952381	8320.08
0.180972789	9738.6
0.1810068	10784.6
0.1810136	11005.7
0.18104082	11237.6
0.18105442	11399.0
0.18107483	11467.9
0.18111565	11537.4
0.18122449	11467.9
0.1812585	11170.0
0.18129252	11042.0
0.18133333	10820.2
0.18136735	10025.9
0.18140136	9188.51
0.18144218	8393.42
0.18147619	7824.33
0.1815102	7003.69
0.18155102	6493.1
0.18158503	5983.53
0.18161905	5742.37
0.18165986	5277.22
0.18169388	4791.58
0.18172789	4493.73
0.18176871	4239.9
0.18180272	3976.35
0.18183673	3784.81
0.18187075	3457.31
0.18191157	3279.97
0.18194558	3147.77
0.18197959	3014.28
0.18202041	2867.51
0.18205442	2720.42
0.18208843	2612.21
0.18212925	2478.22
0.18216327	2324.17
0.18219728	2160.65
0.18223809	2086.12
0.18227211	1968.28
0.18230612	1867.32
0.18238095	1741.66
0.1824898	1620.9
0.18256463	1547.07
0.18263265	1493.7
0.1827415	1430.35
0.18285034	1384.8
0.18295918	1348.82
0.18306803	1313.77
0.18321088	1287.38
0.18331973	1268.45
0.18342857	1253.92
0.18353742	1239.56
0.18361224	1232.11
0.18372109	1221.34
0.18386395	1214.66
0.18404762	1204.04
0.18419048	1193.52
0.18437415	1186.34
0.18455102	1183.09
0.18484354	1179.21
0.185	1179.21
0.2	1247.06
0.200040816	1251.17
0.200122449	1260.13
0.200251701	1276.83
0.200292517	1294.46
0.200333333	1307.3
0.20037415	1321.0
0.200414966	1356.98
0.200462585	1384.8
0.200503401	1407.78
0.20052381	1436.64
0.200544218	1638.78
0.200585034	1677.9
0.20062585	1777.37
0.200639456	1901.43
0.200646259	2055.45
0.200659864	2095.29
0.200680272	2197.7
0.20070068	2297.55
0.200734694	2561.13
0.200755102	2665.77
0.20077551	2796.07
0.200789116	3025.88
0.200809524	3154.68
0.200829932	3212.31
0.200843537	3634.26
0.200863946	4324.46
0.200870748	4563.28
0.200891156	5335.43
0.200911565	6082.81
0.200931973	7084.83
0.200952381	8320.08
0.200972789	9738.6
0.2010068	10784.6
0.2010136	11005.7
0.20104082	11237.6
0.20105442	11399.0
0.20107483	11467.9
0.20111565	11537.4
0.20122449	11467.9
0.2012585	11170.0
0.20129252	11042.0
0.20133333	10820.2
0.20136735	10025.9
0.20140136	9188.51
0.20144218	8393.42
0.20147619	7824.33
0.2015102	7003.69
0.20155102	6493.1
0.20158503	5983.53
0.20161905	5742.37
0.20165986	5277.22
0.20169388	4791.58
0.20172789	4493.73
0.20176871	4239.9
0.20180272	3976.35
0.20183673	3784.81
0.20187075	3457.31
0.20191157	3279.97
0.20194558	3147.77
0.20197959	3014.28
0.20202041	2867.51
0.20205442	2720.42
0.20208843	2612.21
0.20212925	2478.22
0.20216327	2324.17
0.20219728	2160.65
0.20223809	2086.12
0.20227211	1968.28
0.20230612	1867.32
0.20238095	1741.66
0.2024898	1620.9
0.20256463	1547.07
0.20263265	1493.7
0.2027415	1430.35
0.20285034	1384.8
0.20295918	1348.82
0.20306803	1313.77
0.20321088	1287.38
0.20331973	1268.45
0.20342857	1253.92
0.20353742	1239.56
0.20361224	1232.11
0.20372109	1221.34
0.20386395	1214.66
0.20404762	1204.04
0.20419048	1193.52
0.20437415	1186.34
0.20455102	1183.09
0.20484354	1179.21
0.205	1179.21
0.22	1247.06
0.220040816	1251.17
0.220122449	1260.13
0.220251701	1276.83
0.220292517	1294.46
0.220333333	1307.3
0.22037415	1321.0
0.220414966	1356.98
0.220462585	1384.8
0.220503401	1407.78
0.22052381	1436.64
0.220544218	1638.78
0.220585034	1677.9
0.22062585	1777.37
0.220639456	1901.43
0.220646259	2055.45
0.220659864	2095.29
0.220680272	2197.7
0.22070068	2297.55
0.220734694	2561.13
0.220755102	2665.77
0.22077551	2796.07
0.220789116	3025.88
0.220809524	3154.68
0.220829932	3212.31
0.220843537	3634.26
0.220863946	4324.46
0.220870748	4563.28
0.220891156	5335.43
0.220911565	6082.81
0.220931973	7084.83
0.220952381	8320.08
0.220972789	9738.6
0.2210068	10784.6
0.2210136	11005.7
0.22104082	11237.6
0.22105442	11399.0
0.22107483	11467.9
0.22111565	11537.4
0.22122449	11467.9
0.2212585	11170.0
0.22129252	11042.0
0.22133333	10820.2
0.22136735	10025.9
0.22140136	9188.51
0.22144218	8393.42
0.22147619	7824.33
0.2215102	7003.69
0.22155102	6493.1
0.22158503	5983.53
0.22161905	5742.37
0.22165986	5277.22
0.22169388	4791.58
0.22172789	4493.73
0.22176871	4239.9
0.22180272	3976.35
0.22183673	3784.81
0.22187075	3457.31
0.22191157	3279.97
0.22194558	3147.77
0.22197959	3014.28
0.22202041	2867.51
0.22205442	2720.42
0.22208843	2612.21
0.22212925	2478.22
0.22216327	2324.17
0.22219728	2160.65
0.22223809	2086.12
0.22227211	1968.28
0.22230612	1867.32
0.22238095	1741.66
0.2224898	1620.9
0.22256463	1547.07
0.22263265	1493.7
0.2227415	1430.35
0.22285034	1384.8
0.22295918	1348.82
0.22306803	1313.77
0.22321088	1287.38
0.22331973	1268.45
0.22342857	1253.92
0.22353742	1239.56
0.22361224	1232.11
0.22372109	1221.34
0.22386395	1214.66
0.22404762	1204.04
0.22419048	1193.52
0.22437415	1186.34
0.22455102	1183.09
0.22484354	1179.21
0.225	1179.21
0.24	1247.06
0.240040816	1251.17
0.240122449	1260.13
0.240251701	1276.83
0.240292517	1294.46
0.240333333	1307.3
0.24037415	1321.0
0.240414966	1356.98
0.240462585	1384.8
0.240503401	1407.78
0.24052381	1436.64
0.240544218	1638.78
0.240585034	1677.9
0.24062585	1777.37
0.240639456	1901.43
0.240646259	2055.45
0.240659864	2095.29
0.240680272	2197.7
0.24070068	2297.55
0.240734694	2561.13
0.240755102	2665.77
0.24077551	2796.07
0.240789116	3025.88
0.240809524	3154.68
0.240829932	3212.31
0.240843537	3634.26
0.240863946	4324.46
0.240870748	4563.28
0.240891156	5335.43
0.240911565	6082.81
0.240931973	7084.83
0.240952381	8320.08
0.240972789	9738.6
0.2410068	10784.6
0.2410136	11005.7
0.24104082	11237.6
0.24105442	11399.0
0.24107483	11467.9
0.24111565	11537.4
0.24122449	11467.9
0.2412585	11170.0
0.24129252	11042.0
0.24133333	10820.2
0.24136735	10025.9
0.24140136	9188.51
0.24144218	8393.42
0.24147619	7824.33
0.2415102	7003.69
0.24155102	6493.1
0.24158503	5983.53
0.24161905	5742.37
0.24165986	5277.22
0.24169388	4791.58
0.24172789	4493.73
0.24176871	4239.9
0.24180272	3976.35
0.24183673	3784.81
0.24187075	3457.31
0.24191157	3279.97
0.24194558	3147.77
0.24197959	3014.28
0.24202041	2867.51
0.24205442	2720.42
0.24208843	2612.21
0.24212925	2478.22
0.24216327	2324.17
0.24219728	2160.65
0.24223809	2086.12
0.24227211	1968.28
0.24230612	1867.32
0.24238095	1741.66
0.2424898	1620.9
0.24256463	1547.07
0.24263265	1493.7
0.2427415	1430.35
0.24285034	1384.8
0.24295918	1348.82
0.24306803	1313.77
0.24321088	1287.38
0.24331973	1268.45
0.24342857	1253.92
0.24353742	1239.56
0.24361224	1232.11
0.24372109	1221.34
0.24386395	1214.66
0.24404762	1204.04
0.24419048	1193.52
0.24437415	1186.34
0.24455102	1183.09
0.24484354	1179.21
0.245	1179.21
0.26	1247.06
0.260040816	1251.17
0.260122449	1260.13
0.260251701	1276.83
0.260292517	1294.46
0.260333333	1307.3
0.26037415	1321.0
0.260414966	1356.98
0.260462585	1384.8
0.260503401	1407.78
0.26052381	1436.64
0.260544218	1638.78
0.260585034	1677.9
0.26062585	1777.37
0.260639456	1901.43
0.260646259	2055.45
0.260659864	2095.29
0.260680272	2197.7
0.26070068	2297.55
0.260734694	2561.13
0.260755102	2665.77
0.26077551	2796.07
0.260789116	3025.88
0.260809524	3154.68
0.260829932	3212.31
0.260843537	3634.26
0.260863946	4324.46
0.260870748	4563.28
0.260891156	5335.43
0.260911565	6082.81
0.260931973	7084.83
0.260952381	8320.08
0.260972789	9738.6
0.2610068	10784.6
0.2610136	11005.7
0.26104082	11237.6
0.26105442	11399.0
0.26107483	11467.9
0.26111565	11537.4
0.26122449	11467.9
0.2612585	11170.0
0.26129252	11042.0
0.26133333	10820.2
0.26136735	10025.9
0.26140136	9188.51
0.26144218	8393.42
0.26147619	7824.33
0.2615102	7003.69
0.26155102	6493.1
0.26158503	5983.53
0.26161905	5742.37
0.26165986	5277.22
0.26169388	4791.58
0.26172789	4493.73
0.26176871	4239.9
0.26180272	3976.35
0.26183673	3784.81
0.26187075	3457.31
0.26191157	3279.97
0.26194558	3147.77
0.26197959	3014.28
0.26202041	2867.51
0.26205442	2720.42
0.26208843	2612.21
0.26212925	2478.22
0.26216327	2324.17
0.26219728	2160.65
0.26223809	2086.12
0.26227211	1968.28
0.26230612	1867.32
0.26238095	1741.66
0.2624898	1620.9
0.26256463	1547.07
0.26263265	1493.7
0.2627415	1430.35
0.26285034	1384.8
0.26295918	1348.82
0.26306803	1313.77
0.26321088	1287.38
0.26331973	1268.45
0.26342857	1253.92
0.26353742	1239.56
0.26361224	1232.11
0.26372109	1221.34
0.26386395	1214.66
0.26404762	1204.04
0.26419048	1193.52
0.26437415	1186.34
0.26455102	1183.09
0.26484354	1179.21
0.265	1179.21
0.28	1247.06
0.280040816	1251.17
0.280122449	1260.13
0.280251701	1276.83
0.280292517	1294.46
0.280333333	1307.3
0.28037415	1321.0
0.280414966	1356.98
0.280462585	1384.8
0.280503401	1407.78
0.28052381	1436.64
0.280544218	1638.78
0.280585034	1677.9
0.28062585	1777.37
0.280639456	1901.43
0.280646259	2055.45
0.280659864	2095.29
0.280680272	2197.7
0.28070068	2297.55
0.280734694	2561.13
0.280755102	2665.77
0.28077551	2796.07
0.280789116	3025.88
0.280809524	3154.68
0.280829932	3212.31
0.280843537	3634.26
0.280863946	4324.46
0.280870748	4563.28
0.280891156	5335.43
0.280911565	6082.81
0.280931973	7084.83
0.280952381	8320.08
0.280972789	9738.6
0.2810068	10784.6
0.2810136	11005.7
0.28104082	11237.6
0.28105442	11399.0
0.28107483	11467.9
0.28111565	11537.4
0.28122449	11467.9
0.2812585	11170.0
0.28129252	11042.0
0.28133333	10820.2
0.28136735	10025.9
0.28140136	9188.51
0.28144218	8393.42
0.28147619	7824.33
0.2815102	7003.69
0.28155102	6493.1
0.28158503	5983.53
0.28161905	5742.37
0.28165986	5277.22
0.28169388	4791.58
0.28172789	4493.73
0.28176871	4239.9
0.28180272	3976.35
0.28183673	3784.81
0.28187075	3457.31
0.28191157	3279.97
0.28194558	3147.77
0.28197959	3014.28
0.28202041	2867.51
0.28205442	2720.42
0.28208843	2612.21
0.28212925	2478.22
0.28216327	2324.17
0.28219728	2160.65
0.28223809	2086.12
0.28227211	1968.28
0.28230612	1867.32
0.28238095	1741.66
0.2824898	1620.9
0.28256463	1547.07
0.28263265	1493.7
0.2827415	1430.35
0.28285034	1384.8
0.28295918	1348.82
0.28306803	1313.77
0.28321088	1287.38
0.28331973	1268.45
0.28342857	1253.92
0.28353742	1239.56
0.28361224	1232.11
0.28372109	1221.34
0.28386395	1214.66
0.28404762	1204.04
0.28419048	1193.52
0.28437415	1186.34
0.28455102	1183.09
0.28484354	1179.21
0.285	1179.21
0.3	1247.06
0.300040816	1251.17
0.300122449	1260.13
0.300251701	1276.83
0.300292517	1294.46
0.300333333	1307.3
0.30037415	1321.0
0.300414966	1356.98
0.300462585	1384.8
0.300503401	1407.78
0.30052381	1436.64
0.300544218	1638.78
0.300585034	1677.9
0.30062585	1777.37
0.300639456	1901.43
0.300646259	2055.45
0.300659864	2095.29
0.300680272	2197.7
0.30070068	2297.55
0.300734694	2561.13
0.300755102	2665.77
0.30077551	2796.07
0.300789116	3025.88
0.300809524	3154.68
0.300829932	3212.31
0.300843537	3634.26
0.300863946	4324.46
0.300870748	4563.28
0.300891156	5335.43
0.300911565	6082.81
0.300931973	7084.83
0.300952381	8320.08
0.300972789	9738.6
0.3010068	10784.6
0.3010136	11005.7
0.30104082	11237.6
0.30105442	11399.0
0.30107483	11467.9
0.30111565	11537.4
0.30122449	11467.9
0.3012585	11170.0
0.30129252	11042.0
0.30133333	10820.2
0.30136735	10025.9
0.30140136	9188.51
0.30144218	8393.42
0.30147619	7824.33
0.3015102	7003.69
0.30155102	6493.1
0.30158503	5983.53
0.30161905	5742.37
0.30165986	5277.22
0.30169388	4791.58
0.30172789	4493.73
0.30176871	4239.9
0.30180272	3976.35
0.30183673	3784.81
0.30187075	3457.31
0.30191157	3279.97
0.30194558	3147.77
0.30197959	3014.28
0.30202041	2867.51
0.30205442	2720.42
0.30208843	2612.21
0.30212925	2478.22
0.30216327	2324.17
0.30219728	2160.65
0.30223809	2086.12
0.30227211	1968.28
0.30230612	1867.32
0.30238095	1741.66
0.3024898	1620.9
0.30256463	1547.07
0.30263265	1493.7
0.3027415	1430.35
0.30285034	1384.8
0.30295918	1348.82
0.30306803	1313.77
0.30321088	1287.38
0.30331973	1268.45
0.30342857	1253.92
0.30353742	1239.56
0.30361224	1232.11
0.30372109	1221.34
0.30386395	1214.66
0.30404762	1204.04
0.30419048	1193.52
0.30437415	1186.34
0.30455102	1183.09
0.30484354	1179.21
0.305	1179.21
0.32	1247.06
0.320040816	1251.17
0.320122449	1260.13
0.320251701	1276.83
0.320292517	1294.46
0.320333333	1307.3
0.32037415	1321.0
0.320414966	1356.98
0.320462585	1384.8
0.320503401	1407.78
0.32052381	1436.64
0.320544218	1638.78
0.320585034	1677.9
0.32062585	1777.37
0.320639456	1901.43
0.320646259	2055.45
0.320659864	2095.29
0.320680272	2197.7
0.32070068	2297.55
0.320734694	2561.13
0.320755102	2665.77
0.32077551	2796.07
0.320789116	3025.88
0.320809524	3154.68
0.320829932	3212.31
0.320843537	3634.26
0.320863946	4324.46
0.320870748	4563.28
0.320891156	5335.43
0.320911565	6082.81
0.320931973	7084.83
0.320952381	8320.08
0.320972789	9738.6
0.3210068	10784.6
0.3210136	11005.7
0.32104082	11237.6
0.32105442	11399.0
0.32107483	11467.9
0.32111565	11537.4
0.32122449	11467.9
0.3212585	11170.0
0.32129252	11042.0
0.32133333	10820.2
0.32136735	10025.9
0.32140136	9188.51
0.32144218	8393.42
0.32147619	7824.33
0.3215102	7003.69
0.32155102	6493.1
0.32158503	5983.53
0.32161905	5742.37
0.32165986	5277.22
0.32169388	4791.58
0.32172789	4493.73
0.32176871	4239.9
0.32180272	3976.35
0.32183673	3784.81
0.32187075	3457.31
0.32191157	3279.97
0.32194558	3147.77
0.32197959	3014.28
0.32202041	2867.51
0.32205442	2720.42
0.32208843	2612.21
0.32212925	2478.22
0.32216327	2324.17
0.32219728	2160.65
0.32223809	2086.12
0.32227211	1968.28
0.32230612	1867.32
0.32238095	1741.66
0.3224898	1620.9
0.32256463	1547.07
0.32263265	1493.7
0.3227415	1430.35
0.32285034	1384.8
0.32295918	1348.82
0.32306803	1313.77
0.32321088	1287.38
0.32331973	1268.45
0.32342857	1253.92
0.32353742	1239.56
0.32361224	1232.11
0.32372109	1221.34
0.32386395	1214.66
0.32404762	1204.04
0.32419048	1193.52
0.32437415	1186.34
0.32455102	1183.09
0.32484354	1179.21
0.325	1179.21
0.34	1247.06
0.340040816	1251.17
0.340122449	1260.13
0.340251701	1276.83
0.340292517	1294.46
0.340333333	1307.3
0.34037415	1321.0
0.340414966	1356.98
0.340462585	1384.8
0.340503401	1407.78
0.34052381	1436.64
0.340544218	1638.78
0.340585034	1677.9
0.34062585	1777.37
0.340639456	1901.43
0.340646259	2055.45
0.340659864	2095.29
0.340680272	2197.7
0.34070068	2297.55
0.340734694	2561.13
0.340755102	2665.77
0.34077551	2796.07
0.340789116	3025.88
0.340809524	3154.68
0.340829932	3212.31
0.340843537	3634.26
0.340863946	4324.46
0.340870748	4563.28
0.340891156	5335.43
0.340911565	6082.81
0.340931973	7084.83
0.340952381	8320.08
0.340972789	9738.6
0.3410068	10784.6
0.3410136	11005.7
0.34104082	11237.6
0.34105442	11399.0
0.34107483	11467.9
0.34111565	11537.4
0.34122449	11467.9
0.3412585	11170.0
0.34129252	11042.0
0.34133333	10820.2
0.34136735	10025.9
0.34140136	9188.51
0.34144218	8393.42
0.34147619	7824.33
0.3415102	7003.69
0.34155102	6493.1
0.34158503	5983.53
0.34161905	5742.37
0.34165986	5277.22
0.34169388	4791.58
0.34172789	4493.73
0.34176871	4239.9
0.34180272	3976.35
0.34183673	3784.81
0.34187075	3457.31
0.34191157	3279.97
0.34194558	3147.77
0.34197959	3014.28
0.34202041	2867.51
0.34205442	2720.42
0.34208843	2612.21
0.34212925	2478.22
0.34216327	2324.17
0.34219728	2160.65
0.34223809	2086.12
0.34227211	1968.28
0.34230612	1867.32
0.34238095	1741.66
0.3424898	1620.9
0.34256463	1547.07
0.34263265	1493.7
0.3427415	1430.35
0.34285034	1384.8
0.34295918	1348.82
0.34306803	1313.77
0.34321088	1287.38
0.34331973	1268.45
0.34342857	1253.92
0.34353742	1239.56
0.34361224	1232.11
0.34372109	1221.34
0.34386395	1214.66
0.34404762	1204.04
0.34419048	1193.52
0.34437415	1186.34
0.34455102	1183.09
0.34484354	1179.21
0.345	1179.21
0.36	1247.06
0.360040816	1251.17
0.360122449	1260.13
0.360251701	1276.83
0.360292517	1294.46
0.360333333	1307.3
0.36037415	1321.0
0.360414966	1356.98
0.360462585	1384.8
0.360503401	1407.78
0.36052381	1436.64
0.360544218	1638.78
0.360585034	1677.9
0.36062585	1777.37
0.360639456	1901.43
0.360646259	2055.45
0.360659864	2095.29
0.360680272	2197.7
0.36070068	2297.55
0.360734694	2561.13
0.360755102	2665.77
0.36077551	2796.07
0.360789116	3025.88
0.360809524	3154.68
0.360829932	3212.31
0.360843537	3634.26
0.360863946	4324.46
0.360870748	4563.28
0.360891156	5335.43
0.360911565	6082.81
0.360931973	7084.83
0.360952381	8320.08
0.360972789	9738.6
0.3610068	10784.6
0.3610136	11005.7
0.36104082	11237.6
0.36105442	11399.0
0.36107483	11467.9
0.36111565	11537.4
0.36122449	11467.9
0.3612585	11170.0
0.36129252	11042.0
0.36133333	10820.2
0.36136735	10025.9
0.36140136	9188.51
0.36144218	8393.42
0.36147619	7824.33
0.3615102	7003.69
0.36155102	6493.1
0.36158503	5983.53
0.36161905	5742.37
0.36165986	5277.22
0.36169388	4791.58
0.36172789	4493.73
0.36176871	4239.9
0.36180272	3976.35
0.36183673	3784.81
0.36187075	3457.31
0.36191157	3279.97
0.36194558	3147.77
0.36197959	3014.28
0.36202041	2867.51
0.36205442	2720.42
0.36208843	2612.21
0.36212925	2478.22
0.36216327	2324.17
0.36219728	2160.65
0.36223809	2086.12
0.36227211	1968.28
0.36230612	1867.32
0.36238095	1741.66
0.3624898	1620.9
0.36256463	1547.07
0.36263265	1493.7
0.3627415	1430.35
0.36285034	1384.8
0.36295918	1348.82
0.36306803	1313.77
0.36321088	1287.38
0.36331973	1268.45
0.36342857	1253.92
0.36353742	1239.56
0.36361224	1232.11
0.36372109	1221.34
0.36386395	1214.66
0.36404762	1204.04
0.36419048	1193.52
0.36437415	1186.34
0.36455102	1183.09
0.36484354	1179.21
0.365	1179.21
0.38	1247.06
0.380040816	1251.17
0.380122449	1260.13
0.380251701	1276.83
0.380292517	1294.46
0.380333333	1307.3
0.38037415	1321.0
0.380414966	1356.98
0.380462585	1384.8
0.380503401	1407.78
0.38052381	1436.64
0.380544218	1638.78
0.380585034	1677.9
0.38062585	1777.37
0.380639456	1901.43
0.380646259	2055.45
0.380659864	2095.29
0.380680272	2197.7
0.38070068	2297.55
0.380734694	2561.13
0.380755102	2665.77
0.38077551	2796.07
0.380789116	3025.88
0.380809524	3154.68
0.380829932	3212.31
0.380843537	3634.26
0.380863946	4324.46
0.380870748	4563.28
0.380891156	5335.43
0.380911565	6082.81
0.380931973	7084.83
0.380952381	8320.08
0.380972789	9738.6
0.3810068	10784.6
0.3810136	11005.7
0.38104082	11237.6
0.38105442	11399.0
0.38107483	11467.9
0.38111565	11537.4
0.38122449	11467.9
0.3812585	11170.0
0.38129252	11042.0
0.38133333	10820.2
0.38136735	10025.9
0.38140136	9188.51
0.38144218	8393.42
0.38147619	7824.33
0.3815102	7003.69
0.38155102	6493.1
0.38158503	5983.53
0.38161905	5742.37
0.38165986	5277.22
0.38169388	4791.58
0.38172789	4493.73
0.38176871	4239.9
0.38180272	3976.35
0.38183673	3784.81
0.38187075	3457.31
0.38191157	3279.97
0.38194558	3147.77
0.38197959	3014.28
0.38202041	2867.51
0.38205442	2720.42
0.38208843	2612.21
0.38212925	2478.22
0.38216327	2324.17
0.38219728	2160.65
0.38223809	2086.12
0.38227211	1968.28
0.38230612	1867.32
0.38238095	1741.66
0.3824898	1620.9
0.38256463	1547.07
0.38263265	1493.7
0.3827415	1430.35
0.38285034	1384.8
0.38295918	1348.82
0.38306803	1313.77
0.38321088	1287.38
0.38331973	1268.45
0.38342857	1253.92
0.38353742	1239.56
0.38361224	1232.11
0.38372109	1221.34
0.38386395	1214.66
0.38404762	1204.04
0.38419048	1193.52
0.38437415	1186.34
0.38455102	1183.09
0.38484354	1179.21
0.385	1179.21
