0.0	1258.55
4.0816e-05	1267.21
0.000122449	1286.18
0.000251701	1321.94
0.000292517	1360.24
0.000333333	1388.51
0.00037415	1418.99
0.000414966	1500.7
0.000462585	1565.51
0.000503401	1620.11
0.00052381	1690.07
0.000544218	2223.34
0.000585034	2335.32
0.00062585	2633.01
0.000639456	3030.34
0.000646259	3564.18
0.000659864	3709.61
0.000680272	4097.35
0.00070068	4494.69
0.000734694	5635.83
0.000755102	6126.11
0.00077551	6766.42
0.000789116	7976.63
0.000809524	8700.31
0.000829932	9034.65
0.000843537	11683.4
0.000863946	16783.5
0.000870748	18772.2
0.000891156	25998.4
0.000911565	34162.7
0.000931973	46936.5
0.000952381	65601.5
0.000972789	91062.3
0.0010068	112627.0
0.0010136	117491.0
0.00104082	122705.0
0.00105442	126405.0
0.00107483	128004.0
0.00111565	129623.0
0.00122449	128004.0
0.0012585	121172.0
0.00129252	118299.0
0.00133333	113402.0
0.00136735	96747.6
0.00140136	80674.4
0.00144218	66811.9
0.00147619	57720.9
0.0015102	45823.6
0.00155102	39138.7
0.00158503	33011.4
0.00161905	30300.2
0.00165986	25411.0
0.00169388	20781.7
0.00172789	18181.1
0.00176871	16107.1
0.00180272	14091.4
0.00183673	12714.3
0.00187075	10529.5
0.00191157	9435.59
0.00194558	8660.64
0.00197959	7913.08
0.00202041	7131.59
0.00205442	6390.67
0.00208843	5872.5
0.00212925	5262.39
0.00216327	4603.85
0.00219728	3954.75
0.00223809	3675.86
0.00227211	3256.53
0.00230612	2918.2
0.00238095	2524.01
0.0024898	2173.11
0.00256463	1971.97
0.00263265	1832.9
0.0027415	1674.69
0.00285034	1565.51
0.00295918	1481.96
0.00306803	1402.86
0.00321088	1344.79
0.00331973	1303.93
0.00342857	1273.02
0.00353742	1242.83
0.00361224	1227.31
0.00372109	1205.07
0.00386395	1191.38
0.00404762	1169.8
0.00419048	1148.61
0.00437415	1134.26
0.00455102	1127.8
0.00484354	1120.09
0.005	1120.09
0.01	1258.55
0.010040816	1267.21
0.010122449	1286.18
0.010251701	1321.94
0.010292517	1360.24
0.010333333	1388.51
0.01037415	1418.99
0.010414966	1500.7
0.010462585	1565.51
0.010503401	1620.11
0.01052381	1690.07
0.010544218	2223.34
0.010585034	2335.32
0.01062585	2633.01
0.010639456	3030.34
0.010646259	3564.18
0.010659864	3709.61
0.010680272	4097.35
0.01070068	4494.69
0.010734694	5635.83
0.010755102	6126.11
0.01077551	6766.42
0.010789116	7976.63
0.010809524	8700.31
0.010829932	9034.65
0.010843537	11683.4
0.010863946	16783.5
0.010870748	18772.2
0.010891156	25998.4
0.010911565	34162.7
0.010931973	46936.5
0.010952381	65601.5
0.010972789	91062.3
0.0110068	112627.0
0.0110136	117491.0
0.01104082	122705.0
0.01105442	126405.0
0.01107483	128004.0
0.01111565	129623.0
0.01122449	128004.0
0.0112585	121172.0
0.01129252	118299.0
0.01133333	113402.0
0.01136735	96747.6
0.01140136	80674.4
0.01144218	66811.9
0.01147619	57720.9
0.0115102	45823.6
0.01155102	39138.7
0.01158503	33011.4
0.01161905	30300.2
0.01165986	25411.0
0.01169388	20781.7
0.01172789	18181.1
0.01176871	16107.1
0.01180272	14091.4
0.01183673	12714.3
0.01187075	10529.5
0.01191157	9435.59
0.01194558	8660.64
0.01197959	7913.08
0.01202041	7131.59
0.01205442	6390.67
0.01208843	5872.5
0.01212925	5262.39
0.01216327	4603.85
0.01219728	3954.75
0.01223809	3675.86
0.01227211	3256.53
0.01230612	2918.2
0.01238095	2524.01
0.0124898	2173.11
0.01256463	1971.97
0.01263265	1832.9
0.0127415	1674.69
0.01285034	1565.51
0.01295918	1481.96
0.01306803	1402.86
0.01321088	1344.79
0.01331973	1303.93
0.01342857	1273.02
0.01353742	1242.83
0.01361224	1227.31
0.01372109	1205.07
0.01386395	1191.38
0.01404762	1169.8
0.01419048	1148.61
0.01437415	1134.26
0.01455102	1127.8
0.01484354	1120.09
0.015	1120.09
0.02	1258.55
0.020040816	1267.21
0.020122449	1286.18
0.020251701	1321.94
0.020292517	1360.24
0.020333333	1388.51
0.02037415	1418.99
0.020414966	1500.7
0.020462585	1565.51
0.020503401	1620.11
0.02052381	1690.07
0.020544218	2223.34
0.020585034	2335.32
0.02062585	2633.01
0.020639456	3030.34
0.020646259	3564.18
0.020659864	3709.61
0.020680272	4097.35
0.02070068	4494.69
0.020734694	5635.83
0.020755102	6126.11
0.02077551	6766.42
0.020789116	7976.63
0.020809524	8700.31
0.020829932	9034.65
0.020843537	11683.4
0.020863946	16783.5
0.020870748	18772.2
0.020891156	25998.4
0.020911565	34162.7
0.020931973	46936.5
0.020952381	65601.5
0.020972789	91062.3
0.0210068	112627.0
0.0210136	117491.0
0.02104082	122705.0
0.02105442	126405.0
0.02107483	128004.0
0.02111565	129623.0
0.02122449	128004.0
0.0212585	121172.0
0.02129252	118299.0
0.02133333	113402.0
0.02136735	96747.6
0.02140136	80674.4
0.02144218	66811.9
0.02147619	57720.9
0.0215102	45823.6
0.02155102	39138.7
0.02158503	33011.4
0.02161905	30300.2
0.02165986	25411.0
0.02169388	20781.7
0.02172789	18181.1
0.02176871	16107.1
0.02180272	14091.4
0.02183673	12714.3
0.02187075	10529.5
0.02191157	9435.59
0.02194558	8660.64
0.02197959	7913.08
0.02202041	7131.59
0.02205442	6390.67
0.02208843	5872.5
0.02212925	5262.39
0.02216327	4603.85
0.02219728	3954.75
0.02223809	3675.86
0.02227211	3256.53
0.02230612	2918.2
0.02238095	2524.01
0.0224898	2173.11
0.02256463	1971.97
0.02263265	1832.9
0.0227415	1674.69
0.02285034	1565.51
0.02295918	1481.96
0.02306803	1402.86
0.02321088	1344.79
0.02331973	1303.93
0.02342857	1273.02
0.02353742	1242.83
0.02361224	1227.31
0.02372109	1205.07
0.02386395	1191.38
0.02404762	1169.8
0.02419048	1148.61
0.02437415	1134.26
0.02455102	1127.8
0.02484354	1120.09
0.025	1120.09
0.03	1258.55
0.030040816	1267.21
0.030122449	1286.18
0.030251701	1321.94
0.030292517	1360.24
0.030333333	1388.51
0.03037415	1418.99
0.030414966	1500.7
0.030462585	1565.51
0.030503401	1620.11
0.03052381	1690.07
0.030544218	2223.34
0.030585034	2335.32
0.03062585	2633.01
0.030639456	3030.34
0.030646259	3564.18
0.030659864	3709.61
0.030680272	4097.35
0.03070068	4494.69
0.030734694	5635.83
0.030755102	6126.11
0.03077551	6766.42
0.030789116	7976.63
0.030809524	8700.31
0.030829932	9034.65
0.030843537	11683.4
0.030863946	16783.5
0.030870748	18772.2
0.030891156	25998.4
0.030911565	34162.7
0.030931973	46936.5
0.030952381	65601.5
0.030972789	91062.3
0.0310068	112627.0
0.0310136	117491.0
0.03104082	122705.0
0.03105442	126405.0
0.03107483	128004.0
0.03111565	129623.0
0.03122449	128004.0
0.0312585	121172.0
0.03129252	118299.0
0.03133333	113402.0
0.03136735	96747.6
0.03140136	80674.4
0.03144218	66811.9
0.03147619	57720.9
0.0315102	45823.6
0.03155102	39138.7
0.03158503	33011.4
0.03161905	30300.2
0.03165986	25411.0
0.03169388	20781.7
0.03172789	18181.1
0.03176871	16107.1
0.03180272	14091.4
0.03183673	12714.3
0.03187075	10529.5
0.03191157	9435.59
0.03194558	8660.64
0.03197959	7913.08
0.03202041	7131.59
0.03205442	6390.67
0.03208843	5872.5
0.03212925	5262.39
0.03216327	4603.85
0.03219728	3954.75
0.03223809	3675.86
0.03227211	3256.53
0.03230612	2918.2
0.03238095	2524.01
0.0324898	2173.11
0.03256463	1971.97
0.03263265	1832.9
0.0327415	1674.69
0.03285034	1565.51
0.03295918	1481.96
0.03306803	1402.86
0.03321088	1344.79
0.03331973	1303.93
0.03342857	1273.02
0.03353742	1242.83
0.03361224	1227.31
0.03372109	1205.07
0.03386395	1191.38
0.03404762	1169.8
0.03419048	1148.61
0.03437415	1134.26
0.03455102	1127.8
0.03484354	1120.09
0.035	1120.09
0.04	1258.55
0.040040816	1267.21
0.040122449	1286.18
0.040251701	1321.94
0.040292517	1360.24
0.040333333	1388.51
0.04037415	1418.99
0.040414966	1500.7
0.040462585	1565.51
0.040503401	1620.11
0.04052381	1690.07
0.040544218	2223.34
0.040585034	2335.32
0.04062585	2633.01
0.040639456	3030.34
0.040646259	3564.18
0.040659864	3709.61
0.040680272	4097.35
0.04070068	4494.69
0.040734694	5635.83
0.040755102	6126.11
0.04077551	6766.42
0.040789116	7976.63
0.040809524	8700.31
0.040829932	9034.65
0.040843537	11683.4
0.040863946	16783.5
0.040870748	18772.2
0.040891156	25998.4
0.040911565	34162.7
0.040931973	46936.5
0.040952381	65601.5
0.040972789	91062.3
0.0410068	112627.0
0.0410136	117491.0
0.04104082	122705.0
0.04105442	126405.0
0.04107483	128004.0
0.04111565	129623.0
0.04122449	128004.0
0.0412585	121172.0
0.04129252	118299.0
0.04133333	113402.0
0.04136735	96747.6
0.04140136	80674.4
0.04144218	66811.9
0.04147619	57720.9
0.0415102	45823.6
0.04155102	39138.7
0.04158503	33011.4
0.04161905	30300.2
0.04165986	25411.0
0.04169388	20781.7
0.04172789	18181.1
0.04176871	16107.1
0.04180272	14091.4
0.04183673	12714.3
0.04187075	10529.5
0.04191157	9435.59
0.04194558	8660.64
0.04197959	7913.08
0.04202041	7131.59
0.04205442	6390.67
0.04208843	5872.5
0.04212925	5262.39
0.04216327	4603.85
0.04219728	3954.75
0.04223809	3675.86
0.04227211	3256.53
0.04230612	2918.2
0.04238095	2524.01
0.0424898	2173.11
0.04256463	1971.97
0.04263265	1832.9
0.0427415	1674.69
0.04285034	1565.51
0.04295918	1481.96
0.04306803	1402.86
0.04321088	1344.79
0.04331973	1303.93
0.04342857	1273.02
0.04353742	1242.83
0.04361224	1227.31
0.04372109	1205.07
0.04386395	1191.38
0.04404762	1169.8
0.04419048	1148.61
0.04437415	1134.26
0.04455102	1127.8
0.04484354	1120.09
0.045	1120.09
0.05	1258.55
0.050040816	1267.21
0.050122449	1286.18
0.050251701	1321.94
0.050292517	1360.24
0.050333333	1388.51
0.05037415	1418.99
0.050414966	1500.7
0.050462585	1565.51
0.050503401	1620.11
0.05052381	1690.07
0.050544218	2223.34
0.050585034	2335.32
0.05062585	2633.01
0.050639456	3030.34
0.050646259	3564.18
0.050659864	3709.61
0.050680272	4097.35
0.05070068	4494.69
0.050734694	5635.83
0.050755102	6126.11
0.05077551	6766.42
0.050789116	7976.63
0.050809524	8700.31
0.050829932	9034.65
0.050843537	11683.4
0.050863946	16783.5
0.050870748	18772.2
0.050891156	25998.4
0.050911565	34162.7
0.050931973	46936.5
0.050952381	65601.5
0.050972789	91062.3
0.0510068	112627.0
0.0510136	117491.0
0.05104082	122705.0
0.05105442	126405.0
0.05107483	128004.0
0.05111565	129623.0
0.05122449	128004.0
0.0512585	121172.0
0.05129252	118299.0
0.05133333	113402.0
0.05136735	96747.6
0.05140136	80674.4
0.05144218	66811.9
0.05147619	57720.9
0.0515102	45823.6
0.05155102	39138.7
0.05158503	33011.4
0.05161905	30300.2
0.05165986	25411.0
0.05169388	20781.7
0.05172789	18181.1
0.05176871	16107.1
0.05180272	14091.4
0.05183673	12714.3
0.05187075	10529.5
0.05191157	9435.59
0.05194558	8660.64
0.05197959	7913.08
0.05202041	7131.59
0.05205442	6390.67
0.05208843	5872.5
0.05212925	5262.39
0.05216327	4603.85
0.05219728	3954.75
0.05223809	3675.86
0.05227211	3256.53
0.05230612	2918.2
0.05238095	2524.01
0.0524898	2173.11
0.05256463	1971.97
0.05263265	1832.9
0.0527415	1674.69
0.05285034	1565.51
0.05295918	1481.96
0.05306803	1402.86
0.05321088	1344.79
0.05331973	1303.93
0.05342857	1273.02
0.05353742	1242.83
0.05361224	1227.31
0.05372109	1205.07
0.05386395	1191.38
0.05404762	1169.8
0.05419048	1148.61
0.05437415	1134.26
0.05455102	1127.8
0.05484354	1120.09
0.055	1120.09
0.06	1258.55
0.060040816	1267.21
0.060122449	1286.18
0.060251701	1321.94
0.060292517	1360.24
0.060333333	1388.51
0.06037415	1418.99
0.060414966	1500.7
0.060462585	1565.51
0.060503401	1620.11
0.06052381	1690.07
0.060544218	2223.34
0.060585034	2335.32
0.06062585	2633.01
0.060639456	3030.34
0.060646259	3564.18
0.060659864	3709.61
0.060680272	4097.35
0.06070068	4494.69
0.060734694	5635.83
0.060755102	6126.11
0.06077551	6766.42
0.060789116	7976.63
0.060809524	8700.31
0.060829932	9034.65
0.060843537	11683.4
0.060863946	16783.5
0.060870748	18772.2
0.060891156	25998.4
0.060911565	34162.7
0.060931973	46936.5
0.060952381	65601.5
0.060972789	91062.3
0.0610068	112627.0
0.0610136	117491.0
0.06104082	122705.0
0.06105442	126405.0
0.06107483	128004.0
0.06111565	129623.0
0.06122449	128004.0
0.0612585	121172.0
0.06129252	118299.0
0.06133333	113402.0
0.06136735	96747.6
0.06140136	80674.4
0.06144218	66811.9
0.06147619	57720.9
0.0615102	45823.6
0.06155102	39138.7
0.06158503	33011.4
0.06161905	30300.2
0.06165986	25411.0
0.06169388	20781.7
0.06172789	18181.1
0.06176871	16107.1
0.06180272	14091.4
0.06183673	12714.3
0.06187075	10529.5
0.06191157	9435.59
0.06194558	8660.64
0.06197959	7913.08
0.06202041	7131.59
0.06205442	6390.67
0.06208843	5872.5
0.06212925	5262.39
0.06216327	4603.85
0.06219728	3954.75
0.06223809	3675.86
0.06227211	3256.53
0.06230612	2918.2
0.06238095	2524.01
0.0624898	2173.11
0.06256463	1971.97
0.06263265	1832.9
0.0627415	1674.69
0.06285034	1565.51
0.06295918	1481.96
0.06306803	1402.86
0.06321088	1344.79
0.06331973	1303.93
0.06342857	1273.02
0.06353742	1242.83
0.06361224	1227.31
0.06372109	1205.07
0.06386395	1191.38
0.06404762	1169.8
0.06419048	1148.61
0.06437415	1134.26
0.06455102	1127.8
0.06484354	1120.09
0.065	1120.09
0.07	1258.55
0.070040816	1267.21
0.070122449	1286.18
0.070251701	1321.94
0.070292517	1360.24
0.070333333	1388.51
0.07037415	1418.99
0.070414966	1500.7
0.070462585	1565.51
0.070503401	1620.11
0.07052381	1690.07
0.070544218	2223.34
0.070585034	2335.32
0.07062585	2633.01
0.070639456	3030.34
0.070646259	3564.18
0.070659864	3709.61
0.070680272	4097.35
0.07070068	4494.69
0.070734694	5635.83
0.070755102	6126.11
0.07077551	6766.42
0.070789116	7976.63
0.070809524	8700.31
0.070829932	9034.65
0.070843537	11683.4
0.070863946	16783.5
0.070870748	18772.2
0.070891156	25998.4
0.070911565	34162.7
0.070931973	46936.5
0.070952381	65601.5
0.070972789	91062.3
0.0710068	112627.0
0.0710136	117491.0
0.07104082	122705.0
0.07105442	126405.0
0.07107483	128004.0
0.07111565	129623.0
0.07122449	128004.0
0.0712585	121172.0
0.07129252	118299.0
0.07133333	113402.0
0.07136735	96747.6
0.07140136	80674.4
0.07144218	66811.9
0.07147619	57720.9
0.0715102	45823.6
0.07155102	39138.7
0.07158503	33011.4
0.07161905	30300.2
0.07165986	25411.0
0.07169388	20781.7
0.07172789	18181.1
0.07176871	16107.1
0.07180272	14091.4
0.07183673	12714.3
0.07187075	10529.5
0.07191157	9435.59
0.07194558	8660.64
0.07197959	7913.08
0.07202041	7131.59
0.07205442	6390.67
0.07208843	5872.5
0.07212925	5262.39
0.07216327	4603.85
0.07219728	3954.75
0.07223809	3675.86
0.07227211	3256.53
0.07230612	2918.2
0.07238095	2524.01
0.0724898	2173.11
0.07256463	1971.97
0.07263265	1832.9
0.0727415	1674.69
0.07285034	1565.51
0.07295918	1481.96
0.07306803	1402.86
0.07321088	1344.79
0.07331973	1303.93
0.07342857	1273.02
0.07353742	1242.83
0.07361224	1227.31
0.07372109	1205.07
0.07386395	1191.38
0.07404762	1169.8
0.07419048	1148.61
0.07437415	1134.26
0.07455102	1127.8
0.07484354	1120.09
0.075	1120.09
0.08	1258.55
0.080040816	1267.21
0.080122449	1286.18
0.080251701	1321.94
0.080292517	1360.24
0.080333333	1388.51
0.08037415	1418.99
0.080414966	1500.7
0.080462585	1565.51
0.080503401	1620.11
0.08052381	1690.07
0.080544218	2223.34
0.080585034	2335.32
0.08062585	2633.01
0.080639456	3030.34
0.080646259	3564.18
0.080659864	3709.61
0.080680272	4097.35
0.08070068	4494.69
0.080734694	5635.83
0.080755102	6126.11
0.08077551	6766.42
0.080789116	7976.63
0.080809524	8700.31
0.080829932	9034.65
0.080843537	11683.4
0.080863946	16783.5
0.080870748	18772.2
0.080891156	25998.4
0.080911565	34162.7
0.080931973	46936.5
0.080952381	65601.5
0.080972789	91062.3
0.0810068	112627.0
0.0810136	117491.0
0.08104082	122705.0
0.08105442	126405.0
0.08107483	128004.0
0.08111565	129623.0
0.08122449	128004.0
0.0812585	121172.0
0.08129252	118299.0
0.08133333	113402.0
0.08136735	96747.6
0.08140136	80674.4
0.08144218	66811.9
0.08147619	57720.9
0.0815102	45823.6
0.08155102	39138.7
0.08158503	33011.4
0.08161905	30300.2
0.08165986	25411.0
0.08169388	20781.7
0.08172789	18181.1
0.08176871	16107.1
0.08180272	14091.4
0.08183673	12714.3
0.08187075	10529.5
0.08191157	9435.59
0.08194558	8660.64
0.08197959	7913.08
0.08202041	7131.59
0.08205442	6390.67
0.08208843	5872.5
0.08212925	5262.39
0.08216327	4603.85
0.08219728	3954.75
0.08223809	3675.86
0.08227211	3256.53
0.08230612	2918.2
0.08238095	2524.01
0.0824898	2173.11
0.08256463	1971.97
0.08263265	1832.9
0.0827415	1674.69
0.08285034	1565.51
0.08295918	1481.96
0.08306803	1402.86
0.08321088	1344.79
0.08331973	1303.93
0.08342857	1273.02
0.08353742	1242.83
0.08361224	1227.31
0.08372109	1205.07
0.08386395	1191.38
0.08404762	1169.8
0.08419048	1148.61
0.08437415	1134.26
0.08455102	1127.8
0.08484354	1120.09
0.085	1120.09
0.09	1258.55
0.090040816	1267.21
0.090122449	1286.18
0.090251701	1321.94
0.090292517	1360.24
0.090333333	1388.51
0.09037415	1418.99
0.090414966	1500.7
0.090462585	1565.51
0.090503401	1620.11
0.09052381	1690.07
0.090544218	2223.34
0.090585034	2335.32
0.09062585	2633.01
0.090639456	3030.34
0.090646259	3564.18
0.090659864	3709.61
0.090680272	4097.35
0.09070068	4494.69
0.090734694	5635.83
0.090755102	6126.11
0.09077551	6766.42
0.090789116	7976.63
0.090809524	8700.31
0.090829932	9034.65
0.090843537	11683.4
0.090863946	16783.5
0.090870748	18772.2
0.090891156	25998.4
0.090911565	34162.7
0.090931973	46936.5
0.090952381	65601.5
0.090972789	91062.3
0.0910068	112627.0
0.0910136	117491.0
0.09104082	122705.0
0.09105442	126405.0
0.09107483	128004.0
0.09111565	129623.0
0.09122449	128004.0
0.0912585	121172.0
0.09129252	118299.0
0.09133333	113402.0
0.09136735	96747.6
0.09140136	80674.4
0.09144218	66811.9
0.09147619	57720.9
0.0915102	45823.6
0.09155102	39138.7
0.09158503	33011.4
0.09161905	30300.2
0.09165986	25411.0
0.09169388	20781.7
0.09172789	18181.1
0.09176871	16107.1
0.09180272	14091.4
0.09183673	12714.3
0.09187075	10529.5
0.09191157	9435.59
0.09194558	8660.64
0.09197959	7913.08
0.09202041	7131.59
0.09205442	6390.67
0.09208843	5872.5
0.09212925	5262.39
0.09216327	4603.85
0.09219728	3954.75
0.09223809	3675.86
0.09227211	3256.53
0.09230612	2918.2
0.09238095	2524.01
0.0924898	2173.11
0.09256463	1971.97
0.09263265	1832.9
0.0927415	1674.69
0.09285034	1565.51
0.09295918	1481.96
0.09306803	1402.86
0.09321088	1344.79
0.09331973	1303.93
0.09342857	1273.02
0.09353742	1242.83
0.09361224	1227.31
0.09372109	1205.07
0.09386395	1191.38
0.09404762	1169.8
0.09419048	1148.61
0.09437415	1134.26
0.09455102	1127.8
0.09484354	1120.09
0.095	1120.09
0.1	1258.55
0.100040816	1267.21
0.100122449	1286.18
0.100251701	1321.94
0.100292517	1360.24
0.100333333	1388.51
0.10037415	1418.99
0.100414966	1500.7
0.100462585	1565.51
0.100503401	1620.11
0.10052381	1690.07
0.100544218	2223.34
0.100585034	2335.32
0.10062585	2633.01
0.100639456	3030.34
0.100646259	3564.18
0.100659864	3709.61
0.100680272	4097.35
0.10070068	4494.69
0.100734694	5635.83
0.100755102	6126.11
0.10077551	6766.42
0.100789116	7976.63
0.100809524	8700.31
0.100829932	9034.65
0.100843537	11683.4
0.100863946	16783.5
0.100870748	18772.2
0.100891156	25998.4
0.100911565	34162.7
0.100931973	46936.5
0.100952381	65601.5
0.100972789	91062.3
0.1010068	112627.0
0.1010136	117491.0
0.10104082	122705.0
0.10105442	126405.0
0.10107483	128004.0
0.10111565	129623.0
0.10122449	128004.0
0.1012585	121172.0
0.10129252	118299.0
0.10133333	113402.0
0.10136735	96747.6
0.10140136	80674.4
0.10144218	66811.9
0.10147619	57720.9
0.1015102	45823.6
0.10155102	39138.7
0.10158503	33011.4
0.10161905	30300.2
0.10165986	25411.0
0.10169388	20781.7
0.10172789	18181.1
0.10176871	16107.1
0.10180272	14091.4
0.10183673	12714.3
0.10187075	10529.5
0.10191157	9435.59
0.10194558	8660.64
0.10197959	7913.08
0.10202041	7131.59
0.10205442	6390.67
0.10208843	5872.5
0.10212925	5262.39
0.10216327	4603.85
0.10219728	3954.75
0.10223809	3675.86
0.10227211	3256.53
0.10230612	2918.2
0.10238095	2524.01
0.1024898	2173.11
0.10256463	1971.97
0.10263265	1832.9
0.1027415	1674.69
0.10285034	1565.51
0.10295918	1481.96
0.10306803	1402.86
0.10321088	1344.79
0.10331973	1303.93
0.10342857	1273.02
0.10353742	1242.83
0.10361224	1227.31
0.10372109	1205.07
0.10386395	1191.38
0.10404762	1169.8
0.10419048	1148.61
0.10437415	1134.26
0.10455102	1127.8
0.10484354	1120.09
0.105	1120.09
0.11	1258.55
0.110040816	1267.21
0.110122449	1286.18
0.110251701	1321.94
0.110292517	1360.24
0.110333333	1388.51
0.11037415	1418.99
0.110414966	1500.7
0.110462585	1565.51
0.110503401	1620.11
0.11052381	1690.07
0.110544218	2223.34
0.110585034	2335.32
0.11062585	2633.01
0.110639456	3030.34
0.110646259	3564.18
0.110659864	3709.61
0.110680272	4097.35
0.11070068	4494.69
0.110734694	5635.83
0.110755102	6126.11
0.11077551	6766.42
0.110789116	7976.63
0.110809524	8700.31
0.110829932	9034.65
0.110843537	11683.4
0.110863946	16783.5
0.110870748	18772.2
0.110891156	25998.4
0.110911565	34162.7
0.110931973	46936.5
0.110952381	65601.5
0.110972789	91062.3
0.1110068	112627.0
0.1110136	117491.0
0.11104082	122705.0
0.11105442	126405.0
0.11107483	128004.0
0.11111565	129623.0
0.11122449	128004.0
0.1112585	121172.0
0.11129252	118299.0
0.11133333	113402.0
0.11136735	96747.6
0.11140136	80674.4
0.11144218	66811.9
0.11147619	57720.9
0.1115102	45823.6
0.11155102	39138.7
0.11158503	33011.4
0.11161905	30300.2
0.11165986	25411.0
0.11169388	20781.7
0.11172789	18181.1
0.11176871	16107.1
0.11180272	14091.4
0.11183673	12714.3
0.11187075	10529.5
0.11191157	9435.59
0.11194558	8660.64
0.11197959	7913.08
0.11202041	7131.59
0.11205442	6390.67
0.11208843	5872.5
0.11212925	5262.39
0.11216327	4603.85
0.11219728	3954.75
0.11223809	3675.86
0.11227211	3256.53
0.11230612	2918.2
0.11238095	2524.01
0.1124898	2173.11
0.11256463	1971.97
0.11263265	1832.9
0.1127415	1674.69
0.11285034	1565.51
0.11295918	1481.96
0.11306803	1402.86
0.11321088	1344.79
0.11331973	1303.93
0.11342857	1273.02
0.11353742	1242.83
0.11361224	1227.31
0.11372109	1205.07
0.11386395	1191.38
0.11404762	1169.8
0.11419048	1148.61
0.11437415	1134.26
0.11455102	1127.8
0.11484354	1120.09
0.115	1120.09
0.12	1258.55
0.120040816	1267.21
0.120122449	1286.18
0.120251701	1321.94
0.120292517	1360.24
0.120333333	1388.51
0.12037415	1418.99
0.120414966	1500.7
0.120462585	1565.51
0.120503401	1620.11
0.12052381	1690.07
0.120544218	2223.34
0.120585034	2335.32
0.12062585	2633.01
0.120639456	3030.34
0.120646259	3564.18
0.120659864	3709.61
0.120680272	4097.35
0.12070068	4494.69
0.120734694	5635.83
0.120755102	6126.11
0.12077551	6766.42
0.120789116	7976.63
0.120809524	8700.31
0.120829932	9034.65
0.120843537	11683.4
0.120863946	16783.5
0.120870748	18772.2
0.120891156	25998.4
0.120911565	34162.7
0.120931973	46936.5
0.120952381	65601.5
0.120972789	91062.3
0.1210068	112627.0
0.1210136	117491.0
0.12104082	122705.0
0.12105442	126405.0
0.12107483	128004.0
0.12111565	129623.0
0.12122449	128004.0
0.1212585	121172.0
0.12129252	118299.0
0.12133333	113402.0
0.12136735	96747.6
0.12140136	80674.4
0.12144218	66811.9
0.12147619	57720.9
0.1215102	45823.6
0.12155102	39138.7
0.12158503	33011.4
0.12161905	30300.2
0.12165986	25411.0
0.12169388	20781.7
0.12172789	18181.1
0.12176871	16107.1
0.12180272	14091.4
0.12183673	12714.3
0.12187075	10529.5
0.12191157	9435.59
0.12194558	8660.64
0.12197959	7913.08
0.12202041	7131.59
0.12205442	6390.67
0.12208843	5872.5
0.12212925	5262.39
0.12216327	4603.85
0.12219728	3954.75
0.12223809	3675.86
0.12227211	3256.53
0.12230612	2918.2
0.12238095	2524.01
0.1224898	2173.11
0.12256463	1971.97
0.12263265	1832.9
0.1227415	1674.69
0.12285034	1565.51
0.12295918	1481.96
0.12306803	1402.86
0.12321088	1344.79
0.12331973	1303.93
0.12342857	1273.02
0.12353742	1242.83
0.12361224	1227.31
0.12372109	1205.07
0.12386395	1191.38
0.12404762	1169.8
0.12419048	1148.61
0.12437415	1134.26
0.12455102	1127.8
0.12484354	1120.09
0.125	1120.09
0.13	1258.55
0.130040816	1267.21
0.130122449	1286.18
0.130251701	1321.94
0.130292517	1360.24
0.130333333	1388.51
0.13037415	1418.99
0.130414966	1500.7
0.130462585	1565.51
0.130503401	1620.11
0.13052381	1690.07
0.130544218	2223.34
0.130585034	2335.32
0.13062585	2633.01
0.130639456	3030.34
0.130646259	3564.18
0.130659864	3709.61
0.130680272	4097.35
0.13070068	4494.69
0.130734694	5635.83
0.130755102	6126.11
0.13077551	6766.42
0.130789116	7976.63
0.130809524	8700.31
0.130829932	9034.65
0.130843537	11683.4
0.130863946	16783.5
0.130870748	18772.2
0.130891156	25998.4
0.130911565	34162.7
0.130931973	46936.5
0.130952381	65601.5
0.130972789	91062.3
0.1310068	112627.0
0.1310136	117491.0
0.13104082	122705.0
0.13105442	126405.0
0.13107483	128004.0
0.13111565	129623.0
0.13122449	128004.0
0.1312585	121172.0
0.13129252	118299.0
0.13133333	113402.0
0.13136735	96747.6
0.13140136	80674.4
0.13144218	66811.9
0.13147619	57720.9
0.1315102	45823.6
0.13155102	39138.7
0.13158503	33011.4
0.13161905	30300.2
0.13165986	25411.0
0.13169388	20781.7
0.13172789	18181.1
0.13176871	16107.1
0.13180272	14091.4
0.13183673	12714.3
0.13187075	10529.5
0.13191157	9435.59
0.13194558	8660.64
0.13197959	7913.08
0.13202041	7131.59
0.13205442	6390.67
0.13208843	5872.5
0.13212925	5262.39
0.13216327	4603.85
0.13219728	3954.75
0.13223809	3675.86
0.13227211	3256.53
0.13230612	2918.2
0.13238095	2524.01
0.1324898	2173.11
0.13256463	1971.97
0.13263265	1832.9
0.1327415	1674.69
0.13285034	1565.51
0.13295918	1481.96
0.13306803	1402.86
0.13321088	1344.79
0.13331973	1303.93
0.13342857	1273.02
0.13353742	1242.83
0.13361224	1227.31
0.13372109	1205.07
0.13386395	1191.38
0.13404762	1169.8
0.13419048	1148.61
0.13437415	1134.26
0.13455102	1127.8
0.13484354	1120.09
0.135	1120.09
0.14	1258.55
0.140040816	1267.21
0.140122449	1286.18
0.140251701	1321.94
0.140292517	1360.24
0.140333333	1388.51
0.14037415	1418.99
0.140414966	1500.7
0.140462585	1565.51
0.140503401	1620.11
0.14052381	1690.07
0.140544218	2223.34
0.140585034	2335.32
0.14062585	2633.01
0.140639456	3030.34
0.140646259	3564.18
0.140659864	3709.61
0.140680272	4097.35
0.14070068	4494.69
0.140734694	5635.83
0.140755102	6126.11
0.14077551	6766.42
0.140789116	7976.63
0.140809524	8700.31
0.140829932	9034.65
0.140843537	11683.4
0.140863946	16783.5
0.140870748	18772.2
0.140891156	25998.4
0.140911565	34162.7
0.140931973	46936.5
0.140952381	65601.5
0.140972789	91062.3
0.1410068	112627.0
0.1410136	117491.0
0.14104082	122705.0
0.14105442	126405.0
0.14107483	128004.0
0.14111565	129623.0
0.14122449	128004.0
0.1412585	121172.0
0.14129252	118299.0
0.14133333	113402.0
0.14136735	96747.6
0.14140136	80674.4
0.14144218	66811.9
0.14147619	57720.9
0.1415102	45823.6
0.14155102	39138.7
0.14158503	33011.4
0.14161905	30300.2
0.14165986	25411.0
0.14169388	20781.7
0.14172789	18181.1
0.14176871	16107.1
0.14180272	14091.4
0.14183673	12714.3
0.14187075	10529.5
0.14191157	9435.59
0.14194558	8660.64
0.14197959	7913.08
0.14202041	7131.59
0.14205442	6390.67
0.14208843	5872.5
0.14212925	5262.39
0.14216327	4603.85
0.14219728	3954.75
0.14223809	3675.86
0.14227211	3256.53
0.14230612	2918.2
0.14238095	2524.01
0.1424898	2173.11
0.14256463	1971.97
0.14263265	1832.9
0.1427415	1674.69
0.14285034	1565.51
0.14295918	1481.96
0.14306803	1402.86
0.14321088	1344.79
0.14331973	1303.93
0.14342857	1273.02
0.14353742	1242.83
0.14361224	1227.31
0.14372109	1205.07
0.14386395	1191.38
0.14404762	1169.8
0.14419048	1148.61
0.14437415	1134.26
0.14455102	1127.8
0.14484354	1120.09
0.145	1120.09
0.15	1258.55
0.150040816	1267.21
0.150122449	1286.18
0.150251701	1321.94
0.150292517	1360.24
0.150333333	1388.51
0.15037415	1418.99
0.150414966	1500.7
0.150462585	1565.51
0.150503401	1620.11
0.15052381	1690.07
0.150544218	2223.34
0.150585034	2335.32
0.15062585	2633.01
0.150639456	3030.34
0.150646259	3564.18
0.150659864	3709.61
0.150680272	4097.35
0.15070068	4494.69
0.150734694	5635.83
0.150755102	6126.11
0.15077551	6766.42
0.150789116	7976.63
0.150809524	8700.31
0.150829932	9034.65
0.150843537	11683.4
0.150863946	16783.5
0.150870748	18772.2
0.150891156	25998.4
0.150911565	34162.7
0.150931973	46936.5
0.150952381	65601.5
0.150972789	91062.3
0.1510068	112627.0
0.1510136	117491.0
0.15104082	122705.0
0.15105442	126405.0
0.15107483	128004.0
0.15111565	129623.0
0.15122449	128004.0
0.1512585	121172.0
0.15129252	118299.0
0.15133333	113402.0
0.15136735	96747.6
0.15140136	80674.4
0.15144218	66811.9
0.15147619	57720.9
0.1515102	45823.6
0.15155102	39138.7
0.15158503	33011.4
0.15161905	30300.2
0.15165986	25411.0
0.15169388	20781.7
0.15172789	18181.1
0.15176871	16107.1
0.15180272	14091.4
0.15183673	12714.3
0.15187075	10529.5
0.15191157	9435.59
0.15194558	8660.64
0.15197959	7913.08
0.15202041	7131.59
0.15205442	6390.67
0.15208843	5872.5
0.15212925	5262.39
0.15216327	4603.85
0.15219728	3954.75
0.15223809	3675.86
0.15227211	3256.53
0.15230612	2918.2
0.15238095	2524.01
0.1524898	2173.11
0.15256463	1971.97
0.15263265	1832.9
0.1527415	1674.69
0.15285034	1565.51
0.15295918	1481.96
0.15306803	1402.86
0.15321088	1344.79
0.15331973	1303.93
0.15342857	1273.02
0.15353742	1242.83
0.15361224	1227.31
0.15372109	1205.07
0.15386395	1191.38
0.15404762	1169.8
0.15419048	1148.61
0.15437415	1134.26
0.15455102	1127.8
0.15484354	1120.09
0.155	1120.09
0.16	1258.55
0.160040816	1267.21
0.160122449	1286.18
0.160251701	1321.94
0.160292517	1360.24
0.160333333	1388.51
0.16037415	1418.99
0.160414966	1500.7
0.160462585	1565.51
0.160503401	1620.11
0.16052381	1690.07
0.160544218	2223.34
0.160585034	2335.32
0.16062585	2633.01
0.160639456	3030.34
0.160646259	3564.18
0.160659864	3709.61
0.160680272	4097.35
0.16070068	4494.69
0.160734694	5635.83
0.160755102	6126.11
0.16077551	6766.42
0.160789116	7976.63
0.160809524	8700.31
0.160829932	9034.65
0.160843537	11683.4
0.160863946	16783.5
0.160870748	18772.2
0.160891156	25998.4
0.160911565	34162.7
0.160931973	46936.5
0.160952381	65601.5
0.160972789	91062.3
0.1610068	112627.0
0.1610136	117491.0
0.16104082	122705.0
0.16105442	126405.0
0.16107483	128004.0
0.16111565	129623.0
0.16122449	128004.0
0.1612585	121172.0
0.16129252	118299.0
0.16133333	113402.0
0.16136735	96747.6
0.16140136	80674.4
0.16144218	66811.9
0.16147619	57720.9
0.1615102	45823.6
0.16155102	39138.7
0.16158503	33011.4
0.16161905	30300.2
0.16165986	25411.0
0.16169388	20781.7
0.16172789	18181.1
0.16176871	16107.1
0.16180272	14091.4
0.16183673	12714.3
0.16187075	10529.5
0.16191157	9435.59
0.16194558	8660.64
0.16197959	7913.08
0.16202041	7131.59
0.16205442	6390.67
0.16208843	5872.5
0.16212925	5262.39
0.16216327	4603.85
0.16219728	3954.75
0.16223809	3675.86
0.16227211	3256.53
0.16230612	2918.2
0.16238095	2524.01
0.1624898	2173.11
0.16256463	1971.97
0.16263265	1832.9
0.1627415	1674.69
0.16285034	1565.51
0.16295918	1481.96
0.16306803	1402.86
0.16321088	1344.79
0.16331973	1303.93
0.16342857	1273.02
0.16353742	1242.83
0.16361224	1227.31
0.16372109	1205.07
0.16386395	1191.38
0.16404762	1169.8
0.16419048	1148.61
0.16437415	1134.26
0.16455102	1127.8
0.16484354	1120.09
0.165	1120.09
0.17	1258.55
0.170040816	1267.21
0.170122449	1286.18
0.170251701	1321.94
0.170292517	1360.24
0.170333333	1388.51
0.17037415	1418.99
0.170414966	1500.7
0.170462585	1565.51
0.170503401	1620.11
0.17052381	1690.07
0.170544218	2223.34
0.170585034	2335.32
0.17062585	2633.01
0.170639456	3030.34
0.170646259	3564.18
0.170659864	3709.61
0.170680272	4097.35
0.17070068	4494.69
0.170734694	5635.83
0.170755102	6126.11
0.17077551	6766.42
0.170789116	7976.63
0.170809524	8700.31
0.170829932	9034.65
0.170843537	11683.4
0.170863946	16783.5
0.170870748	18772.2
0.170891156	25998.4
0.170911565	34162.7
0.170931973	46936.5
0.170952381	65601.5
0.170972789	91062.3
0.1710068	112627.0
0.1710136	117491.0
0.17104082	122705.0
0.17105442	126405.0
0.17107483	128004.0
0.17111565	129623.0
0.17122449	128004.0
0.1712585	121172.0
0.17129252	118299.0
0.17133333	113402.0
0.17136735	96747.6
0.17140136	80674.4
0.17144218	66811.9
0.17147619	57720.9
0.1715102	45823.6
0.17155102	39138.7
0.17158503	33011.4
0.17161905	30300.2
0.17165986	25411.0
0.17169388	20781.7
0.17172789	18181.1
0.17176871	16107.1
0.17180272	14091.4
0.17183673	12714.3
0.17187075	10529.5
0.17191157	9435.59
0.17194558	8660.64
0.17197959	7913.08
0.17202041	7131.59
0.17205442	6390.67
0.17208843	5872.5
0.17212925	5262.39
0.17216327	4603.85
0.17219728	3954.75
0.17223809	3675.86
0.17227211	3256.53
0.17230612	2918.2
0.17238095	2524.01
0.1724898	2173.11
0.17256463	1971.97
0.17263265	1832.9
0.1727415	1674.69
0.17285034	1565.51
0.17295918	1481.96
0.17306803	1402.86
0.17321088	1344.79
0.17331973	1303.93
0.17342857	1273.02
0.17353742	1242.83
0.17361224	1227.31
0.17372109	1205.07
0.17386395	1191.38
0.17404762	1169.8
0.17419048	1148.61
0.17437415	1134.26
0.17455102	1127.8
0.17484354	1120.09
0.175	1120.09
0.18	1258.55
0.180040816	1267.21
0.180122449	1286.18
0.180251701	1321.94
0.180292517	1360.24
0.180333333	1388.51
0.18037415	1418.99
0.180414966	1500.7
0.180462585	1565.51
0.180503401	1620.11
0.18052381	1690.07
0.180544218	2223.34
0.180585034	2335.32
0.18062585	2633.01
0.180639456	3030.34
0.180646259	3564.18
0.180659864	3709.61
0.180680272	4097.35
0.18070068	4494.69
0.180734694	5635.83
0.180755102	6126.11
0.18077551	6766.42
0.180789116	7976.63
0.180809524	8700.31
0.180829932	9034.65
0.180843537	11683.4
0.180863946	16783.5
0.180870748	18772.2
0.180891156	25998.4
0.180911565	34162.7
0.180931973	46936.5
0.180952381	65601.5
0.180972789	91062.3
0.1810068	112627.0
0.1810136	117491.0
0.18104082	122705.0
0.18105442	126405.0
0.18107483	128004.0
0.18111565	129623.0
0.18122449	128004.0
0.1812585	121172.0
0.18129252	118299.0
0.18133333	113402.0
0.18136735	96747.6
0.18140136	80674.4
0.18144218	66811.9
0.18147619	57720.9
0.1815102	45823.6
0.18155102	39138.7
0.18158503	33011.4
0.18161905	30300.2
0.18165986	25411.0
0.18169388	20781.7
0.18172789	18181.1
0.18176871	16107.1
0.18180272	14091.4
0.18183673	12714.3
0.18187075	10529.5
0.18191157	9435.59
0.18194558	8660.64
0.18197959	7913.08
0.18202041	7131.59
0.18205442	6390.67
0.18208843	5872.5
0.18212925	5262.39
0.18216327	4603.85
0.18219728	3954.75
0.18223809	3675.86
0.18227211	3256.53
0.18230612	2918.2
0.18238095	2524.01
0.1824898	2173.11
0.18256463	1971.97
0.18263265	1832.9
0.1827415	1674.69
0.18285034	1565.51
0.18295918	1481.96
0.18306803	1402.86
0.18321088	1344.79
0.18331973	1303.93
0.18342857	1273.02
0.18353742	1242.83
0.18361224	1227.31
0.18372109	1205.07
0.18386395	1191.38
0.18404762	1169.8
0.18419048	1148.61
0.18437415	1134.26
0.18455102	1127.8
0.18484354	1120.09
0.185	1120.09
0.19	1258.55
0.190040816	1267.21
0.190122449	1286.18
0.190251701	1321.94
0.190292517	1360.24
0.190333333	1388.51
0.19037415	1418.99
0.190414966	1500.7
0.190462585	1565.51
0.190503401	1620.11
0.19052381	1690.07
0.190544218	2223.34
0.190585034	2335.32
0.19062585	2633.01
0.190639456	3030.34
0.190646259	3564.18
0.190659864	3709.61
0.190680272	4097.35
0.19070068	4494.69
0.190734694	5635.83
0.190755102	6126.11
0.19077551	6766.42
0.190789116	7976.63
0.190809524	8700.31
0.190829932	9034.65
0.190843537	11683.4
0.190863946	16783.5
0.190870748	18772.2
0.190891156	25998.4
0.190911565	34162.7
0.190931973	46936.5
0.190952381	65601.5
0.190972789	91062.3
0.1910068	112627.0
0.1910136	117491.0
0.19104082	122705.0
0.19105442	126405.0
0.19107483	128004.0
0.19111565	129623.0
0.19122449	128004.0
0.1912585	121172.0
0.19129252	118299.0
0.19133333	113402.0
0.19136735	96747.6
0.19140136	80674.4
0.19144218	66811.9
0.19147619	57720.9
0.1915102	45823.6
0.19155102	39138.7
0.19158503	33011.4
0.19161905	30300.2
0.19165986	25411.0
0.19169388	20781.7
0.19172789	18181.1
0.19176871	16107.1
0.19180272	14091.4
0.19183673	12714.3
0.19187075	10529.5
0.19191157	9435.59
0.19194558	8660.64
0.19197959	7913.08
0.19202041	7131.59
0.19205442	6390.67
0.19208843	5872.5
0.19212925	5262.39
0.19216327	4603.85
0.19219728	3954.75
0.19223809	3675.86
0.19227211	3256.53
0.19230612	2918.2
0.19238095	2524.01
0.1924898	2173.11
0.19256463	1971.97
0.19263265	1832.9
0.1927415	1674.69
0.19285034	1565.51
0.19295918	1481.96
0.19306803	1402.86
0.19321088	1344.79
0.19331973	1303.93
0.19342857	1273.02
0.19353742	1242.83
0.19361224	1227.31
0.19372109	1205.07
0.19386395	1191.38
0.19404762	1169.8
0.19419048	1148.61
0.19437415	1134.26
0.19455102	1127.8
0.19484354	1120.09
0.195	1120.09
5.19	1258.55
5.190040816	1267.21
5.190122449	1286.18
5.190251701	1321.94
5.190292517	1360.24
5.190333333	1388.51
5.19037415	1418.99
5.190414966	1500.7
5.190462585	1565.51
5.190503401	1620.11
5.19052381	1690.07
5.190544218	2223.34
5.190585034	2335.32
5.19062585	2633.01
5.190639456	3030.34
5.190646259	3564.18
5.190659864	3709.61
5.190680272	4097.35
5.19070068	4494.69
5.190734694	5635.83
5.190755102	6126.11
5.19077551	6766.42
5.190789116	7976.63
5.190809524	8700.31
5.190829932	9034.65
5.190843537	11683.4
5.190863946	16783.5
5.190870748	18772.2
5.190891156	25998.4
5.190911565	34162.7
5.190931973	46936.5
5.190952381	65601.5
5.190972789	91062.3
5.1910068	112627.0
5.1910136	117491.0
5.19104082	122705.0
5.19105442	126405.0
5.19107483	128004.0
5.19111565	129623.0
5.19122449	128004.0
5.1912585	121172.0
5.19129252	118299.0
5.19133333	113402.0
5.19136735	96747.6
5.19140136	80674.4
5.19144218	66811.9
5.19147619	57720.9
5.1915102	45823.6
5.19155102	39138.7
5.19158503	33011.4
5.19161905	30300.2
5.19165986	25411.0
5.19169388	20781.7
5.19172789	18181.1
5.19176871	16107.1
5.19180272	14091.4
5.19183673	12714.3
5.19187075	10529.5
5.19191157	9435.59
5.19194558	8660.64
5.19197959	7913.08
5.19202041	7131.59
5.19205442	6390.67
5.19208843	5872.5
5.19212925	5262.39
5.19216327	4603.85
5.19219728	3954.75
5.19223809	3675.86
5.19227211	3256.53
5.19230612	2918.2
5.19238095	2524.01
5.1924898	2173.11
5.19256463	1971.97
5.19263265	1832.9
5.1927415	1674.69
5.19285034	1565.51
5.19295918	1481.96
5.19306803	1402.86
5.19321088	1344.79
5.19331973	1303.93
5.19342857	1273.02
5.19353742	1242.83
5.19361224	1227.31
5.19372109	1205.07
5.19386395	1191.38
5.19404762	1169.8
5.19419048	1148.61
5.19437415	1134.26
5.19455102	1127.8
5.19484354	1120.09
5.195	1120.09
5.2	1258.55
5.200040816	1267.21
5.200122449	1286.18
5.200251701	1321.94
5.200292517	1360.24
5.200333333	1388.51
5.20037415	1418.99
5.200414966	1500.7
5.200462585	1565.51
5.200503401	1620.11
5.20052381	1690.07
5.200544218	2223.34
5.200585034	2335.32
5.20062585	2633.01
5.200639456	3030.34
5.200646259	3564.18
5.200659864	3709.61
5.200680272	4097.35
5.20070068	4494.69
5.200734694	5635.83
5.200755102	6126.11
5.20077551	6766.42
5.200789116	7976.63
5.200809524	8700.31
5.200829932	9034.65
5.200843537	11683.4
5.200863946	16783.5
5.200870748	18772.2
5.200891156	25998.4
5.200911565	34162.7
5.200931973	46936.5
5.200952381	65601.5
5.200972789	91062.3
5.2010068	112627.0
5.2010136	117491.0
5.20104082	122705.0
5.20105442	126405.0
5.20107483	128004.0
5.20111565	129623.0
5.20122449	128004.0
5.2012585	121172.0
5.20129252	118299.0
5.20133333	113402.0
5.20136735	96747.6
5.20140136	80674.4
5.20144218	66811.9
5.20147619	57720.9
5.2015102	45823.6
5.20155102	39138.7
5.20158503	33011.4
5.20161905	30300.2
5.20165986	25411.0
5.20169388	20781.7
5.20172789	18181.1
5.20176871	16107.1
5.20180272	14091.4
5.20183673	12714.3
5.20187075	10529.5
5.20191157	9435.59
5.20194558	8660.64
5.20197959	7913.08
5.20202041	7131.59
5.20205442	6390.67
5.20208843	5872.5
5.20212925	5262.39
5.20216327	4603.85
5.20219728	3954.75
5.20223809	3675.86
5.20227211	3256.53
5.20230612	2918.2
5.20238095	2524.01
5.2024898	2173.11
5.20256463	1971.97
5.20263265	1832.9
5.2027415	1674.69
5.20285034	1565.51
5.20295918	1481.96
5.20306803	1402.86
5.20321088	1344.79
5.20331973	1303.93
5.20342857	1273.02
5.20353742	1242.83
5.20361224	1227.31
5.20372109	1205.07
5.20386395	1191.38
5.20404762	1169.8
5.20419048	1148.61
5.20437415	1134.26
5.20455102	1127.8
5.20484354	1120.09
5.205	1120.09
5.21	1258.55
5.210040816	1267.21
5.210122449	1286.18
5.210251701	1321.94
5.210292517	1360.24
5.210333333	1388.51
5.21037415	1418.99
5.210414966	1500.7
5.210462585	1565.51
5.210503401	1620.11
5.21052381	1690.07
5.210544218	2223.34
5.210585034	2335.32
5.21062585	2633.01
5.210639456	3030.34
5.210646259	3564.18
5.210659864	3709.61
5.210680272	4097.35
5.21070068	4494.69
5.210734694	5635.83
5.210755102	6126.11
5.21077551	6766.42
5.210789116	7976.63
5.210809524	8700.31
5.210829932	9034.65
5.210843537	11683.4
5.210863946	16783.5
5.210870748	18772.2
5.210891156	25998.4
5.210911565	34162.7
5.210931973	46936.5
5.210952381	65601.5
5.210972789	91062.3
5.2110068	112627.0
5.2110136	117491.0
5.21104082	122705.0
5.21105442	126405.0
5.21107483	128004.0
5.21111565	129623.0
5.21122449	128004.0
5.2112585	121172.0
5.21129252	118299.0
5.21133333	113402.0
5.21136735	96747.6
5.21140136	80674.4
5.21144218	66811.9
5.21147619	57720.9
5.2115102	45823.6
5.21155102	39138.7
5.21158503	33011.4
5.21161905	30300.2
5.21165986	25411.0
5.21169388	20781.7
5.21172789	18181.1
5.21176871	16107.1
5.21180272	14091.4
5.21183673	12714.3
5.21187075	10529.5
5.21191157	9435.59
5.21194558	8660.64
5.21197959	7913.08
5.21202041	7131.59
5.21205442	6390.67
5.21208843	5872.5
5.21212925	5262.39
5.21216327	4603.85
5.21219728	3954.75
5.21223809	3675.86
5.21227211	3256.53
5.21230612	2918.2
5.21238095	2524.01
5.2124898	2173.11
5.21256463	1971.97
5.21263265	1832.9
5.2127415	1674.69
5.21285034	1565.51
5.21295918	1481.96
5.21306803	1402.86
5.21321088	1344.79
5.21331973	1303.93
5.21342857	1273.02
5.21353742	1242.83
5.21361224	1227.31
5.21372109	1205.07
5.21386395	1191.38
5.21404762	1169.8
5.21419048	1148.61
5.21437415	1134.26
5.21455102	1127.8
5.21484354	1120.09
5.215	1120.09
5.22	1258.55
5.220040816	1267.21
5.220122449	1286.18
5.220251701	1321.94
5.220292517	1360.24
5.220333333	1388.51
5.22037415	1418.99
5.220414966	1500.7
5.220462585	1565.51
5.220503401	1620.11
5.22052381	1690.07
5.220544218	2223.34
5.220585034	2335.32
5.22062585	2633.01
5.220639456	3030.34
5.220646259	3564.18
5.220659864	3709.61
5.220680272	4097.35
5.22070068	4494.69
5.220734694	5635.83
5.220755102	6126.11
5.22077551	6766.42
5.220789116	7976.63
5.220809524	8700.31
5.220829932	9034.65
5.220843537	11683.4
5.220863946	16783.5
5.220870748	18772.2
5.220891156	25998.4
5.220911565	34162.7
5.220931973	46936.5
5.220952381	65601.5
5.220972789	91062.3
5.2210068	112627.0
5.2210136	117491.0
5.22104082	122705.0
5.22105442	126405.0
5.22107483	128004.0
5.22111565	129623.0
5.22122449	128004.0
5.2212585	121172.0
5.22129252	118299.0
5.22133333	113402.0
5.22136735	96747.6
5.22140136	80674.4
5.22144218	66811.9
5.22147619	57720.9
5.2215102	45823.6
5.22155102	39138.7
5.22158503	33011.4
5.22161905	30300.2
5.22165986	25411.0
5.22169388	20781.7
5.22172789	18181.1
5.22176871	16107.1
5.22180272	14091.4
5.22183673	12714.3
5.22187075	10529.5
5.22191157	9435.59
5.22194558	8660.64
5.22197959	7913.08
5.22202041	7131.59
5.22205442	6390.67
5.22208843	5872.5
5.22212925	5262.39
5.22216327	4603.85
5.22219728	3954.75
5.22223809	3675.86
5.22227211	3256.53
5.22230612	2918.2
5.22238095	2524.01
5.2224898	2173.11
5.22256463	1971.97
5.22263265	1832.9
5.2227415	1674.69
5.22285034	1565.51
5.22295918	1481.96
5.22306803	1402.86
5.22321088	1344.79
5.22331973	1303.93
5.22342857	1273.02
5.22353742	1242.83
5.22361224	1227.31
5.22372109	1205.07
5.22386395	1191.38
5.22404762	1169.8
5.22419048	1148.61
5.22437415	1134.26
5.22455102	1127.8
5.22484354	1120.09
5.225	1120.09
5.23	1258.55
5.230040816	1267.21
5.230122449	1286.18
5.230251701	1321.94
5.230292517	1360.24
5.230333333	1388.51
5.23037415	1418.99
5.230414966	1500.7
5.230462585	1565.51
5.230503401	1620.11
5.23052381	1690.07
5.230544218	2223.34
5.230585034	2335.32
5.23062585	2633.01
5.230639456	3030.34
5.230646259	3564.18
5.230659864	3709.61
5.230680272	4097.35
5.23070068	4494.69
5.230734694	5635.83
5.230755102	6126.11
5.23077551	6766.42
5.230789116	7976.63
5.230809524	8700.31
5.230829932	9034.65
5.230843537	11683.4
5.230863946	16783.5
5.230870748	18772.2
5.230891156	25998.4
5.230911565	34162.7
5.230931973	46936.5
5.230952381	65601.5
5.230972789	91062.3
5.2310068	112627.0
5.2310136	117491.0
5.23104082	122705.0
5.23105442	126405.0
5.23107483	128004.0
5.23111565	129623.0
5.23122449	128004.0
5.2312585	121172.0
5.23129252	118299.0
5.23133333	113402.0
5.23136735	96747.6
5.23140136	80674.4
5.23144218	66811.9
5.23147619	57720.9
5.2315102	45823.6
5.23155102	39138.7
5.23158503	33011.4
5.23161905	30300.2
5.23165986	25411.0
5.23169388	20781.7
5.23172789	18181.1
5.23176871	16107.1
5.23180272	14091.4
5.23183673	12714.3
5.23187075	10529.5
5.23191157	9435.59
5.23194558	8660.64
5.23197959	7913.08
5.23202041	7131.59
5.23205442	6390.67
5.23208843	5872.5
5.23212925	5262.39
5.23216327	4603.85
5.23219728	3954.75
5.23223809	3675.86
5.23227211	3256.53
5.23230612	2918.2
5.23238095	2524.01
5.2324898	2173.11
5.23256463	1971.97
5.23263265	1832.9
5.2327415	1674.69
5.23285034	1565.51
5.23295918	1481.96
5.23306803	1402.86
5.23321088	1344.79
5.23331973	1303.93
5.23342857	1273.02
5.23353742	1242.83
5.23361224	1227.31
5.23372109	1205.07
5.23386395	1191.38
5.23404762	1169.8
5.23419048	1148.61
5.23437415	1134.26
5.23455102	1127.8
5.23484354	1120.09
5.235	1120.09
5.24	1258.55
5.240040816	1267.21
5.240122449	1286.18
5.240251701	1321.94
5.240292517	1360.24
5.240333333	1388.51
5.24037415	1418.99
5.240414966	1500.7
5.240462585	1565.51
5.240503401	1620.11
5.24052381	1690.07
5.240544218	2223.34
5.240585034	2335.32
5.24062585	2633.01
5.240639456	3030.34
5.240646259	3564.18
5.240659864	3709.61
5.240680272	4097.35
5.24070068	4494.69
5.240734694	5635.83
5.240755102	6126.11
5.24077551	6766.42
5.240789116	7976.63
5.240809524	8700.31
5.240829932	9034.65
5.240843537	11683.4
5.240863946	16783.5
5.240870748	18772.2
5.240891156	25998.4
5.240911565	34162.7
5.240931973	46936.5
5.240952381	65601.5
5.240972789	91062.3
5.2410068	112627.0
5.2410136	117491.0
5.24104082	122705.0
5.24105442	126405.0
5.24107483	128004.0
5.24111565	129623.0
5.24122449	128004.0
5.2412585	121172.0
5.24129252	118299.0
5.24133333	113402.0
5.24136735	96747.6
5.24140136	80674.4
5.24144218	66811.9
5.24147619	57720.9
5.2415102	45823.6
5.24155102	39138.7
5.24158503	33011.4
5.24161905	30300.2
5.24165986	25411.0
5.24169388	20781.7
5.24172789	18181.1
5.24176871	16107.1
5.24180272	14091.4
5.24183673	12714.3
5.24187075	10529.5
5.24191157	9435.59
5.24194558	8660.64
5.24197959	7913.08
5.24202041	7131.59
5.24205442	6390.67
5.24208843	5872.5
5.24212925	5262.39
5.24216327	4603.85
5.24219728	3954.75
5.24223809	3675.86
5.24227211	3256.53
5.24230612	2918.2
5.24238095	2524.01
5.2424898	2173.11
5.24256463	1971.97
5.24263265	1832.9
5.2427415	1674.69
5.24285034	1565.51
5.24295918	1481.96
5.24306803	1402.86
5.24321088	1344.79
5.24331973	1303.93
5.24342857	1273.02
5.24353742	1242.83
5.24361224	1227.31
5.24372109	1205.07
5.24386395	1191.38
5.24404762	1169.8
5.24419048	1148.61
5.24437415	1134.26
5.24455102	1127.8
5.24484354	1120.09
5.245	1120.09
5.25	1258.55
5.250040816	1267.21
5.250122449	1286.18
5.250251701	1321.94
5.250292517	1360.24
5.250333333	1388.51
5.25037415	1418.99
5.250414966	1500.7
5.250462585	1565.51
5.250503401	1620.11
5.25052381	1690.07
5.250544218	2223.34
5.250585034	2335.32
5.25062585	2633.01
5.250639456	3030.34
5.250646259	3564.18
5.250659864	3709.61
5.250680272	4097.35
5.25070068	4494.69
5.250734694	5635.83
5.250755102	6126.11
5.25077551	6766.42
5.250789116	7976.63
5.250809524	8700.31
5.250829932	9034.65
5.250843537	11683.4
5.250863946	16783.5
5.250870748	18772.2
5.250891156	25998.4
5.250911565	34162.7
5.250931973	46936.5
5.250952381	65601.5
5.250972789	91062.3
5.2510068	112627.0
5.2510136	117491.0
5.25104082	122705.0
5.25105442	126405.0
5.25107483	128004.0
5.25111565	129623.0
5.25122449	128004.0
5.2512585	121172.0
5.25129252	118299.0
5.25133333	113402.0
5.25136735	96747.6
5.25140136	80674.4
5.25144218	66811.9
5.25147619	57720.9
5.2515102	45823.6
5.25155102	39138.7
5.25158503	33011.4
5.25161905	30300.2
5.25165986	25411.0
5.25169388	20781.7
5.25172789	18181.1
5.25176871	16107.1
5.25180272	14091.4
5.25183673	12714.3
5.25187075	10529.5
5.25191157	9435.59
5.25194558	8660.64
5.25197959	7913.08
5.25202041	7131.59
5.25205442	6390.67
5.25208843	5872.5
5.25212925	5262.39
5.25216327	4603.85
5.25219728	3954.75
5.25223809	3675.86
5.25227211	3256.53
5.25230612	2918.2
5.25238095	2524.01
5.2524898	2173.11
5.25256463	1971.97
5.25263265	1832.9
5.2527415	1674.69
5.25285034	1565.51
5.25295918	1481.96
5.25306803	1402.86
5.25321088	1344.79
5.25331973	1303.93
5.25342857	1273.02
5.25353742	1242.83
5.25361224	1227.31
5.25372109	1205.07
5.25386395	1191.38
5.25404762	1169.8
5.25419048	1148.61
5.25437415	1134.26
5.25455102	1127.8
5.25484354	1120.09
5.255	1120.09
5.26	1258.55
5.260040816	1267.21
5.260122449	1286.18
5.260251701	1321.94
5.260292517	1360.24
5.260333333	1388.51
5.26037415	1418.99
5.260414966	1500.7
5.260462585	1565.51
5.260503401	1620.11
5.26052381	1690.07
5.260544218	2223.34
5.260585034	2335.32
5.26062585	2633.01
5.260639456	3030.34
5.260646259	3564.18
5.260659864	3709.61
5.260680272	4097.35
5.26070068	4494.69
5.260734694	5635.83
5.260755102	6126.11
5.26077551	6766.42
5.260789116	7976.63
5.260809524	8700.31
5.260829932	9034.65
5.260843537	11683.4
5.260863946	16783.5
5.260870748	18772.2
5.260891156	25998.4
5.260911565	34162.7
5.260931973	46936.5
5.260952381	65601.5
5.260972789	91062.3
5.2610068	112627.0
5.2610136	117491.0
5.26104082	122705.0
5.26105442	126405.0
5.26107483	128004.0
5.26111565	129623.0
5.26122449	128004.0
5.2612585	121172.0
5.26129252	118299.0
5.26133333	113402.0
5.26136735	96747.6
5.26140136	80674.4
5.26144218	66811.9
5.26147619	57720.9
5.2615102	45823.6
5.26155102	39138.7
5.26158503	33011.4
5.26161905	30300.2
5.26165986	25411.0
5.26169388	20781.7
5.26172789	18181.1
5.26176871	16107.1
5.26180272	14091.4
5.26183673	12714.3
5.26187075	10529.5
5.26191157	9435.59
5.26194558	8660.64
5.26197959	7913.08
5.26202041	7131.59
5.26205442	6390.67
5.26208843	5872.5
5.26212925	5262.39
5.26216327	4603.85
5.26219728	3954.75
5.26223809	3675.86
5.26227211	3256.53
5.26230612	2918.2
5.26238095	2524.01
5.2624898	2173.11
5.26256463	1971.97
5.26263265	1832.9
5.2627415	1674.69
5.26285034	1565.51
5.26295918	1481.96
5.26306803	1402.86
5.26321088	1344.79
5.26331973	1303.93
5.26342857	1273.02
5.26353742	1242.83
5.26361224	1227.31
5.26372109	1205.07
5.26386395	1191.38
5.26404762	1169.8
5.26419048	1148.61
5.26437415	1134.26
5.26455102	1127.8
5.26484354	1120.09
5.265	1120.09
5.27	1258.55
5.270040816	1267.21
5.270122449	1286.18
5.270251701	1321.94
5.270292517	1360.24
5.270333333	1388.51
5.27037415	1418.99
5.270414966	1500.7
5.270462585	1565.51
5.270503401	1620.11
5.27052381	1690.07
5.270544218	2223.34
5.270585034	2335.32
5.27062585	2633.01
5.270639456	3030.34
5.270646259	3564.18
5.270659864	3709.61
5.270680272	4097.35
5.27070068	4494.69
5.270734694	5635.83
5.270755102	6126.11
5.27077551	6766.42
5.270789116	7976.63
5.270809524	8700.31
5.270829932	9034.65
5.270843537	11683.4
5.270863946	16783.5
5.270870748	18772.2
5.270891156	25998.4
5.270911565	34162.7
5.270931973	46936.5
5.270952381	65601.5
5.270972789	91062.3
5.2710068	112627.0
5.2710136	117491.0
5.27104082	122705.0
5.27105442	126405.0
5.27107483	128004.0
5.27111565	129623.0
5.27122449	128004.0
5.2712585	121172.0
5.27129252	118299.0
5.27133333	113402.0
5.27136735	96747.6
5.27140136	80674.4
5.27144218	66811.9
5.27147619	57720.9
5.2715102	45823.6
5.27155102	39138.7
5.27158503	33011.4
5.27161905	30300.2
5.27165986	25411.0
5.27169388	20781.7
5.27172789	18181.1
5.27176871	16107.1
5.27180272	14091.4
5.27183673	12714.3
5.27187075	10529.5
5.27191157	9435.59
5.27194558	8660.64
5.27197959	7913.08
5.27202041	7131.59
5.27205442	6390.67
5.27208843	5872.5
5.27212925	5262.39
5.27216327	4603.85
5.27219728	3954.75
5.27223809	3675.86
5.27227211	3256.53
5.27230612	2918.2
5.27238095	2524.01
5.2724898	2173.11
5.27256463	1971.97
5.27263265	1832.9
5.2727415	1674.69
5.27285034	1565.51
5.27295918	1481.96
5.27306803	1402.86
5.27321088	1344.79
5.27331973	1303.93
5.27342857	1273.02
5.27353742	1242.83
5.27361224	1227.31
5.27372109	1205.07
5.27386395	1191.38
5.27404762	1169.8
5.27419048	1148.61
5.27437415	1134.26
5.27455102	1127.8
5.27484354	1120.09
5.275	1120.09
5.28	1258.55
5.280040816	1267.21
5.280122449	1286.18
5.280251701	1321.94
5.280292517	1360.24
5.280333333	1388.51
5.28037415	1418.99
5.280414966	1500.7
5.280462585	1565.51
5.280503401	1620.11
5.28052381	1690.07
5.280544218	2223.34
5.280585034	2335.32
5.28062585	2633.01
5.280639456	3030.34
5.280646259	3564.18
5.280659864	3709.61
5.280680272	4097.35
5.28070068	4494.69
5.280734694	5635.83
5.280755102	6126.11
5.28077551	6766.42
5.280789116	7976.63
5.280809524	8700.31
5.280829932	9034.65
5.280843537	11683.4
5.280863946	16783.5
5.280870748	18772.2
5.280891156	25998.4
5.280911565	34162.7
5.280931973	46936.5
5.280952381	65601.5
5.280972789	91062.3
5.2810068	112627.0
5.2810136	117491.0
5.28104082	122705.0
5.28105442	126405.0
5.28107483	128004.0
5.28111565	129623.0
5.28122449	128004.0
5.2812585	121172.0
5.28129252	118299.0
5.28133333	113402.0
5.28136735	96747.6
5.28140136	80674.4
5.28144218	66811.9
5.28147619	57720.9
5.2815102	45823.6
5.28155102	39138.7
5.28158503	33011.4
5.28161905	30300.2
5.28165986	25411.0
5.28169388	20781.7
5.28172789	18181.1
5.28176871	16107.1
5.28180272	14091.4
5.28183673	12714.3
5.28187075	10529.5
5.28191157	9435.59
5.28194558	8660.64
5.28197959	7913.08
5.28202041	7131.59
5.28205442	6390.67
5.28208843	5872.5
5.28212925	5262.39
5.28216327	4603.85
5.28219728	3954.75
5.28223809	3675.86
5.28227211	3256.53
5.28230612	2918.2
5.28238095	2524.01
5.2824898	2173.11
5.28256463	1971.97
5.28263265	1832.9
5.2827415	1674.69
5.28285034	1565.51
5.28295918	1481.96
5.28306803	1402.86
5.28321088	1344.79
5.28331973	1303.93
5.28342857	1273.02
5.28353742	1242.83
5.28361224	1227.31
5.28372109	1205.07
5.28386395	1191.38
5.28404762	1169.8
5.28419048	1148.61
5.28437415	1134.26
5.28455102	1127.8
5.28484354	1120.09
5.285	1120.09
5.29	1258.55
5.290040816	1267.21
5.290122449	1286.18
5.290251701	1321.94
5.290292517	1360.24
5.290333333	1388.51
5.29037415	1418.99
5.290414966	1500.7
5.290462585	1565.51
5.290503401	1620.11
5.29052381	1690.07
5.290544218	2223.34
5.290585034	2335.32
5.29062585	2633.01
5.290639456	3030.34
5.290646259	3564.18
5.290659864	3709.61
5.290680272	4097.35
5.29070068	4494.69
5.290734694	5635.83
5.290755102	6126.11
5.29077551	6766.42
5.290789116	7976.63
5.290809524	8700.31
5.290829932	9034.65
5.290843537	11683.4
5.290863946	16783.5
5.290870748	18772.2
5.290891156	25998.4
5.290911565	34162.7
5.290931973	46936.5
5.290952381	65601.5
5.290972789	91062.3
5.2910068	112627.0
5.2910136	117491.0
5.29104082	122705.0
5.29105442	126405.0
5.29107483	128004.0
5.29111565	129623.0
5.29122449	128004.0
5.2912585	121172.0
5.29129252	118299.0
5.29133333	113402.0
5.29136735	96747.6
5.29140136	80674.4
5.29144218	66811.9
5.29147619	57720.9
5.2915102	45823.6
5.29155102	39138.7
5.29158503	33011.4
5.29161905	30300.2
5.29165986	25411.0
5.29169388	20781.7
5.29172789	18181.1
5.29176871	16107.1
5.29180272	14091.4
5.29183673	12714.3
5.29187075	10529.5
5.29191157	9435.59
5.29194558	8660.64
5.29197959	7913.08
5.29202041	7131.59
5.29205442	6390.67
5.29208843	5872.5
5.29212925	5262.39
5.29216327	4603.85
5.29219728	3954.75
5.29223809	3675.86
5.29227211	3256.53
5.29230612	2918.2
5.29238095	2524.01
5.2924898	2173.11
5.29256463	1971.97
5.29263265	1832.9
5.2927415	1674.69
5.29285034	1565.51
5.29295918	1481.96
5.29306803	1402.86
5.29321088	1344.79
5.29331973	1303.93
5.29342857	1273.02
5.29353742	1242.83
5.29361224	1227.31
5.29372109	1205.07
5.29386395	1191.38
5.29404762	1169.8
5.29419048	1148.61
5.29437415	1134.26
5.29455102	1127.8
5.29484354	1120.09
5.295	1120.09
5.3	1258.55
5.300040816	1267.21
5.300122449	1286.18
5.300251701	1321.94
5.300292517	1360.24
5.300333333	1388.51
5.30037415	1418.99
5.300414966	1500.7
5.300462585	1565.51
5.300503401	1620.11
5.30052381	1690.07
5.300544218	2223.34
5.300585034	2335.32
5.30062585	2633.01
5.300639456	3030.34
5.300646259	3564.18
5.300659864	3709.61
5.300680272	4097.35
5.30070068	4494.69
5.300734694	5635.83
5.300755102	6126.11
5.30077551	6766.42
5.300789116	7976.63
5.300809524	8700.31
5.300829932	9034.65
5.300843537	11683.4
5.300863946	16783.5
5.300870748	18772.2
5.300891156	25998.4
5.300911565	34162.7
5.300931973	46936.5
5.300952381	65601.5
5.300972789	91062.3
5.3010068	112627.0
5.3010136	117491.0
5.30104082	122705.0
5.30105442	126405.0
5.30107483	128004.0
5.30111565	129623.0
5.30122449	128004.0
5.3012585	121172.0
5.30129252	118299.0
5.30133333	113402.0
5.30136735	96747.6
5.30140136	80674.4
5.30144218	66811.9
5.30147619	57720.9
5.3015102	45823.6
5.30155102	39138.7
5.30158503	33011.4
5.30161905	30300.2
5.30165986	25411.0
5.30169388	20781.7
5.30172789	18181.1
5.30176871	16107.1
5.30180272	14091.4
5.30183673	12714.3
5.30187075	10529.5
5.30191157	9435.59
5.30194558	8660.64
5.30197959	7913.08
5.30202041	7131.59
5.30205442	6390.67
5.30208843	5872.5
5.30212925	5262.39
5.30216327	4603.85
5.30219728	3954.75
5.30223809	3675.86
5.30227211	3256.53
5.30230612	2918.2
5.30238095	2524.01
5.3024898	2173.11
5.30256463	1971.97
5.30263265	1832.9
5.3027415	1674.69
5.30285034	1565.51
5.30295918	1481.96
5.30306803	1402.86
5.30321088	1344.79
5.30331973	1303.93
5.30342857	1273.02
5.30353742	1242.83
5.30361224	1227.31
5.30372109	1205.07
5.30386395	1191.38
5.30404762	1169.8
5.30419048	1148.61
5.30437415	1134.26
5.30455102	1127.8
5.30484354	1120.09
5.305	1120.09
5.31	1258.55
5.310040816	1267.21
5.310122449	1286.18
5.310251701	1321.94
5.310292517	1360.24
5.310333333	1388.51
5.31037415	1418.99
5.310414966	1500.7
5.310462585	1565.51
5.310503401	1620.11
5.31052381	1690.07
5.310544218	2223.34
5.310585034	2335.32
5.31062585	2633.01
5.310639456	3030.34
5.310646259	3564.18
5.310659864	3709.61
5.310680272	4097.35
5.31070068	4494.69
5.310734694	5635.83
5.310755102	6126.11
5.31077551	6766.42
5.310789116	7976.63
5.310809524	8700.31
5.310829932	9034.65
5.310843537	11683.4
5.310863946	16783.5
5.310870748	18772.2
5.310891156	25998.4
5.310911565	34162.7
5.310931973	46936.5
5.310952381	65601.5
5.310972789	91062.3
5.3110068	112627.0
5.3110136	117491.0
5.31104082	122705.0
5.31105442	126405.0
5.31107483	128004.0
5.31111565	129623.0
5.31122449	128004.0
5.3112585	121172.0
5.31129252	118299.0
5.31133333	113402.0
5.31136735	96747.6
5.31140136	80674.4
5.31144218	66811.9
5.31147619	57720.9
5.3115102	45823.6
5.31155102	39138.7
5.31158503	33011.4
5.31161905	30300.2
5.31165986	25411.0
5.31169388	20781.7
5.31172789	18181.1
5.31176871	16107.1
5.31180272	14091.4
5.31183673	12714.3
5.31187075	10529.5
5.31191157	9435.59
5.31194558	8660.64
5.31197959	7913.08
5.31202041	7131.59
5.31205442	6390.67
5.31208843	5872.5
5.31212925	5262.39
5.31216327	4603.85
5.31219728	3954.75
5.31223809	3675.86
5.31227211	3256.53
5.31230612	2918.2
5.31238095	2524.01
5.3124898	2173.11
5.31256463	1971.97
5.31263265	1832.9
5.3127415	1674.69
5.31285034	1565.51
5.31295918	1481.96
5.31306803	1402.86
5.31321088	1344.79
5.31331973	1303.93
5.31342857	1273.02
5.31353742	1242.83
5.31361224	1227.31
5.31372109	1205.07
5.31386395	1191.38
5.31404762	1169.8
5.31419048	1148.61
5.31437415	1134.26
5.31455102	1127.8
5.31484354	1120.09
5.315	1120.09
5.32	1258.55
5.320040816	1267.21
5.320122449	1286.18
5.320251701	1321.94
5.320292517	1360.24
5.320333333	1388.51
5.32037415	1418.99
5.320414966	1500.7
5.320462585	1565.51
5.320503401	1620.11
5.32052381	1690.07
5.320544218	2223.34
5.320585034	2335.32
5.32062585	2633.01
5.320639456	3030.34
5.320646259	3564.18
5.320659864	3709.61
5.320680272	4097.35
5.32070068	4494.69
5.320734694	5635.83
5.320755102	6126.11
5.32077551	6766.42
5.320789116	7976.63
5.320809524	8700.31
5.320829932	9034.65
5.320843537	11683.4
5.320863946	16783.5
5.320870748	18772.2
5.320891156	25998.4
5.320911565	34162.7
5.320931973	46936.5
5.320952381	65601.5
5.320972789	91062.3
5.3210068	112627.0
5.3210136	117491.0
5.32104082	122705.0
5.32105442	126405.0
5.32107483	128004.0
5.32111565	129623.0
5.32122449	128004.0
5.3212585	121172.0
5.32129252	118299.0
5.32133333	113402.0
5.32136735	96747.6
5.32140136	80674.4
5.32144218	66811.9
5.32147619	57720.9
5.3215102	45823.6
5.32155102	39138.7
5.32158503	33011.4
5.32161905	30300.2
5.32165986	25411.0
5.32169388	20781.7
5.32172789	18181.1
5.32176871	16107.1
5.32180272	14091.4
5.32183673	12714.3
5.32187075	10529.5
5.32191157	9435.59
5.32194558	8660.64
5.32197959	7913.08
5.32202041	7131.59
5.32205442	6390.67
5.32208843	5872.5
5.32212925	5262.39
5.32216327	4603.85
5.32219728	3954.75
5.32223809	3675.86
5.32227211	3256.53
5.32230612	2918.2
5.32238095	2524.01
5.3224898	2173.11
5.32256463	1971.97
5.32263265	1832.9
5.3227415	1674.69
5.32285034	1565.51
5.32295918	1481.96
5.32306803	1402.86
5.32321088	1344.79
5.32331973	1303.93
5.32342857	1273.02
5.32353742	1242.83
5.32361224	1227.31
5.32372109	1205.07
5.32386395	1191.38
5.32404762	1169.8
5.32419048	1148.61
5.32437415	1134.26
5.32455102	1127.8
5.32484354	1120.09
5.325	1120.09
5.33	1258.55
5.330040816	1267.21
5.330122449	1286.18
5.330251701	1321.94
5.330292517	1360.24
5.330333333	1388.51
5.33037415	1418.99
5.330414966	1500.7
5.330462585	1565.51
5.330503401	1620.11
5.33052381	1690.07
5.330544218	2223.34
5.330585034	2335.32
5.33062585	2633.01
5.330639456	3030.34
5.330646259	3564.18
5.330659864	3709.61
5.330680272	4097.35
5.33070068	4494.69
5.330734694	5635.83
5.330755102	6126.11
5.33077551	6766.42
5.330789116	7976.63
5.330809524	8700.31
5.330829932	9034.65
5.330843537	11683.4
5.330863946	16783.5
5.330870748	18772.2
5.330891156	25998.4
5.330911565	34162.7
5.330931973	46936.5
5.330952381	65601.5
5.330972789	91062.3
5.3310068	112627.0
5.3310136	117491.0
5.33104082	122705.0
5.33105442	126405.0
5.33107483	128004.0
5.33111565	129623.0
5.33122449	128004.0
5.3312585	121172.0
5.33129252	118299.0
5.33133333	113402.0
5.33136735	96747.6
5.33140136	80674.4
5.33144218	66811.9
5.33147619	57720.9
5.3315102	45823.6
5.33155102	39138.7
5.33158503	33011.4
5.33161905	30300.2
5.33165986	25411.0
5.33169388	20781.7
5.33172789	18181.1
5.33176871	16107.1
5.33180272	14091.4
5.33183673	12714.3
5.33187075	10529.5
5.33191157	9435.59
5.33194558	8660.64
5.33197959	7913.08
5.33202041	7131.59
5.33205442	6390.67
5.33208843	5872.5
5.33212925	5262.39
5.33216327	4603.85
5.33219728	3954.75
5.33223809	3675.86
5.33227211	3256.53
5.33230612	2918.2
5.33238095	2524.01
5.3324898	2173.11
5.33256463	1971.97
5.33263265	1832.9
5.3327415	1674.69
5.33285034	1565.51
5.33295918	1481.96
5.33306803	1402.86
5.33321088	1344.79
5.33331973	1303.93
5.33342857	1273.02
5.33353742	1242.83
5.33361224	1227.31
5.33372109	1205.07
5.33386395	1191.38
5.33404762	1169.8
5.33419048	1148.61
5.33437415	1134.26
5.33455102	1127.8
5.33484354	1120.09
5.335	1120.09
5.34	1258.55
5.340040816	1267.21
5.340122449	1286.18
5.340251701	1321.94
5.340292517	1360.24
5.340333333	1388.51
5.34037415	1418.99
5.340414966	1500.7
5.340462585	1565.51
5.340503401	1620.11
5.34052381	1690.07
5.340544218	2223.34
5.340585034	2335.32
5.34062585	2633.01
5.340639456	3030.34
5.340646259	3564.18
5.340659864	3709.61
5.340680272	4097.35
5.34070068	4494.69
5.340734694	5635.83
5.340755102	6126.11
5.34077551	6766.42
5.340789116	7976.63
5.340809524	8700.31
5.340829932	9034.65
5.340843537	11683.4
5.340863946	16783.5
5.340870748	18772.2
5.340891156	25998.4
5.340911565	34162.7
5.340931973	46936.5
5.340952381	65601.5
5.340972789	91062.3
5.3410068	112627.0
5.3410136	117491.0
5.34104082	122705.0
5.34105442	126405.0
5.34107483	128004.0
5.34111565	129623.0
5.34122449	128004.0
5.3412585	121172.0
5.34129252	118299.0
5.34133333	113402.0
5.34136735	96747.6
5.34140136	80674.4
5.34144218	66811.9
5.34147619	57720.9
5.3415102	45823.6
5.34155102	39138.7
5.34158503	33011.4
5.34161905	30300.2
5.34165986	25411.0
5.34169388	20781.7
5.34172789	18181.1
5.34176871	16107.1
5.34180272	14091.4
5.34183673	12714.3
5.34187075	10529.5
5.34191157	9435.59
5.34194558	8660.64
5.34197959	7913.08
5.34202041	7131.59
5.34205442	6390.67
5.34208843	5872.5
5.34212925	5262.39
5.34216327	4603.85
5.34219728	3954.75
5.34223809	3675.86
5.34227211	3256.53
5.34230612	2918.2
5.34238095	2524.01
5.3424898	2173.11
5.34256463	1971.97
5.34263265	1832.9
5.3427415	1674.69
5.34285034	1565.51
5.34295918	1481.96
5.34306803	1402.86
5.34321088	1344.79
5.34331973	1303.93
5.34342857	1273.02
5.34353742	1242.83
5.34361224	1227.31
5.34372109	1205.07
5.34386395	1191.38
5.34404762	1169.8
5.34419048	1148.61
5.34437415	1134.26
5.34455102	1127.8
5.34484354	1120.09
5.345	1120.09
5.35	1258.55
5.350040816	1267.21
5.350122449	1286.18
5.350251701	1321.94
5.350292517	1360.24
5.350333333	1388.51
5.35037415	1418.99
5.350414966	1500.7
5.350462585	1565.51
5.350503401	1620.11
5.35052381	1690.07
5.350544218	2223.34
5.350585034	2335.32
5.35062585	2633.01
5.350639456	3030.34
5.350646259	3564.18
5.350659864	3709.61
5.350680272	4097.35
5.35070068	4494.69
5.350734694	5635.83
5.350755102	6126.11
5.35077551	6766.42
5.350789116	7976.63
5.350809524	8700.31
5.350829932	9034.65
5.350843537	11683.4
5.350863946	16783.5
5.350870748	18772.2
5.350891156	25998.4
5.350911565	34162.7
5.350931973	46936.5
5.350952381	65601.5
5.350972789	91062.3
5.3510068	112627.0
5.3510136	117491.0
5.35104082	122705.0
5.35105442	126405.0
5.35107483	128004.0
5.35111565	129623.0
5.35122449	128004.0
5.3512585	121172.0
5.35129252	118299.0
5.35133333	113402.0
5.35136735	96747.6
5.35140136	80674.4
5.35144218	66811.9
5.35147619	57720.9
5.3515102	45823.6
5.35155102	39138.7
5.35158503	33011.4
5.35161905	30300.2
5.35165986	25411.0
5.35169388	20781.7
5.35172789	18181.1
5.35176871	16107.1
5.35180272	14091.4
5.35183673	12714.3
5.35187075	10529.5
5.35191157	9435.59
5.35194558	8660.64
5.35197959	7913.08
5.35202041	7131.59
5.35205442	6390.67
5.35208843	5872.5
5.35212925	5262.39
5.35216327	4603.85
5.35219728	3954.75
5.35223809	3675.86
5.35227211	3256.53
5.35230612	2918.2
5.35238095	2524.01
5.3524898	2173.11
5.35256463	1971.97
5.35263265	1832.9
5.3527415	1674.69
5.35285034	1565.51
5.35295918	1481.96
5.35306803	1402.86
5.35321088	1344.79
5.35331973	1303.93
5.35342857	1273.02
5.35353742	1242.83
5.35361224	1227.31
5.35372109	1205.07
5.35386395	1191.38
5.35404762	1169.8
5.35419048	1148.61
5.35437415	1134.26
5.35455102	1127.8
5.35484354	1120.09
5.355	1120.09
5.36	1258.55
5.360040816	1267.21
5.360122449	1286.18
5.360251701	1321.94
5.360292517	1360.24
5.360333333	1388.51
5.36037415	1418.99
5.360414966	1500.7
5.360462585	1565.51
5.360503401	1620.11
5.36052381	1690.07
5.360544218	2223.34
5.360585034	2335.32
5.36062585	2633.01
5.360639456	3030.34
5.360646259	3564.18
5.360659864	3709.61
5.360680272	4097.35
5.36070068	4494.69
5.360734694	5635.83
5.360755102	6126.11
5.36077551	6766.42
5.360789116	7976.63
5.360809524	8700.31
5.360829932	9034.65
5.360843537	11683.4
5.360863946	16783.5
5.360870748	18772.2
5.360891156	25998.4
5.360911565	34162.7
5.360931973	46936.5
5.360952381	65601.5
5.360972789	91062.3
5.3610068	112627.0
5.3610136	117491.0
5.36104082	122705.0
5.36105442	126405.0
5.36107483	128004.0
5.36111565	129623.0
5.36122449	128004.0
5.3612585	121172.0
5.36129252	118299.0
5.36133333	113402.0
5.36136735	96747.6
5.36140136	80674.4
5.36144218	66811.9
5.36147619	57720.9
5.3615102	45823.6
5.36155102	39138.7
5.36158503	33011.4
5.36161905	30300.2
5.36165986	25411.0
5.36169388	20781.7
5.36172789	18181.1
5.36176871	16107.1
5.36180272	14091.4
5.36183673	12714.3
5.36187075	10529.5
5.36191157	9435.59
5.36194558	8660.64
5.36197959	7913.08
5.36202041	7131.59
5.36205442	6390.67
5.36208843	5872.5
5.36212925	5262.39
5.36216327	4603.85
5.36219728	3954.75
5.36223809	3675.86
5.36227211	3256.53
5.36230612	2918.2
5.36238095	2524.01
5.3624898	2173.11
5.36256463	1971.97
5.36263265	1832.9
5.3627415	1674.69
5.36285034	1565.51
5.36295918	1481.96
5.36306803	1402.86
5.36321088	1344.79
5.36331973	1303.93
5.36342857	1273.02
5.36353742	1242.83
5.36361224	1227.31
5.36372109	1205.07
5.36386395	1191.38
5.36404762	1169.8
5.36419048	1148.61
5.36437415	1134.26
5.36455102	1127.8
5.36484354	1120.09
5.365	1120.09
5.37	1258.55
5.370040816	1267.21
5.370122449	1286.18
5.370251701	1321.94
5.370292517	1360.24
5.370333333	1388.51
5.37037415	1418.99
5.370414966	1500.7
5.370462585	1565.51
5.370503401	1620.11
5.37052381	1690.07
5.370544218	2223.34
5.370585034	2335.32
5.37062585	2633.01
5.370639456	3030.34
5.370646259	3564.18
5.370659864	3709.61
5.370680272	4097.35
5.37070068	4494.69
5.370734694	5635.83
5.370755102	6126.11
5.37077551	6766.42
5.370789116	7976.63
5.370809524	8700.31
5.370829932	9034.65
5.370843537	11683.4
5.370863946	16783.5
5.370870748	18772.2
5.370891156	25998.4
5.370911565	34162.7
5.370931973	46936.5
5.370952381	65601.5
5.370972789	91062.3
5.3710068	112627.0
5.3710136	117491.0
5.37104082	122705.0
5.37105442	126405.0
5.37107483	128004.0
5.37111565	129623.0
5.37122449	128004.0
5.3712585	121172.0
5.37129252	118299.0
5.37133333	113402.0
5.37136735	96747.6
5.37140136	80674.4
5.37144218	66811.9
5.37147619	57720.9
5.3715102	45823.6
5.37155102	39138.7
5.37158503	33011.4
5.37161905	30300.2
5.37165986	25411.0
5.37169388	20781.7
5.37172789	18181.1
5.37176871	16107.1
5.37180272	14091.4
5.37183673	12714.3
5.37187075	10529.5
5.37191157	9435.59
5.37194558	8660.64
5.37197959	7913.08
5.37202041	7131.59
5.37205442	6390.67
5.37208843	5872.5
5.37212925	5262.39
5.37216327	4603.85
5.37219728	3954.75
5.37223809	3675.86
5.37227211	3256.53
5.37230612	2918.2
5.37238095	2524.01
5.3724898	2173.11
5.37256463	1971.97
5.37263265	1832.9
5.3727415	1674.69
5.37285034	1565.51
5.37295918	1481.96
5.37306803	1402.86
5.37321088	1344.79
5.37331973	1303.93
5.37342857	1273.02
5.37353742	1242.83
5.37361224	1227.31
5.37372109	1205.07
5.37386395	1191.38
5.37404762	1169.8
5.37419048	1148.61
5.37437415	1134.26
5.37455102	1127.8
5.37484354	1120.09
5.375	1120.09
5.38	1258.55
5.380040816	1267.21
5.380122449	1286.18
5.380251701	1321.94
5.380292517	1360.24
5.380333333	1388.51
5.38037415	1418.99
5.380414966	1500.7
5.380462585	1565.51
5.380503401	1620.11
5.38052381	1690.07
5.380544218	2223.34
5.380585034	2335.32
5.38062585	2633.01
5.380639456	3030.34
5.380646259	3564.18
5.380659864	3709.61
5.380680272	4097.35
5.38070068	4494.69
5.380734694	5635.83
5.380755102	6126.11
5.38077551	6766.42
5.380789116	7976.63
5.380809524	8700.31
5.380829932	9034.65
5.380843537	11683.4
5.380863946	16783.5
5.380870748	18772.2
5.380891156	25998.4
5.380911565	34162.7
5.380931973	46936.5
5.380952381	65601.5
5.380972789	91062.3
5.3810068	112627.0
5.3810136	117491.0
5.38104082	122705.0
5.38105442	126405.0
5.38107483	128004.0
5.38111565	129623.0
5.38122449	128004.0
5.3812585	121172.0
5.38129252	118299.0
5.38133333	113402.0
5.38136735	96747.6
5.38140136	80674.4
5.38144218	66811.9
5.38147619	57720.9
5.3815102	45823.6
5.38155102	39138.7
5.38158503	33011.4
5.38161905	30300.2
5.38165986	25411.0
5.38169388	20781.7
5.38172789	18181.1
5.38176871	16107.1
5.38180272	14091.4
5.38183673	12714.3
5.38187075	10529.5
5.38191157	9435.59
5.38194558	8660.64
5.38197959	7913.08
5.38202041	7131.59
5.38205442	6390.67
5.38208843	5872.5
5.38212925	5262.39
5.38216327	4603.85
5.38219728	3954.75
5.38223809	3675.86
5.38227211	3256.53
5.38230612	2918.2
5.38238095	2524.01
5.3824898	2173.11
5.38256463	1971.97
5.38263265	1832.9
5.3827415	1674.69
5.38285034	1565.51
5.38295918	1481.96
5.38306803	1402.86
5.38321088	1344.79
5.38331973	1303.93
5.38342857	1273.02
5.38353742	1242.83
5.38361224	1227.31
5.38372109	1205.07
5.38386395	1191.38
5.38404762	1169.8
5.38419048	1148.61
5.38437415	1134.26
5.38455102	1127.8
5.38484354	1120.09
5.385	1120.09
